X,Y
0,764.515803450808
0.00100000000020373,833.253455876635
0.00200000000018008,864.983159798071
0.00300000000015643,863.901768513818
0.00400000000013279,838.874539540313
0.00500000000010914,801.366241171681
0.00600000000008549,763.000327533377
0.00700000000006185,732.583105442611
0.0080000000000382,716.65702884806
0.00900000000001455,717.064357914887
0.0100000000002183,731.693036462361
0.0110000000001946,755.543173545375
0.012000000000171,782.253607389879
0.0130000000001473,805.024737926758
0.0140000000001237,820.129935657253
0.0150000000001,825.898065220966
0.0160000000000764,823.237982143952
0.0170000000000528,815.035654277913
0.0180000000000291,805.106203013252
0.0190000000000055,796.375381062459
0.0200000000002092,792.124125124555
0.0210000000001855,793.631348785142
0.0220000000001619,800.553184171053
0.0230000000001382,811.222235346657
0.0240000000001146,823.192581533575
0.0250000000000909,833.268031411521
0.0260000000000673,840.271671144388
0.0270000000000437,843.614356557994
0.02800000000002,843.811978560989
0.0290000000002237,842.203156323455
0.0300000000002001,840.423011790677
0.0310000000001764,839.254198692739
0.0320000000001528,840.361841161129
0.0330000000001291,844.265839373621
0.0340000000001055,850.790734178205
0.0350000000000819,859.188098401291
0.0360000000000582,868.309875294774
0.0370000000000346,876.273731453785
0.0380000000000109,882.863578417328
0.0390000000002146,887.847410131211
0.040000000000191,891.46051894035
0.0410000000001673,894.253934216225
0.0420000000001437,896.798174430684
0.0430000000001201,898.877646025969
0.0440000000000964,901.513384539987
0.0450000000000728,905.03872178929
0.0460000000000491,909.58603799053
0.0470000000000255,915.097921893219
0.0480000000000018,921.273425620423
0.0490000000002055,927.04322582295
0.0500000000001819,932.844740694565
0.0510000000001583,938.733565619382
0.0520000000001346,944.874363117643
0.053000000000111,951.455262557992
0.0540000000000873,958.48536943981
0.0550000000000637,965.168866087943
0.05600000000004,972.129857425113
0.0570000000000164,979.451071346549
0.0580000000002201,987.197968130155
0.0590000000001965,995.379230776763
0.0600000000001728,1003.71752449125
0.0610000000001492,1011.04287920888
0.0620000000001255,1018.33162440022
0.0630000000001019,1025.51391190365
0.0640000000000782,1032.51437752749
0.0650000000000546,1039.26161949953
0.0660000000000309,1045.47470549771
0.0670000000000073,1050.13133177399
0.068000000000211,1054.47381703727
0.0690000000001874,1058.76780009617
0.0700000000001637,1063.28374183696
0.0710000000001401,1068.23158193581
0.0720000000001164,1073.45738632017
0.0730000000000928,1077.94076413174
0.0740000000000691,1082.73158827868
0.0750000000000455,1087.75684646369
0.0760000000000218,1092.8728055732
0.0770000000002256,1097.88681981401
0.0780000000002019,1102.32061544926
0.0790000000001783,1105.05878936897
0.0800000000001546,1107.20642169663
0.081000000000131,1108.94075714204
0.0820000000001073,1110.51053550629
0.0830000000000837,1112.18441703511
0.08400000000006,1113.91114435483
0.0850000000000364,1114.97661617606
0.0860000000000127,1116.66208510476
0.0870000000002165,1119.15727752405
0.0880000000001928,1122.55507715302
0.0890000000001692,1126.84327390266
0.0900000000001455,1131.61004493634
0.0910000000001219,1135.85523643375
0.0920000000000982,1140.54213718546
0.0930000000000746,1145.64807049268
0.0940000000000509,1151.15278278369
0.0950000000000273,1157.02794839165
0.0960000000000036,1162.91741742187
0.0970000000002074,1168.02485251839
0.0980000000001837,1173.43021115594
0.0990000000001601,1179.27308924895
0.100000000000136,1185.69988869576
0.101000000000113,1192.84810391298
0.102000000000089,1200.5049055724
0.103000000000065,1208.06497859671
0.104000000000042,1216.61830246178
0.105000000000018,1226.2269575935
0.106000000000222,1236.81656862167
0.107000000000198,1248.15553762393
0.108000000000175,1259.51784857489
0.109000000000151,1269.78150245376
0.110000000000127,1279.51117447839
0.111000000000104,1288.37965675979
0.11200000000008,1296.15684563798
0.113000000000056,1302.76001197371
0.114000000000033,1307.90933119735
0.115000000000009,1311.26698059938
0.116000000000213,1314.34376361707
0.117000000000189,1317.77260689904
0.118000000000166,1322.13613265046
0.119000000000142,1327.86106220099
0.120000000000118,1334.74069688156
0.121000000000095,1342.1287473403
0.122000000000071,1350.78789982184
0.123000000000047,1360.31830066012
0.124000000000024,1370.16765754903
0.125,1379.72439493472
0.126000000000204,1387.98929465403
0.12700000000018,1393.98203998528
0.128000000000156,1398.53904543937
0.129000000000133,1401.71575485688
0.130000000000109,1403.68958948516
0.131000000000085,1404.69690233548
0.132000000000062,1404.5093375513
0.133000000000038,1402.79691071264
0.134000000000015,1400.77125276915
0.135000000000218,1398.57882510386
0.136000000000195,1396.25759402352
0.137000000000171,1393.76348339857
0.138000000000147,1390.48650204537
0.139000000000124,1385.81784807851
0.1400000000001,1380.93296042095
0.141000000000076,1376.02467085893
0.142000000000053,1371.26910210209
0.143000000000029,1366.76557418654
0.144000000000005,1361.79482752387
0.145000000000209,1355.48729525149
0.146000000000186,1349.06631435997
0.147000000000162,1342.4793795916
0.148000000000138,1335.58555718917
0.149000000000115,1328.14174730593
0.150000000000091,1318.85523353631
0.151000000000067,1306.40083007032
0.152000000000044,1292.50284847276
0.15300000000002,1277.59547138188
0.154000000000224,1262.2595625447
0.1550000000002,1247.09237612654
0.156000000000176,1231.58635734739
0.157000000000153,1215.17456103868
0.158000000000129,1199.96061651998
0.159000000000106,1186.51473143051
0.160000000000082,1175.31883979475
0.161000000000058,1166.72236103471
0.162000000000035,1160.32202128022
0.163000000000011,1155.82014783739
0.164000000000215,1154.0428515364
0.165000000000191,1154.68057233702
0.166000000000167,1157.23553892042
0.167000000000144,1161.10115220782
0.16800000000012,1165.36426621944
0.169000000000096,1169.57239636927
0.170000000000073,1173.7431989277
0.171000000000049,1177.37266640214
0.172000000000025,1180.04550926893
0.173000000000002,1181.51400491552
0.174000000000206,1181.44188360153
0.175000000000182,1180.16920643683
0.176000000000158,1178.54866097672
0.177000000000135,1176.86386545951
0.178000000000111,1175.35232732013
0.179000000000087,1174.21327343368
0.180000000000064,1173.2975808249
0.18100000000004,1172.92878595057
0.182000000000016,1173.69414421802
0.18300000000022,1175.46091758146
0.184000000000196,1177.97926051399
0.185000000000173,1180.98367762305
0.186000000000149,1183.75441530434
0.187000000000126,1186.36416788304
0.188000000000102,1189.87063796456
0.189000000000078,1194.74146934117
0.190000000000055,1201.59240196108
0.191000000000031,1211.17067874876
0.192000000000007,1223.48759527
0.193000000000211,1239.42289560511
0.194000000000187,1261.25564781479
0.195000000000164,1290.34571414695
0.19600000000014,1328.10469506503
0.197000000000116,1375.98307681641
0.198000000000093,1434.56118550436
0.199000000000069,1505.25993425708
0.200000000000045,1590.67594914002
0.201000000000022,1692.17497359003
0.202000000000226,1810.62741291064
0.203000000000202,1946.10608573384
0.204000000000178,2096.71099154033
0.205000000000155,2259.9703273038
0.206000000000131,2432.73586378356
0.207000000000107,2609.08227649229
0.208000000000084,2781.21542178324
0.20900000000006,2939.73068432762
0.210000000000036,3073.28405372888
0.211000000000013,3171.11039242399
0.212000000000216,3223.954578433
0.213000000000193,3223.27703709529
0.214000000000169,3163.06494072672
0.215000000000146,3040.6737228424
0.216000000000122,2856.56104260892
0.217000000000098,2616.35828928283
0.218000000000075,2330.61397749325
0.219000000000051,2012.47468859195
0.220000000000027,1677.45488337916
0.221000000000004,1342.1176804104
0.222000000000207,1021.72803696943
0.223000000000184,730.699665831058
0.22400000000016,481.15628074567
0.225000000000136,280.372842693072
0.226000000000113,131.024153879932
0.227000000000089,31.1914070742603
0.228000000000065,-26.0223526375686
0.229000000000042,-49.460164108745
0.230000000000018,-48.8822483325447
0.231000000000222,-35.052535345729
0.232000000000198,-17.5817928655636
0.233000000000175,-3.75258708324214
0.234000000000151,1.33212795173592
0.235000000000127,-2.7580725554178
0.236000000000104,-12.3989477339036
0.23700000000008,-22.0183825108882
0.238000000000056,-24.3711980901177
0.239000000000033,-11.7560996052207
0.240000000000009,21.7816151434567
0.241000000000213,81.6059959073284
0.242000000000189,171.103479293207
0.243000000000166,289.908266026041
0.244000000000142,434.595862196903
0.245000000000118,599.059006733858
0.246000000000095,774.212453186288
0.247000000000071,951.247075252598
0.248000000000047,1121.85686559453
0.249000000000024,1277.88069807674
0.25,1412.71403456984
0.251000000000204,1521.78818089392
0.25200000000018,1601.73823628383
0.253000000000156,1652.87021858441
0.254000000000133,1677.96346574777
0.255000000000109,1680.62469597315
0.256000000000085,1665.42098368626
0.257000000000062,1637.31225924617
0.258000000000038,1600.00429160267
0.259000000000015,1558.37502531818
0.260000000000218,1516.96576341578
0.261000000000195,1478.68457259812
0.262000000000171,1445.48984110359
0.263000000000147,1418.45434610514
0.264000000000124,1396.53099879447
0.2650000000001,1380.30706740618
0.266000000000076,1370.22059999263
0.267000000000053,1365.56121956837
0.268000000000029,1365.45697969792
0.269000000000005,1368.98306489196
0.270000000000209,1373.49614207223
0.271000000000186,1379.47191229376
0.272000000000162,1387.42509336351
0.273000000000138,1396.75862694994
0.274000000000115,1406.89311183841
0.275000000000091,1417.34354689715
0.276000000000067,1425.98897001016
0.277000000000044,1434.03040790239
0.27800000000002,1442.65159835869
0.279000000000224,1451.94405270862
0.2800000000002,1461.9029339271
0.281000000000176,1472.42151985986
0.282000000000153,1482.06846634878
0.283000000000129,1491.22077838182
0.284000000000106,1500.36719909211
0.285000000000082,1509.34486109957
0.286000000000058,1517.91128415289
0.287000000000035,1525.74813213733
0.288000000000011,1531.65357672335
0.289000000000215,1535.47999156761
0.290000000000191,1537.62422062785
0.291000000000167,1538.38348367295
0.292000000000144,1538.16403109266
0.29300000000012,1537.35026522337
0.294000000000096,1535.32818168745
0.295000000000073,1532.43590731874
0.296000000000049,1529.29614886554
0.297000000000025,1526.23739209463
0.298000000000002,1523.56000420869
0.299000000000206,1521.493740876
0.300000000000182,1519.26084805477
0.301000000000158,1517.21008479775
0.302000000000135,1516.02652198332
0.303000000000111,1516.15432015483
0.304000000000087,1517.97832149127
0.305000000000064,1521.69525567329
0.30600000000004,1526.00980922485
0.307000000000016,1531.24367864391
0.30800000000022,1537.59768059403
0.309000000000196,1544.77069388348
0.310000000000173,1552.40333805187
0.311000000000149,1560.09479239774
0.312000000000126,1565.83605469087
0.313000000000102,1570.42819932638
0.314000000000078,1574.41794843389
0.315000000000055,1577.86023344997
0.316000000000031,1580.8468127223
0.317000000000007,1583.46760679831
0.318000000000211,1584.13249123847
0.319000000000187,1584.15430198109
0.320000000000164,1584.37335140636
0.32100000000014,1585.04658551485
0.322000000000116,1586.3711056009
0.323000000000093,1588.47337982289
0.324000000000069,1589.80875685281
0.325000000000045,1591.62534223091
0.326000000000022,1594.69114230765
0.327000000000226,1599.24782039896
0.328000000000202,1605.43123520958
0.329000000000178,1613.21507190337
0.330000000000155,1620.74254970399
0.331000000000131,1628.91050431742
0.332000000000107,1637.9655945601
0.333000000000084,1647.61826762883
0.33400000000006,1657.50546131484
0.335000000000036,1667.21049698339
0.336000000000013,1674.57835802408
0.337000000000216,1680.62367341603
0.338000000000193,1685.8299678262
0.339000000000169,1690.36585312743
0.340000000000146,1694.47276017503
0.341000000000122,1698.40017492014
0.342000000000098,1700.56193029049
0.343000000000075,1702.58993437194
0.344000000000051,1705.27204779949
0.345000000000027,1708.87300891441
0.346000000000004,1713.50531803498
0.347000000000207,1719.10464325847
0.348000000000184,1723.60278882513
0.34900000000016,1728.27017470418
0.350000000000136,1733.4619580058
0.351000000000113,1739.15702887927
0.352000000000089,1745.35363654055
0.353000000000065,1752.05980453191
0.354000000000042,1757.39255101368
0.355000000000018,1763.0539346767
0.356000000000222,1769.75677425589
0.357000000000198,1777.80659046375
0.358000000000175,1787.38593563895
0.359000000000151,1798.48354866274
0.360000000000127,1808.93038230496
0.361000000000104,1820.03634774706
0.36200000000008,1831.87724863621
0.363000000000056,1844.08982109854
0.364000000000033,1856.228019414
0.365000000000009,1867.79273232989
0.366000000000213,1876.30301561552
0.367000000000189,1883.15112287075
0.368000000000166,1888.66447911473
0.369000000000142,1892.99375277925
0.370000000000118,1896.36228494018
0.371000000000095,1898.99689306271
0.372000000000071,1899.02923919071
0.373000000000047,1898.51171767834
0.374000000000024,1898.11415941609
0.375,1898.14641852811
0.376000000000204,1898.798087829
0.37700000000018,1900.11584844187
0.378000000000156,1899.86742237818
0.379000000000133,1899.96151738586
0.380000000000109,1900.83865037258
0.381000000000085,1902.68885820529
0.382000000000062,1905.67026675688
0.383000000000038,1909.86546231892
0.384000000000015,1913.01314355147
0.385000000000218,1917.19854814546
0.386000000000195,1922.86296615721
0.387000000000171,1930.15085476871
0.388000000000147,1939.08004918163
0.389000000000124,1949.49278209515
0.3900000000001,1958.71108910166
0.391000000000076,1968.54626822862
0.392000000000053,1978.98826520878
0.393000000000029,1989.76103416226
0.394000000000005,2000.50100947983
0.395000000000209,2010.74927064843
0.396000000000186,2017.52551164522
0.397000000000162,2022.79568322268
0.398000000000138,2026.725261782
0.399000000000115,2029.45230349884
0.400000000000091,2031.21948986998
0.401000000000067,2032.31801510817
0.402000000000044,2030.47267927351
0.40300000000002,2028.58654994994
0.404000000000224,2027.46022975915
0.4050000000002,2027.66470810441
0.406000000000176,2029.56645318141
0.407000000000153,2033.2418026281
0.408000000000129,2035.81251734417
0.409000000000106,2039.54251971171
0.410000000000082,2044.33369668153
0.411000000000058,2049.92494952908
0.412000000000035,2056.01514467746
0.413000000000011,2062.27852007823
0.414000000000215,2065.65863489106
0.415000000000191,2068.77288408404
0.416000000000167,2071.93913621898
0.417000000000144,2075.46175255759
0.41800000000012,2079.58464110897
0.419000000000096,2084.38791777698
0.420000000000073,2086.94410968647
0.421000000000049,2089.94940144669
0.422000000000025,2093.44750652801
0.423000000000002,2097.41008131364
0.424000000000206,2101.77660044072
0.425000000000182,2106.43169646905
0.426000000000158,2108.56778078987
0.427000000000135,2111.24125757123
0.428000000000111,2115.03761899493
0.429000000000087,2120.56756938291
0.430000000000064,2128.36377861681
0.43100000000004,2138.66754212895
0.432000000000016,2148.781375372
0.43300000000022,2161.49268984518
0.434000000000196,2176.73665571248
0.435000000000173,2194.18665386497
0.436000000000149,2213.28736854015
0.437000000000126,2233.16508118785
0.438000000000102,2250.27551959209
0.439000000000078,2266.82026614156
0.440000000000055,2282.54880130605
0.441000000000031,2297.34630650882
0.442000000000007,2311.21419052782
0.443000000000211,2324.04189338704
0.444000000000187,2333.29322635313
0.445000000000164,2342.10086468035
0.44600000000014,2351.08282402919
0.447000000000116,2360.83522850455
0.448000000000093,2371.8674082197
0.449000000000069,2384.30412841818
0.450000000000045,2395.68754046621
0.451000000000022,2408.98299771184
0.452000000000226,2424.38871928653
0.453000000000202,2441.85604114868
0.454000000000178,2461.05497161009
0.455000000000155,2481.08745482493
0.456000000000131,2498.51204366478
0.457000000000107,2515.40448984956
0.458000000000084,2531.26959449992
0.45900000000006,2545.72181232533
0.460000000000036,2558.54492058078
0.461000000000013,2569.38626917735
0.462000000000216,2575.87834656174
0.463000000000193,2581.39935742268
0.464000000000169,2586.84158733311
0.465000000000146,2593.045923541
0.466000000000122,2600.6362122222
0.467000000000098,2609.50411764372
0.468000000000075,2617.03189046867
0.469000000000051,2625.69465761939
0.470000000000027,2635.11269720667
0.471000000000004,2644.7026217389
0.472000000000207,2653.78495527499
0.473000000000184,2661.27019956782
0.47400000000016,2664.22337873868
0.475000000000136,2665.33863271449
0.476000000000113,2665.02232471865
0.477000000000089,2663.87520164748
0.478000000000065,2662.57450810646
0.479000000000042,2661.26551369932
0.480000000000018,2658.07342189941
0.481000000000222,2656.29611968894
0.482000000000198,2656.48769326168
0.483000000000175,2658.98253177038
0.484000000000151,2663.88608984729
0.485000000000127,2670.55741756258
0.486000000000104,2676.43282306851
0.48700000000008,2684.09472139709
0.488000000000056,2693.51334726992
0.489000000000033,2704.54843459366
0.490000000000009,2716.9040076873
0.491000000000213,2729.51438065294
0.492000000000189,2739.51568989293
0.493000000000166,2749.1497463687
0.494000000000142,2758.11863996425
0.495000000000118,2766.16067840565
0.496000000000095,2773.08806315975
0.497000000000071,2778.17400328804
0.498000000000047,2779.32298084375
0.499000000000024,2779.76585942245
0.5,2780.30769579982
0.501000000000204,2781.7750983745
0.50200000000018,2784.88454497467
0.503000000000156,2789.41219038102
0.504000000000133,2793.44631104475
0.505000000000109,2799.89501289433
0.506000000000085,2808.76918076238
0.507000000000062,2819.77597896192
0.508000000000038,2832.36188850569
0.509000000000015,2845.02338136722
0.510000000000218,2854.94912794053
0.511000000000195,2864.44730911892
0.512000000000171,2873.38947436681
0.513000000000147,2881.80316280396
0.514000000000124,2889.84018167043
0.5150000000001,2896.89410172385
0.516000000000076,2901.28660566455
0.517000000000053,2906.19933104808
0.518000000000029,2912.08507437973
0.519000000000005,2919.14895469704
0.520000000000209,2927.29673633305
0.521000000000186,2935.25138332139
0.522000000000162,2940.59415908578
0.523000000000138,2945.67782167632
0.524000000000115,2950.2806022462
0.525000000000091,2954.27802032407
0.526000000000067,2957.70110070219
0.527000000000044,2959.79832096575
0.52800000000002,2959.19283597174
0.529000000000224,2959.42249084103
0.5300000000002,2961.39908852345
0.531000000000176,2965.82570385538
0.532000000000153,2973.0422937041
0.533000000000129,2981.89933187448
0.534000000000106,2990.14665886489
0.535000000000082,2999.91823770749
0.536000000000058,3010.49993300901
0.537000000000035,3021.06812418219
0.538000000000011,3030.84492962161
0.539000000000215,3038.14564735022
0.540000000000191,3041.09108739064
0.541000000000167,3042.78931910737
0.542000000000144,3044.05059902076
0.54300000000012,3045.79167423881
0.544000000000096,3048.83871030297
0.545000000000073,3052.58990249552
0.546000000000049,3055.72300514712
0.547000000000025,3061.01888301715
0.548000000000002,3068.3114902813
0.549000000000206,3077.08153219925
0.550000000000182,3086.5716432611
0.551000000000158,3094.71136820997
0.552000000000135,3099.35607358657
0.553000000000111,3103.04010855328
0.554000000000087,3106.05161698989
0.555000000000064,3108.91277801862
0.55600000000004,3112.26219932296
0.557000000000016,3115.40277210782
0.55800000000022,3117.47487697809
0.559000000000196,3121.67811643406
0.560000000000173,3128.30724370656
0.561000000000149,3137.20224937679
0.562000000000126,3147.7452518138
0.563000000000102,3157.57186533451
0.564000000000078,3164.26508776838
0.565000000000055,3169.55120009253
0.566000000000031,3172.78822975442
0.567000000000007,3173.54804253103
0.568000000000211,3171.67666266202
0.569000000000187,3165.88580796026
0.570000000000164,3155.53953618409
0.57100000000014,3144.28062775152
0.572000000000116,3133.41113503383
0.573000000000093,3124.1788749272
0.574000000000069,3117.61434164676
0.575000000000045,3112.91077406242
0.576000000000022,3109.41325591434
0.577000000000226,3109.9472934502
0.578000000000202,3114.51666102842
0.579000000000178,3122.76250552177
0.580000000000155,3134.03524115007
0.581000000000131,3145.95181074707
0.582000000000107,3156.80932344761
0.583000000000084,3168.64203321655
0.58400000000006,3181.1973654556
0.585000000000036,3194.3018926465
0.586000000000013,3207.82852478153
0.587000000000216,3220.06164398766
0.588000000000193,3230.1854666923
0.589000000000169,3240.81477546956
0.590000000000146,3252.1287876028
0.591000000000122,3264.14049720128
0.592000000000098,3276.68211476819
0.593000000000075,3287.77873662719
0.594000000000051,3296.46476188385
0.595000000000027,3305.05366674919
0.596000000000004,3313.57319272766
0.597000000000207,3322.03598896616
0.598000000000184,3330.43726780217
0.59900000000016,3337.02454684175
0.600000000000136,3341.3405250667
0.601000000000113,3346.09874919152
0.602000000000089,3351.69445031225
0.603000000000065,3358.39914644347
0.604000000000042,3366.32075699211
0.605000000000018,3373.59834414896
0.606000000000222,3379.70206894127
0.607000000000198,3386.99192797358
0.608000000000175,3395.48367080577
0.609000000000151,3405.04847732615
0.610000000000127,3415.42084122329
0.611000000000104,3424.3795714642
0.61200000000008,3431.31238903534
0.613000000000056,3438.39193191344
0.614000000000033,3445.58042873531
0.615000000000009,3452.76673534857
0.616000000000213,3459.76136621265
0.617000000000189,3464.38831714327
0.618000000000166,3466.3157676554
0.619000000000142,3467.89722379877
0.620000000000118,3469.34440517103
0.621000000000095,3470.82504541108
0.622000000000071,3472.44315252377
0.623000000000047,3472.18063717504
0.624000000000024,3470.05730288226
0.625,3468.65236009071
0.626000000000204,3468.29472207452
0.62700000000018,3469.12898235218
0.628000000000156,3471.0669238811
0.629000000000133,3471.52229047766
0.630000000000109,3470.08649107263
0.631000000000085,3468.91217149972
0.632000000000062,3467.87859315748
0.633000000000038,3466.77781794437
0.634000000000015,3465.31155474457
0.635000000000218,3460.79881001702
0.636000000000195,3453.08557712437
0.637000000000171,3444.55718654429
0.638000000000147,3435.5463926082
0.639000000000124,3426.40628213514
0.6400000000001,3417.45712689265
0.641000000000076,3406.56383006759
0.642000000000053,3394.26545254378
0.643000000000029,3383.31409717916
0.644000000000005,3374.25488385849
0.645000000000209,3367.40325138251
0.646000000000186,3362.78079942716
0.647000000000162,3357.6468054333
0.648000000000138,3352.04291398908
0.649000000000115,3348.02926315587
0.650000000000091,3345.64097344729
0.651000000000067,3344.96216265149
0.652000000000044,3346.13283754227
0.65300000000002,3347.12698183175
0.654000000000224,3348.80656813672
0.6550000000002,3353.30618286264
0.656000000000176,3360.62242324663
0.657000000000153,3370.28742174696
0.658000000000129,3381.369437107
0.659000000000106,3391.02748472465
0.660000000000082,3398.73060067601
0.661000000000058,3404.35893315254
0.662000000000035,3406.5834822291
0.663000000000011,3404.52650198101
0.664000000000215,3398.07971440834
0.665000000000191,3386.32128464701
0.666000000000167,3372.00088756247
0.667000000000144,3358.85022793215
0.66800000000012,3349.10870547067
0.669000000000096,3344.40524730578
0.670000000000073,3345.39936866516
0.671000000000049,3349.19809083845
0.672000000000025,3355.56127248233
0.673000000000002,3364.64519545542
0.674000000000206,3374.84636024334
0.675000000000182,3385.05785465686
0.676000000000158,3395.16243496789
0.677000000000135,3403.54877076588
0.678000000000111,3413.84211398441
0.679000000000087,3431.40055626289
0.680000000000064,3459.80134673675
0.68100000000004,3501.66836015078
0.682000000000016,3557.86137972384
0.68300000000022,3624.29728602696
0.684000000000196,3698.70425954481
0.685000000000173,3777.62068478783
0.686000000000149,3854.88106782043
0.687000000000126,3924.30096261391
0.688000000000102,3980.7738770988
0.689000000000078,4018.51096185528
0.690000000000055,4038.34696986545
0.691000000000031,4043.89647762339
0.692000000000007,4038.99414669388
0.693000000000211,4028.31271036881
0.694000000000187,4016.38562716655
0.695000000000164,4004.08065665255
0.69600000000014,3995.21081570149
0.697000000000116,3992.30135329332
0.698000000000093,3995.08356333283
0.699000000000069,4002.42930514446
0.700000000000045,4012.86190906945
0.701000000000022,4022.12778347279
0.702000000000226,4030.54409311435
0.703000000000202,4038.17618589052
0.704000000000178,4042.66656717965
0.705000000000155,4039.95047467793
0.706000000000131,4023.82467440164
0.707000000000107,3983.22486069698
0.708000000000084,3910.42950590232
0.70900000000006,3797.62656413916
0.710000000000036,3637.39311753442
0.711000000000013,3425.90410823488
0.712000000000216,3164.56426477675
0.713000000000193,2858.18337137066
0.714000000000169,2522.68037606673
0.715000000000146,2178.98352098921
0.716000000000122,1850.01913436526
0.717000000000098,1559.31109501584
0.718000000000075,1328.11710371932
0.719000000000051,1169.9701394002
0.720000000000027,1096.68049683638
0.721000000000004,1111.93297374207
0.722000000000207,1210.65270840782
0.723000000000184,1381.32237189085
0.72400000000016,1607.83044220224
0.725000000000136,1868.76745017074
0.726000000000113,2147.70366625487
0.727000000000089,2429.14507228093
0.728000000000065,2699.19874168896
0.729000000000042,2947.26089753671
0.730000000000018,3166.01263186828
0.731000000000222,3348.0888494057
0.732000000000198,3493.74954006636
0.733000000000175,3604.15908852773
0.734000000000151,3680.60001287582
0.735000000000127,3725.22629460915
0.736000000000104,3740.92427709347
0.73700000000008,3728.29248710199
0.738000000000056,3694.10236473877
0.739000000000033,3644.66614280454
0.740000000000009,3585.54245798236
0.741000000000213,3522.185889681
0.742000000000189,3459.53971320699
0.743000000000166,3398.56104298333
0.744000000000142,3344.88328468149
0.745000000000118,3301.5731354448
0.746000000000095,3269.38771828488
0.747000000000071,3247.937803976
0.748000000000047,3235.98626545971
0.749000000000024,3228.47491364872
0.75,3226.58457917881
0.751000000000204,3229.89925080779
0.75200000000018,3237.10939337685
0.753000000000156,3247.05152457207
0.754000000000133,3258.70672668371
0.755000000000109,3267.79048368136
0.756000000000085,3276.6814011936
0.757000000000062,3285.91009926348
0.758000000000038,3294.96551019066
0.759000000000015,3303.24009460173
0.760000000000218,3310.09322834414
0.761000000000195,3311.49593656421
0.762000000000171,3310.32945037205
0.763000000000147,3307.5669954371
0.764000000000124,3303.36447213639
0.7650000000001,3297.91582680819
0.766000000000076,3291.44721841349
0.767000000000053,3280.72458323358
0.768000000000029,3269.48063839545
0.769000000000005,3259.15796498338
0.770000000000209,3250.2040713284
0.771000000000186,3242.8378719709
0.772000000000162,3237.04694845556
0.773000000000138,3229.47998628702
0.774000000000115,3222.74795924892
0.775000000000091,3217.42798488362
0.776000000000067,3213.33332454078
0.777000000000044,3210.16592200901
0.77800000000002,3207.55911776055
0.779000000000224,3202.70894859256
0.7800000000002,3197.26064809417
0.781000000000176,3191.9603530108
0.782000000000153,3187.29310805047
0.783000000000129,3183.69933858469
0.784000000000106,3181.39333224924
0.785000000000082,3177.61225808207
0.786000000000058,3174.21414432757
0.787000000000035,3171.4262661793
0.788000000000011,3168.96685102962
0.789000000000215,3166.47421143932
0.790000000000191,3163.54420114215
0.791000000000167,3156.44906948039
0.792000000000144,3148.33630909711
0.79300000000012,3139.99373065151
0.794000000000096,3131.82225053147
0.795000000000073,3124.26837739467
0.796000000000049,3117.7568580298
0.797000000000025,3108.99421375077
0.798000000000002,3102.08720143735
0.799000000000206,3097.90777911549
0.800000000000182,3096.5267505512
0.801000000000158,3097.6740172512
0.802000000000135,3100.78459683924
0.803000000000111,3101.54244850592
0.804000000000087,3102.90958124502
0.805000000000064,3104.84445448283
0.80600000000004,3106.92053100919
0.807000000000016,3108.75124009254
0.80800000000022,3110.02155611981
0.809000000000196,3107.03471896484
0.810000000000173,3103.47353302872
0.811000000000149,3100.10254981092
0.812000000000126,3097.3672231554
0.813000000000102,3095.63054158555
0.814000000000078,3095.10504169169
0.815000000000055,3092.28799166871
0.816000000000031,3090.90641188819
0.817000000000007,3091.28447990272
0.818000000000211,3093.23350923983
0.819000000000187,3096.32402162089
0.820000000000164,3099.92889753236
0.82100000000014,3099.70621664373
0.822000000000116,3098.94314402698
0.823000000000093,3097.58052536246
0.824000000000069,3095.41076277241
0.825000000000045,3092.30708750144
0.826000000000022,3088.23373356672
0.827000000000226,3079.63626230018
0.828000000000202,3070.80549789206
0.829000000000178,3062.53624423693
0.830000000000155,3055.4104594904
0.831000000000131,3049.8712371082
0.832000000000107,3046.16423689929
0.833000000000084,3040.69754653368
0.83400000000006,3037.46864716085
0.835000000000036,3036.60501411813
0.836000000000013,3037.89745558282
0.837000000000216,3040.9157400771
0.838000000000193,3045.05610879529
0.839000000000169,3045.99206782735
0.840000000000146,3047.28142723993
0.841000000000122,3048.75484913147
0.842000000000098,3050.25975466418
0.843000000000075,3051.70714668834
0.844000000000051,3053.01198713465
0.845000000000027,3050.708794673
0.846000000000004,3049.01318770475
0.847000000000207,3048.40978488675
0.848000000000184,3049.20789700067
0.84900000000016,3051.51121057286
0.850000000000136,3055.07318121667
0.851000000000113,3056.18112817988
0.852000000000089,3058.35775570699
0.853000000000065,3061.36442853164
0.854000000000042,3064.80628970795
0.855000000000018,3068.22494683688
0.856000000000222,3070.99891218576
0.857000000000198,3069.54286794255
0.858000000000175,3067.50065037473
0.859000000000151,3065.07804233117
0.860000000000127,3062.44606039762
0.861000000000104,3059.72182349531
0.86200000000008,3056.71755181904
0.863000000000056,3050.29962262658
0.864000000000033,3044.18418083768
0.865000000000009,3038.55812974928
0.866000000000213,3033.47615609275
0.867000000000189,3028.91838582197
0.868000000000166,3024.55723214258
0.869000000000142,3017.3515533343
0.870000000000118,3011.10964485681
0.871000000000095,3006.20689517908
0.872000000000071,3002.88614097212
0.873000000000047,3001.22968564474
0.874000000000024,3000.79623096312
0.875,2998.36478138199
0.876000000000204,2997.24146101267
0.87700000000018,2997.19733266294
0.878000000000156,2997.82300491735
0.879000000000133,2998.61517227159
0.880000000000109,2998.66960689006
0.881000000000085,2994.69967534348
0.882000000000062,2990.14610144439
0.883000000000038,2985.22265359255
0.884000000000015,2980.16858785705
0.885000000000218,2975.21896064562
0.886000000000195,2970.11353769819
0.887000000000171,2962.20757336776
0.888000000000147,2955.18810557859
0.889000000000124,2949.29506614897
0.8900000000001,2944.54633533321
0.891000000000076,2940.7763667794
0.892000000000053,2937.19445640288
0.893000000000029,2930.82823447173
0.894000000000005,2924.92694490781
0.895000000000209,2919.54453119784
0.896000000000186,2914.69546375811
0.897000000000162,2910.36617338621
0.898000000000138,2905.96989024282
0.899000000000115,2898.95686293097
0.900000000000091,2892.72203096993
0.901000000000067,2887.43591330395
0.902000000000044,2883.1010616322
0.90300000000002,2879.56809782016
0.904000000000224,2875.97485945291
0.9050000000002,2869.63827363769
0.906000000000176,2863.59414481133
0.907000000000153,2857.76834531749
0.908000000000129,2852.00497557155
0.909000000000106,2846.11262839904
0.910000000000082,2839.27414554225
0.911000000000058,2829.16638232677
0.912000000000035,2819.09428718432
0.913000000000011,2809.41138098319
0.914000000000215,2800.44687305704
0.915000000000191,2792.5084589659
0.916000000000167,2785.19514687088
0.917000000000144,2776.68569058229
0.91800000000012,2770.4387305648
0.919000000000096,2766.8240942286
0.920000000000073,2765.96927587303
0.921000000000049,2767.76839452028
0.922000000000025,2771.19127376142
0.923000000000002,2773.85854392639
0.924000000000206,2778.41445361501
0.925000000000182,2784.56072437878
0.926000000000158,2791.91363177142
0.927000000000135,2800.08052573536
0.928000000000111,2807.95841660354
0.929000000000087,2813.50294778051
0.930000000000064,2819.67918210105
0.93100000000004,2826.68412472497
0.932000000000016,2834.62261463557
0.93300000000022,2843.48157189651
0.934000000000196,2852.31420708961
0.935000000000173,2859.18337340714
0.936000000000149,2866.74040014858
0.937000000000126,2874.80567650361
0.938000000000102,2883.06082742952
0.939000000000078,2891.12706253115
0.940000000000055,2897.79818673057
0.941000000000031,2901.24319342724
0.942000000000007,2904.22287650668
0.943000000000211,2906.88677760446
0.944000000000187,2909.31913246881
0.945000000000164,2911.51974964364
0.94600000000014,2912.51014131086
0.947000000000116,2910.67383738536
0.948000000000093,2908.601572783
0.949000000000069,2906.20038181248
0.950000000000045,2903.243112457
0.951000000000022,2899.44664193712
0.952000000000226,2893.63648416525
0.953000000000202,2884.34231335467
0.954000000000178,2874.29745980561
0.955000000000155,2863.80480740873
0.956000000000131,2853.13582016224
0.957000000000107,2842.51277362844
0.958000000000084,2831.13840830724
0.95900000000006,2817.90492713898
0.960000000000036,2805.54624999528
0.961000000000013,2794.25428950833
0.962000000000216,2784.06177007123
0.963000000000193,2774.89141284757
0.964000000000169,2765.61485851679
0.965000000000146,2754.99071040396
0.966000000000122,2745.50794667008
0.967000000000098,2737.2341765881
0.968000000000075,2730.09172796677
0.969000000000051,2723.86107319629
0.970000000000027,2717.18003472481
0.971000000000004,2708.65547202173
0.972000000000207,2700.38469564885
0.973000000000184,2692.16217565122
0.97400000000016,2683.7601970254
0.975000000000136,2675.01031112813
0.976000000000113,2664.82612248595
0.977000000000089,2652.471650339
0.978000000000065,2640.6639859552
0.979000000000042,2629.96982616481
0.980000000000018,2620.85065857742
0.981000000000222,2613.59635603087
0.982000000000198,2607.20751080546
0.983000000000175,2600.77750054634
0.984000000000151,2596.26937601399
0.985000000000127,2593.28506259261
0.986000000000104,2591.19804245398
0.98700000000008,2589.27772289517
0.988000000000056,2585.71445646287
0.989000000000033,2579.33082664295
0.990000000000009,2572.12027910828
0.991000000000213,2564.19088335924
0.992000000000189,2555.76656305309
0.993000000000166,2547.16028054981
0.994000000000142,2537.57094708974
0.995000000000118,2526.81418345466
0.996000000000095,2517.43117322708
0.997000000000071,2509.71504581447
0.998000000000047,2503.67529443955
0.999000000000024,2499.07358729107
1,2494.29355146182
1.0010000000002,2488.4110384611
1.00200000000018,2483.14338515811
1.00300000000016,2478.1849146202
1.00400000000013,2473.22527503842
1.00500000000011,2468.02524164811
1.00600000000009,2461.23104805765
1.00700000000006,2452.56843842336
1.00800000000004,2444.4074048696
1.00900000000001,2437.16725696854
1.01000000000022,2431.17766435031
1.01100000000019,2426.65427059011
1.01200000000017,2422.41545693308
1.01300000000015,2418.19876845133
1.01400000000012,2415.92695393299
1.0150000000001,2415.40375952611
1.01600000000008,2416.19513640046
1.01700000000005,2417.71120742594
1.01800000000003,2418.03080058168
1.01900000000001,2416.43042534112
1.02000000000021,2414.40707413664
1.02100000000019,2411.71589668567
1.02200000000016,2408.15819915409
1.02300000000014,2403.62196928185
1.02400000000011,2396.81567707883
1.02500000000009,2387.82235403975
1.02600000000007,2378.75509569583
1.02700000000004,2369.94845332125
1.02800000000002,2361.59828824542
1.02900000000022,2353.75947507599
1.0300000000002,2345.04793989381
1.03100000000018,2335.35603993268
1.03200000000015,2326.31651145406
1.03300000000013,2317.78573669918
1.03400000000011,2309.50565560741
1.03500000000008,2301.17878377658
1.03600000000006,2291.19953183319
1.03700000000003,2279.53989316048
1.03800000000001,2267.98302734213
1.03900000000021,2256.76778655513
1.04000000000019,2246.13334997378
1.04100000000017,2236.31185921726
1.04200000000014,2226.16528701672
1.04300000000012,2216.0785166703
1.0440000000001,2207.86893148557
1.04500000000007,2201.6505214868
1.04600000000005,2197.30511949838
1.04700000000003,2194.51607902903
1.048,2191.49542624738
1.04900000000021,2188.02943552326
1.05000000000018,2185.18420868838
1.05100000000016,2182.55728447048
1.05200000000013,2179.73869643487
1.05300000000011,2176.39287193678
1.05400000000009,2171.00445639935
1.05500000000006,2163.95826666825
1.05600000000004,2156.92843768935
1.05700000000002,2150.2846090735
1.05800000000022,2144.36446752199
1.0590000000002,2139.44312469805
1.06000000000017,2134.38322729329
1.06100000000015,2129.71358647297
1.06200000000013,2126.76154875074
1.0630000000001,2125.3038475998
1.06400000000008,2124.83824078041
1.06500000000005,2124.66392932546
1.06600000000003,2122.69534428049
1.06700000000001,2118.7207881141
1.06800000000021,2113.43528128744
1.06900000000019,2106.45386522645
1.07000000000016,2097.56340498953
1.07100000000014,2086.79695948941
1.07200000000012,2073.18646401992
1.07300000000009,2057.91626645534
1.07400000000007,2042.96191868941
1.07500000000005,2029.12525061106
1.07600000000002,2017.03423441902
1.07700000000023,2007.08628059492
1.0780000000002,1998.14853599089
1.07900000000018,1990.81010018724
1.08000000000015,1985.92349269615
1.08100000000013,1983.01901364868
1.08200000000011,1981.46902667131
1.08300000000008,1980.64319625757
1.08400000000006,1978.7756093505
1.08500000000004,1976.35670290336
1.08600000000001,1974.46716256904
1.08700000000022,1973.27436931872
1.08800000000019,1972.9711428791
1.08900000000017,1973.7263844619
1.09000000000015,1974.36196011087
1.09100000000012,1975.63053719581
1.0920000000001,1978.31822465128
1.09300000000007,1981.93301916848
1.09400000000005,1985.68804317009
1.09500000000003,1988.61803372738
1.096,1988.46301337016
1.09700000000021,1985.16587198266
1.09800000000018,1978.98522394815
1.09900000000016,1969.44589537213
1.10000000000014,1956.28589417665
1.10100000000011,1939.52122461486
1.10200000000009,1918.22717819877
1.10300000000007,1893.91120469321
1.10400000000004,1868.33850994785
1.10500000000002,1842.4787502327
1.10600000000022,1817.25868312005
1.1070000000002,1793.51521567251
1.10800000000017,1770.62927106945
1.10900000000015,1750.05869627717
1.11000000000013,1733.00057375591
1.1110000000001,1719.4411471446
1.11200000000008,1708.96044336487
1.11300000000006,1700.78954340245
1.11400000000003,1692.29130130777
1.11500000000001,1683.38692441842
1.11600000000021,1674.1201486141
1.11700000000019,1663.72918241055
1.11800000000017,1651.6155698048
1.11900000000014,1637.40555023238
1.12000000000012,1618.99262442733
1.12100000000009,1597.71624596322
1.12200000000007,1575.3730571682
1.12300000000005,1552.91978091323
1.12400000000002,1531.28635705481
1.125,1511.21266467658
1.1260000000002,1491.05912678751
1.12700000000018,1472.16325478001
1.12800000000016,1455.62332053486
1.12900000000013,1441.2873362719
1.13000000000011,1428.74805788799
1.13100000000009,1417.42193212722
1.13200000000006,1405.42446617828
1.13300000000004,1393.18433566418
1.13400000000001,1380.78099286242
1.13500000000022,1367.77342011513
1.13600000000019,1353.92722627923
1.13700000000017,1339.33284649664
1.13800000000015,1323.71006320071
1.13900000000012,1308.76422725821
1.1400000000001,1295.61500288294
1.14100000000008,1284.7166895081
1.14200000000005,1276.14051817809
1.14300000000003,1269.54342645904
1.14400000000001,1263.48355978751
1.14500000000021,1258.00161780543
1.14600000000019,1252.35461893678
1.14700000000016,1245.47709964355
1.14800000000014,1236.68499577347
1.14900000000011,1225.93907993712
1.15000000000009,1213.18829092379
1.15100000000007,1200.72578125164
1.15200000000004,1190.29307954304
1.15300000000002,1182.92024353709
1.15400000000022,1178.94748570127
1.1550000000002,1177.86114376237
1.15600000000018,1177.59092477558
1.15700000000015,1177.37481768627
1.15800000000013,1175.59578342996
1.15900000000011,1170.76575835874
1.16000000000008,1162.54172369527
1.16100000000006,1152.21335806906
1.16200000000003,1141.91899969927
1.16300000000001,1137.20497731551
1.16400000000021,1143.39771448969
1.16500000000019,1164.97553217747
1.16600000000017,1204.98609985566
1.16700000000014,1264.39376040835
1.16800000000012,1340.66693247656
1.1690000000001,1431.76331394674
1.17000000000007,1533.68264064071
1.17100000000005,1641.87265247524
1.17200000000003,1752.73013430081
1.173,1864.42692444398
1.17400000000021,1975.94133882398
1.17500000000018,2090.32079277738
1.17600000000016,2210.28524547882
1.17700000000013,2337.10162545807
1.17800000000011,2469.40282674199
1.17900000000009,2602.04580034246
1.18000000000006,2724.59101791183
1.18100000000004,2825.30638273642
1.18200000000002,2889.49619683764
1.18300000000022,2902.2392999691
1.1840000000002,2851.32342252635
1.18500000000017,2729.71454961771
1.18600000000015,2536.28735402088
1.18700000000013,2279.74941966459
1.1880000000001,1975.00654457858
1.18900000000008,1641.90282616819
1.19000000000005,1302.85421927237
1.19100000000003,979.84872778974
1.19200000000001,690.5745364775
1.19300000000021,449.417350706028
1.19400000000019,263.239836194451
1.19500000000016,131.883668093148
1.19600000000014,49.4143351529726
1.19700000000012,5.92310575470999
1.19800000000009,-11.3097229063138
1.19900000000007,-12.5763128853915
1.20000000000005,-7.07248569728458
1.20100000000002,-1.30517131583584
1.20200000000023,1.3681734147945
1.2030000000002,0.346776613694111
1.20400000000018,-4.05519302692158
1.20500000000015,-8.58557842749098
1.20600000000013,-11.0227468211124
1.20700000000011,-10.2517105525138
1.20800000000008,-6.39472993222901
1.20900000000006,-0.687734930022271
1.21000000000004,4.02340359275005
1.21100000000001,6.97149012639492
1.21200000000022,7.19576956663656
1.21300000000019,4.78181391961898
1.21400000000017,1.31752255490597
1.21500000000015,-0.122388661241996
1.21600000000012,3.72017027718425
1.2170000000001,18.6597146271966
1.21800000000007,49.2914926759885
1.21900000000005,98.8842333811344
1.22000000000003,168.80438346893
1.221,258.071785720089
1.22200000000021,362.305306052427
1.22300000000018,477.027392615384
1.22400000000016,595.274644344317
1.22500000000014,709.263354424327
1.22600000000011,811.516415255445
1.22700000000009,895.841494942954
1.22800000000007,957.069208772194
1.22900000000004,994.803940748143
1.23000000000002,1010.08897272915
1.23100000000022,1005.97946422893
1.2320000000002,986.999885178485
1.23300000000017,958.336009702271
1.23400000000015,923.687815687255
1.23500000000013,888.975365214334
1.2360000000001,857.251874228591
1.23700000000008,829.97528904194
1.23800000000006,807.334373960917
1.23900000000003,788.67489549888
1.24000000000001,771.322767181812
1.24100000000021,756.684228916161
1.24200000000019,744.302525523417
1.24300000000017,733.935107786836
1.24400000000014,725.666902998778
1.24500000000012,719.784271865124
1.24600000000009,714.833718937225
1.24700000000007,713.299889085407
1.24800000000005,714.91549591236
1.24900000000002,718.793993510825
1.25,723.713690155511
1.2510000000002,728.409065882952
1.25200000000018,730.895491074774
1.25300000000016,731.720043212154
1.25400000000013,730.908113084546
1.25500000000011,728.854915987952
1.25600000000009,726.177212501486
1.25700000000006,723.500661041651
1.25800000000004,720.704889124413
1.25900000000001,718.408914408505
1.26000000000022,716.622323454497
1.26100000000019,715.124829766641
1.26200000000017,713.546213576519
1.26300000000015,711.468649222569
1.26400000000012,707.999749469323
1.2650000000001,703.45866998091
1.26600000000008,698.101368755663
1.26700000000005,692.416759502053
1.26800000000003,687.003608361541
1.26900000000001,682.40452655663
1.27000000000021,678.451204312969
1.27100000000019,675.76243783876
1.27200000000016,674.413356827645
1.27300000000014,674.290891493595
1.27400000000011,675.124608792845
1.27500000000009,676.517197460283
1.27600000000007,677.50374397502
1.27700000000004,678.214360362854
1.27800000000002,678.599616529123
1.27900000000022,678.779894725141
1.2800000000002,678.989018335926
1.28100000000018,679.45237413378
1.28200000000015,679.721592823585
1.28300000000013,680.62729011594
1.28400000000011,682.36809797876
1.28500000000008,685.029673492179
1.28600000000006,688.558357243326
1.28700000000003,692.671449042887
1.28800000000001,696.147158380671
1.28900000000021,699.714910540019
1.29000000000019,703.075162423178
1.29100000000017,705.947295172493
1.29200000000014,708.128304518984
1.29300000000012,709.427085318906
1.2940000000001,708.984816208965
1.29500000000007,708.117338452266
1.29600000000005,707.162001836195
1.29700000000003,706.437205281822
1.298,706.190023304163
1.29900000000021,706.445069590224
1.30000000000018,706.386999470874
1.30100000000016,706.948850206624
1.30200000000013,708.072099254256
1.30300000000011,709.646244001888
1.30400000000009,711.557375612155
1.30500000000006,713.607773964787
1.30600000000004,715.006733316626
1.30700000000002,716.800986901997
1.30800000000022,719.233907992363
1.3090000000002,722.53413531659
1.31000000000017,726.850189324839
1.31100000000015,732.055172803724
1.31200000000013,737.232905524501
1.3130000000001,743.053138764721
1.31400000000008,749.216667039269
1.31500000000005,755.352263663236
1.31600000000003,761.08389131648
1.31700000000001,765.94498728641
1.31800000000021,769.011332196567
1.31900000000019,771.179382863789
1.32000000000016,772.650342941937
1.32100000000014,773.70377577865
1.32200000000012,774.633363132675
1.32300000000009,775.518411850841
1.32400000000007,775.818218767414
1.32500000000005,776.515834564665
1.32600000000002,777.69144974162
1.32700000000023,779.349213665807
1.3280000000002,781.45472229219
1.32900000000018,783.795924888298
1.33000000000015,785.705215319747
1.33100000000013,788.14309723317
1.33200000000011,791.31968089045
1.33300000000008,795.423423439921
1.33400000000006,800.560205629346
1.33500000000004,806.507775130172
1.33600000000001,812.435662642481
1.33700000000022,818.907901352454
1.33800000000019,825.610636413447
1.33900000000017,832.169820544904
1.34000000000015,838.215208152168
1.34100000000012,843.239213153268
1.3420000000001,846.457989509806
1.34300000000007,848.741218757265
1.34400000000005,850.358524715735
1.34500000000003,851.682417355869
1.346,853.115009146304
1.34700000000021,854.784526177842
1.34800000000018,856.340931433135
1.34900000000016,858.757459455818
1.35000000000014,862.082451380039
1.35100000000011,866.194129861117
1.35200000000009,870.82939132217
1.35300000000007,875.387170224466
1.35400000000004,878.909562491831
1.35500000000002,881.988349565316
1.35600000000022,884.548062542755
1.3570000000002,886.626870337064
1.35800000000017,888.361056000716
1.35900000000015,889.675672533275
1.36000000000013,890.204214473316
1.3610000000001,891.075034520688
1.36200000000008,892.570603141046
1.36300000000006,894.849854423851
1.36400000000003,897.908007112786
1.36500000000001,901.264793444244
1.36600000000021,904.010613915388
1.36700000000019,906.673438985111
1.36800000000017,908.971444185312
1.36900000000014,910.65038206573
1.37000000000012,911.522168823687
1.37100000000009,911.162725640438
1.37200000000007,909.016529145865
1.37300000000005,906.195029786834
1.37400000000002,903.103610175983
1.375,900.181405844594
1.3760000000002,897.824651828998
1.37700000000018,895.954963324673
1.37800000000016,894.144260559645
1.37900000000013,893.400840041185
1.38000000000011,893.776987638457
1.38100000000009,895.211600758711
1.38200000000006,897.548866255801
1.38300000000004,900.177764630178
1.38400000000001,902.306789797024
1.38500000000022,904.708106216456
1.38600000000019,907.361267643454
1.38700000000017,910.258453012425
1.38800000000015,913.367686017608
1.38900000000012,916.190478089264
1.3900000000001,918.063242855102
1.39100000000008,919.776860306947
1.39200000000005,921.275308747205
1.39300000000003,922.481292005195
1.39400000000001,923.306861667084
1.39500000000021,923.242149007028
1.39600000000019,921.777900541379
1.39700000000016,919.92588214619
1.39800000000014,917.964763430859
1.39900000000011,916.218587111044
1.40000000000009,915.010970680821
1.40100000000007,914.168426211994
1.40200000000004,913.473347303217
1.40300000000002,914.025929228397
1.40400000000022,916.025918562248
1.4050000000002,919.562417786472
1.40600000000018,924.608708411279
1.40700000000015,930.562756656245
1.40800000000013,936.840305652009
1.40900000000011,944.173828409558
1.41000000000008,952.497776816503
1.41100000000006,961.741187939704
1.41200000000003,971.816579257158
1.41300000000001,982.111103810906
1.41400000000021,992.13017033805
1.41500000000019,1002.65491540235
1.41600000000017,1013.6372918575
1.41700000000014,1024.96936159116
1.41800000000012,1036.47368423401
1.4190000000001,1047.3919904664
1.42000000000007,1057.15672315217
1.42100000000005,1066.49649928115
1.42200000000003,1075.42455673566
1.423,1084.03419082499
1.42400000000021,1092.49463879115
1.42500000000018,1100.49118880701
1.42600000000016,1108.01613784771
1.42700000000013,1116.26540155905
1.42800000000011,1125.59597518285
1.42900000000009,1136.21736074706
1.43000000000006,1148.12895226712
1.43100000000004,1160.53000162499
1.43200000000002,1172.74093818321
1.43300000000022,1185.08172569295
1.4340000000002,1197.03869060894
1.43500000000017,1208.09628760533
1.43600000000015,1217.81230221696
1.43700000000013,1225.29856185549
1.4380000000001,1230.24378692621
1.43900000000008,1233.64264245344
1.44000000000005,1235.91001039985
1.44100000000003,1237.53048067142
1.44200000000001,1238.95515582212
1.44300000000021,1239.89486676536
1.44400000000019,1240.3415092647
1.44500000000016,1241.18325083335
1.44600000000014,1242.40234959678
1.44700000000012,1243.83401521909
1.44800000000009,1245.21160516337
1.44900000000007,1245.59609884941
1.45000000000005,1244.5998927087
1.45100000000002,1242.93345838175
1.45200000000023,1240.70078067118
1.4530000000002,1238.08935279208
1.45400000000018,1235.32302344393
1.45500000000015,1231.96408625191
1.45600000000013,1228.10589180191
1.45700000000011,1224.70726154927
1.45800000000008,1221.93785593329
1.45900000000006,1219.85603767478
1.46000000000004,1218.41039156721
1.46100000000001,1216.75867273086
1.46200000000022,1214.68083989921
1.46300000000019,1212.92994908219
1.46400000000017,1211.5962228687
1.46500000000015,1210.79839126839
1.46600000000012,1210.64875942954
1.4670000000001,1210.46170113031
1.46800000000007,1210.23519055907
1.46900000000005,1210.84331975365
1.47000000000003,1212.37382899185
1.471,1214.81341591598
1.47200000000021,1218.02899708668
1.47300000000018,1221.01727163835
1.47400000000016,1223.50679157594
1.47500000000014,1226.01645325387
1.47600000000011,1228.38446732717
1.47700000000009,1230.4698499626
1.47800000000007,1232.16046326688
1.47900000000004,1232.60954690736
1.48000000000002,1231.90990514184
1.48100000000022,1230.9230169177
1.4820000000002,1229.8519731509
1.48300000000017,1228.87449612402
1.48400000000015,1228.10999520758
1.48500000000013,1226.80736057657
1.4860000000001,1225.13694472226
1.48700000000008,1223.88055950302
1.48800000000006,1223.12505295019
1.48900000000003,1222.94220281866
1.49000000000001,1223.40597875709
1.49100000000021,1223.7710917006
1.49200000000019,1224.40632417181
1.49300000000017,1226.28528845149
1.49400000000014,1229.67399896967
1.49500000000012,1234.73027699744
1.49600000000009,1241.44309995365
1.49700000000007,1248.70717507749
1.49800000000005,1256.40145098098
1.49900000000002,1264.73718581765
1.5,1273.08369886718
1.5010000000002,1280.69827207599
1.50200000000018,1286.81387826395
1.50300000000016,1289.80621589917
1.50400000000013,1289.53664895776
1.50500000000011,1286.61423143307
1.50600000000009,1281.26316519105
1.50700000000006,1273.97643731036
1.50800000000004,1265.47760142751
1.50900000000001,1255.66655580384
1.51000000000022,1245.97457411934
1.51100000000019,1238.32841754029
1.51200000000017,1233.92298484222
1.51300000000015,1233.77389632077
1.51400000000012,1238.61208998196
1.5150000000001,1247.75109144548
1.51600000000008,1261.58876169468
1.51700000000005,1280.47508420432
1.51800000000003,1303.62925878168
1.51900000000001,1329.80350969735
1.52000000000021,1357.34713725696
1.52100000000019,1383.23623064175
1.52200000000016,1405.96757752969
1.52300000000014,1424.52949976775
1.52400000000011,1437.59185315175
1.52500000000009,1444.29098060824
1.52600000000007,1444.31935439048
1.52700000000004,1436.82492568363
1.52800000000002,1423.18973645417
1.52900000000022,1405.52406359933
1.5300000000002,1385.56362737535
1.53100000000018,1365.0485939604
1.53200000000015,1345.4932559254
1.53300000000013,1326.85940934838
1.53400000000011,1310.39021727787
1.53500000000008,1297.05169485241
1.53600000000006,1286.77709468942
1.53700000000003,1279.15761443976
1.53800000000001,1273.57338673759
1.53900000000021,1268.1515704874
1.54000000000019,1262.96755933302
1.54100000000017,1258.41535470016
1.54200000000014,1254.50970650734
1.54300000000012,1251.4104169366
1.5440000000001,1249.32975066131
1.54500000000007,1247.22365436737
1.54600000000005,1245.87490847365
1.54700000000003,1245.97364199599
1.548,1247.47816018535
1.54900000000021,1250.16747583803
1.55000000000018,1253.67973303092
1.55100000000016,1256.37354840364
1.55200000000013,1258.63554936113
1.55300000000011,1260.95919130809
1.55400000000009,1263.48694501836
1.55500000000006,1266.51760797658
1.55600000000004,1270.45450078041
1.55700000000002,1274.48425972384
1.55800000000022,1279.84174875768
1.5590000000002,1287.53882646272
1.56000000000017,1297.87646373187
1.56100000000015,1310.87047387441
1.56200000000013,1326.21683141656
1.5630000000001,1342.00832488123
1.56400000000008,1358.36118764442
1.56500000000005,1375.1145962903
1.56600000000003,1391.63787358407
1.56700000000001,1407.4111700104
1.56800000000021,1422.08995739267
1.56900000000019,1434.20365007822
1.57000000000016,1444.81200685301
1.57100000000014,1454.90464610449
1.57200000000012,1465.08927677486
1.57300000000009,1475.91934134463
1.57400000000007,1487.75944296021
1.57500000000005,1499.32631644616
1.57600000000002,1511.41204856965
1.57700000000023,1524.20540860966
1.5780000000002,1537.23079116229
1.57900000000018,1549.86077771299
1.58000000000015,1561.40826632021
1.58100000000013,1569.7776336009
1.58200000000011,1575.6323507139
1.58300000000008,1579.40672394186
1.58400000000006,1581.32062663801
1.58500000000004,1581.76444776084
1.58600000000001,1581.21460370625
1.58700000000022,1578.58764415032
1.58800000000019,1575.58124977351
1.58900000000017,1573.22715521
1.59000000000015,1571.97347499828
1.59100000000012,1572.08276731565
1.5920000000001,1573.61614426849
1.59300000000007,1574.68980109145
1.59400000000005,1576.42648724879
1.59500000000003,1579.26789024306
1.596,1583.14592277391
1.59700000000021,1587.86422589732
1.59800000000018,1593.04357362309
1.59900000000016,1595.91985933243
1.60000000000014,1597.44732907248
1.60100000000011,1597.92211881631
1.60200000000009,1597.27263753761
1.60300000000007,1595.50927665494
1.60400000000004,1592.67292444048
1.60500000000002,1586.08676804757
1.60600000000022,1577.83195958284
1.6070000000002,1569.30603483531
1.60800000000017,1561.51257860928
1.60900000000015,1555.38205797851
1.61000000000013,1551.55249442616
1.6110000000001,1547.76677478124
1.61200000000008,1545.68129376685
1.61300000000006,1545.71425749035
1.61400000000003,1547.68455170187
1.61500000000001,1551.30594886025
1.61600000000021,1556.2401815844
1.61700000000019,1560.62905018868
1.61800000000017,1565.55466418326
1.61900000000014,1571.23963321257
1.62000000000012,1577.63436077231
1.62100000000009,1584.62586513412
1.62200000000007,1591.99873822776
1.62300000000005,1598.85332695812
1.62400000000002,1605.62303539655
1.625,1611.86716384501
1.6260000000002,1617.01322153441
1.62700000000018,1620.67649463315
1.62800000000016,1622.83297340423
1.62900000000013,1623.175718118
1.63000000000011,1623.51463753543
1.63100000000009,1624.88302748113
1.63200000000006,1628.00409845932
1.63300000000004,1633.20160912736
1.63400000000001,1640.26456655702
1.63500000000022,1646.88397408298
1.63600000000019,1653.60844687082
1.63700000000017,1659.6779405137
1.63800000000015,1664.38365618446
1.63900000000012,1667.57231998208
1.6400000000001,1669.84144431274
1.64100000000008,1670.28983866581
1.64200000000005,1673.13610293248
1.64300000000003,1681.31372449408
1.64400000000001,1697.33487757484
1.64500000000021,1722.98336898007
1.64600000000019,1758.9324233298
1.64700000000016,1802.27525811904
1.64800000000014,1853.89238537026
1.64900000000011,1912.56873584522
1.65000000000009,1977.19138208115
1.65100000000007,2047.52685767313
1.65200000000004,2124.57785889451
1.65300000000002,2208.29550456719
1.65400000000022,2304.09803051477
1.6550000000002,2415.68516127219
1.65600000000018,2545.60254824153
1.65700000000015,2694.27578804803
1.65800000000013,2859.14484330031
1.65900000000011,3031.93526353285
1.66000000000008,3206.14147352108
1.66100000000006,3371.20210776139
1.66200000000003,3515.62685663774
1.66300000000001,3628.59284612036
1.66400000000021,3701.30462171013
1.66500000000019,3725.48303991876
1.66600000000017,3701.40090847602
1.66700000000014,3630.51761847152
1.66800000000012,3516.67441441902
1.6690000000001,3365.00841616001
1.67000000000007,3180.75081775491
1.67100000000005,2965.77877419118
1.67200000000003,2726.03067353396
1.673,2464.34468543761
1.67400000000021,2183.26911259397
1.67500000000018,1886.02665808779
1.67600000000016,1577.4202758161
1.67700000000013,1261.86812027487
1.67800000000011,951.553569963628
1.67900000000009,658.316984326606
1.68000000000006,394.904326223323
1.68100000000004,173.515115062218
1.68200000000002,4.21696532587459
1.68300000000022,-108.834611168479
1.6840000000002,-160.237885502391
1.68500000000017,-151.10982800599
1.68600000000015,-86.2907205460915
1.68700000000013,26.5960509237734
1.6880000000001,178.245633990303
1.68900000000008,356.482852082739
1.69000000000005,555.060930424454
1.69100000000003,766.609948438916
1.69200000000001,985.064439660781
1.69300000000021,1205.37030056875
1.69400000000019,1422.85206291177
1.69500000000016,1630.45178184964
1.69600000000014,1826.15126333586
1.69700000000012,2005.36786905736
1.69800000000009,2163.54183187334
1.69900000000007,2296.59960605357
1.70000000000005,2401.33821249344
1.70100000000002,2473.78194994211
1.70200000000023,2517.14151433523
1.7030000000002,2534.26367693134
1.70400000000018,2529.66124499955
1.70500000000015,2508.92413394044
1.70600000000013,2477.77114415943
1.70700000000011,2439.28765022038
1.70800000000008,2400.99075363006
1.70900000000006,2366.79587460478
1.71000000000004,2339.28297328516
1.71100000000001,2319.76610758749
1.71200000000022,2308.23216968504
1.71300000000019,2301.64568505723
1.71400000000017,2302.19593543217
1.71500000000015,2309.25337734868
1.71600000000012,2322.09917728188
1.7170000000001,2339.92412150506
1.71800000000007,2361.3971394416
1.71900000000005,2382.63544191844
1.72000000000003,2405.83694676395
1.721,2429.89045011747
1.72200000000021,2453.57389919075
1.72300000000018,2475.71203392332
1.72400000000016,2494.84859548432
1.72500000000014,2507.45763407945
1.72600000000011,2517.35711791092
1.72700000000009,2524.97643006289
1.72800000000007,2530.88845263023
1.72900000000004,2535.73545214164
1.73000000000002,2539.63047196564
1.73100000000022,2540.4408237335
1.7320000000002,2542.16804375119
1.73300000000017,2545.26555406817
1.73400000000015,2549.85437352389
1.73500000000013,2555.78161183033
1.7360000000001,2562.2807028013
1.73700000000008,2566.7676911187
1.73800000000006,2571.43860771311
1.73900000000003,2576.41570828131
1.74000000000001,2581.88075193494
1.74100000000021,2587.984491385
1.74200000000019,2594.44290563569
1.74300000000017,2599.41213188131
1.74400000000014,2604.27831346978
1.74500000000012,2609.35870910662
1.74600000000009,2615.01902553412
1.74700000000007,2621.54105718815
1.74800000000005,2628.65156090287
1.74900000000002,2634.4986752427
1.75,2640.49914040082
1.7510000000002,2646.86879734329
1.75200000000018,2653.86364826438
1.75300000000016,2661.67588216483
1.75400000000013,2669.81139967164
1.75500000000011,2676.21668123903
1.75600000000009,2683.05195001919
1.75700000000006,2690.44401508333
1.75800000000004,2698.49040895547
1.75900000000001,2707.22906260426
1.76000000000022,2715.91639370588
1.76100000000019,2722.39817919424
1.76200000000017,2729.47015664404
1.76300000000015,2737.27787435408
1.76400000000012,2745.85567223906
1.7650000000001,2755.10980945342
1.76600000000008,2764.05888292771
1.76700000000005,2770.43292712835
1.76800000000003,2776.87806625836
1.76900000000001,2783.41815509741
1.77000000000021,2790.03692339832
1.77100000000019,2796.68109803301
1.77200000000016,2802.48065835879
1.77300000000014,2805.51034477269
1.77400000000011,2808.55971119502
1.77500000000009,2811.9623498389
1.77600000000007,2815.98017943949
1.77700000000004,2820.74695240087
1.77800000000002,2825.39271188605
1.77900000000022,2827.99611535581
1.7800000000002,2831.13099736983
1.78100000000018,2834.85782362362
1.78200000000015,2839.16689992697
1.78300000000013,2843.99406781136
1.78400000000011,2848.3325632505
1.78500000000008,2850.43147494618
1.78600000000006,2853.10492817811
1.78700000000003,2856.69476907768
1.78800000000001,2861.47224169232
1.78900000000021,2867.58195065203
1.79000000000019,2874.03871925543
1.79100000000017,2879.10286586981
1.79200000000014,2885.30561258925
1.79300000000012,2892.58924979722
1.7940000000001,2900.75197511075
1.79500000000007,2909.47449223528
1.79600000000005,2917.34482017641
1.79700000000003,2922.50435318986
1.798,2927.42252749513
1.79900000000021,2932.19172123105
1.80000000000018,2936.90267737804
1.80100000000016,2941.6095320808
1.80200000000013,2945.2299123002
1.80300000000011,2946.33981946079
1.80400000000009,2947.61226648464
1.80500000000006,2949.25602275764
1.80600000000004,2951.37407102097
1.80700000000002,2953.96441655801
1.80800000000022,2955.80938821988
1.8090000000002,2955.53165860617
1.81000000000017,2955.78394937086
1.81100000000015,2956.84168190588
1.81200000000013,2958.9226867122
1.8130000000001,2962.15500803082
1.81400000000008,2965.37337997216
1.81500000000005,2967.34983083298
1.81600000000003,2970.6152464119
1.81700000000001,2975.23957175211
1.81800000000021,2981.12789546578
1.81900000000019,2988.02754279281
1.82000000000016,2994.33720999186
1.82100000000014,2998.61025328669
1.82200000000012,3003.0512709728
1.82300000000009,3007.5701583953
1.82400000000007,3012.0486478278
1.82500000000005,3016.35023540475
1.82600000000002,3019.06257362734
1.82700000000023,3019.19086033745
1.8280000000002,3019.283464155
1.82900000000018,3019.62804310271
1.83000000000015,3020.44142457362
1.83100000000013,3021.84452762721
1.83200000000011,3022.51789372914
1.83300000000008,3021.60489918396
1.83400000000006,3021.53991746924
1.83500000000004,3022.40495087252
1.83600000000001,3024.11819648328
1.83700000000022,3026.44745692203
1.83800000000019,3027.65658331667
1.83900000000017,3026.68643040365
1.84000000000015,3025.7405757173
1.84100000000012,3024.84927935801
1.8420000000001,3024.04725562866
1.84300000000007,3023.38093415139
1.84400000000005,3021.4541788606
1.84500000000003,3017.77524320041
1.846,3014.97387632174
1.84700000000021,3013.42838055534
1.84800000000018,3013.34031690558
1.84900000000016,3014.69498973307
1.85000000000014,3015.74015391872
1.85100000000011,3015.60531311454
1.85200000000009,3016.29913087658
1.85300000000007,3017.61414180628
1.85400000000004,3019.2866576889
1.85500000000002,3021.05590965869
1.85600000000022,3021.13266756743
1.8570000000002,3019.06715823625
1.85800000000017,3017.3805388846
1.85900000000015,3016.51433868285
1.86000000000013,3016.82784046512
1.8610000000001,3018.51727542064
1.86200000000008,3019.91619332682
1.86300000000006,3020.53238670754
1.86400000000003,3022.35169520258
1.86500000000001,3025.059907921
1.86600000000021,3028.12842880021
1.86700000000019,3030.89148650925
1.86800000000017,3030.96690401395
1.86900000000014,3027.60827345806
1.87000000000012,3022.70969642179
1.87100000000009,3016.28989935025
1.87200000000007,3008.45760595909
1.87300000000005,2999.38978282173
1.87400000000002,2987.60242723206
1.875,2973.37089806917
1.8760000000002,2959.27883664905
1.87700000000018,2945.9100952371
1.87800000000016,2933.72964026329
1.87900000000013,2923.07442841286
1.88000000000011,2912.39873616602
1.88100000000009,2901.95142112269
1.88200000000006,2894.01416025712
1.88300000000004,2888.80220219844
1.88400000000001,2886.30580666175
1.88500000000022,2886.2861246609
1.88600000000019,2886.48965075811
1.88700000000017,2886.58720437285
1.88800000000015,2888.14115980994
1.88900000000012,2890.80389732189
1.8900000000001,2894.20199503352
1.89100000000008,2898.00175381187
1.89200000000005,2900.11904463325
1.89300000000003,2900.81572351172
1.89400000000001,2902.24453303798
1.89500000000021,2904.76873058845
1.89600000000019,2908.64197541948
1.89700000000016,2913.94437976575
1.89800000000014,2918.66276683775
1.89900000000011,2922.96353767155
1.90000000000009,2928.4607115591
1.90100000000007,2934.86975003829
1.90200000000004,2941.78373392909
1.90300000000002,2948.76286494168
1.90400000000022,2953.49253054624
1.9050000000002,2956.31204005595
1.90600000000018,2959.15249860921
1.90700000000015,2962.32384570058
1.90800000000013,2966.10040369914
1.90900000000011,2970.65514273914
1.91000000000008,2974.04128104594
1.91100000000006,2976.81676001457
1.91200000000003,2980.64560061207
1.91300000000001,2985.35842649068
1.91400000000021,2990.58527682946
1.91500000000019,2995.82319364185
1.91600000000017,2998.4969874052
1.91700000000014,2998.89509358066
1.91800000000012,2998.50081866028
1.9190000000001,2997.24697504486
1.92000000000007,2995.04439002717
1.92100000000005,2991.76596041256
1.92200000000003,2985.18426634956
1.923,2976.03377802363
1.92400000000021,2966.00642094824
1.92500000000018,2955.24739816841
1.92600000000016,2943.87896952211
1.92700000000013,2932.04414912454
1.92800000000011,2917.85368207047
1.92900000000009,2902.63731627266
1.93000000000006,2888.57660708088
1.93100000000004,2876.34550215149
1.93200000000002,2866.46906223587
1.93300000000022,2859.25514100178
1.9340000000002,2852.62206615282
1.93500000000017,2847.4718362584
1.93600000000015,2845.07145548099
1.93700000000013,2845.00158943438
1.9380000000001,2846.59248981696
1.93900000000008,2849.01787931697
1.94000000000005,2849.26161649799
1.94100000000003,2847.7265466901
1.94200000000001,2845.44504095799
1.94300000000021,2842.25353547179
1.94400000000019,2838.09631158603
1.94500000000016,2833.01059742507
1.94600000000014,2824.9436044859
1.94700000000012,2815.35408087779
1.94800000000009,2806.04508964929
1.94900000000007,2797.48926709984
1.95000000000005,2790.03150149373
1.95100000000002,2783.87130745094
1.95200000000023,2776.86591370101
1.9530000000002,2770.34542280816
1.95400000000018,2765.6795279777
1.95500000000015,2762.854283278
1.95600000000013,2761.66346844151
1.95700000000011,2761.73106295701
1.95800000000008,2760.3184084846
1.95900000000006,2758.37296281434
1.96000000000004,2756.83643860921
1.96100000000001,2755.4786845324
1.96200000000022,2754.07912111242
1.96300000000019,2752.46691048815
1.96400000000017,2748.28114971887
1.96500000000015,2743.15397974878
1.96600000000012,2738.62094988336
1.9670000000001,2735.07420099692
1.96800000000007,2732.79685281665
1.96900000000005,2731.91835649914
1.97000000000003,2730.08406820804
1.971,2728.79570675362
1.97200000000021,2729.04258426943
1.97300000000018,2730.53496686365
1.97400000000016,2732.79019387618
1.97500000000014,2735.20425453498
1.97600000000011,2734.79484921191
1.97700000000009,2732.81458405424
1.97800000000007,2730.12420352786
1.97900000000004,2726.64593453559
1.98000000000002,2722.37296660177
1.98100000000022,2717.37720047481
1.9820000000002,2709.4378386087
1.98300000000017,2700.69745087356
1.98400000000015,2692.66913400639
1.98500000000013,2685.81326487761
1.9860000000001,2680.43674101911
1.98700000000008,2676.67401142402
1.98800000000006,2672.08605414956
1.98900000000003,2668.48713236281
1.99000000000001,2666.77931908584
1.99100000000021,2666.7739330756
1.99200000000019,2668.0997532769
1.99300000000017,2670.24550297097
1.99400000000014,2670.18913445192
1.99500000000012,2669.38942337282
1.99600000000009,2668.44994484651
1.99700000000007,2667.13883311481
1.99800000000005,2665.23844501714
1.99900000000002,2662.56715289474
2,2656.54200327443
2.0010000000002,2649.2715286825
2.00200000000018,2641.89870642969
2.00300000000016,2634.75540719228
2.00400000000013,2628.10585480976
2.00500000000011,2622.12154261359
2.00600000000009,2614.39133672501
2.00700000000006,2607.11867147853
2.00800000000004,2601.23197536251
2.00900000000001,2596.7531597583
2.01000000000022,2593.52750243428
2.01100000000019,2591.24787780957
2.01200000000017,2586.9608257926
2.01300000000015,2582.51841597794
2.01400000000012,2578.47152095212
2.0150000000001,2574.63534448056
2.01600000000008,2570.78063301928
2.01700000000005,2566.65125633632
2.01800000000003,2559.44068642939
2.01900000000001,2551.33138071871
2.02000000000021,2543.1470057112
2.02100000000019,2535.08600055645
2.02200000000016,2527.33906325078
2.02300000000014,2520.07638515335
2.02400000000011,2510.88924275863
2.02500000000009,2502.32090396417
2.02600000000007,2495.26730344092
2.02700000000004,2489.84645787538
2.02800000000002,2485.9375679208
2.02900000000022,2483.18357493187
2.0300000000002,2478.49503549826
2.03100000000018,2473.74761487292
2.03200000000015,2469.13159888264
2.03300000000013,2464.33993024195
2.03400000000011,2459.17257180517
2.03500000000008,2453.5995863322
2.03600000000006,2445.24034519558
2.03700000000003,2437.03873616565
2.03800000000001,2430.22125351922
2.03900000000021,2425.44996092522
2.04000000000019,2423.17083586893
2.04100000000017,2423.5242695682
2.04200000000014,2423.81576576356
2.04300000000012,2426.15959401181
2.0440000000001,2430.51079917119
2.04500000000007,2436.21044405188
2.04600000000005,2442.53895175487
2.04700000000003,2448.8504592567
2.048,2452.19363013528
2.04900000000021,2454.95921995598
2.05000000000018,2457.67825587554
2.05100000000016,2460.49981122651
2.05200000000013,2463.4448343126
2.05300000000011,2466.32504989216
2.05400000000009,2466.21436220042
2.05500000000006,2465.25592086511
2.05600000000004,2463.37819125654
2.05700000000002,2460.18974258557
2.05800000000022,2455.46921006798
2.0590000000002,2449.30889665845
2.06000000000017,2439.66913648647
2.06100000000015,2430.20537779079
2.06200000000013,2422.54166448028
2.0630000000001,2417.95259214355
2.06400000000008,2417.39546150297
2.06500000000005,2421.29793774323
2.06600000000003,2426.91024428545
2.06700000000001,2436.17848894673
2.06800000000021,2448.12681420987
2.06900000000019,2461.10047610547
2.07000000000016,2473.27775171205
2.07100000000014,2482.97037125916
2.07200000000012,2486.35891381992
2.07300000000009,2485.6103085545
2.07400000000007,2481.04540201217
2.07500000000005,2473.23371604726
2.07600000000002,2463.01728960951
2.07700000000023,2451.31225452587
2.0780000000002,2436.33808982938
2.07900000000018,2421.66804066464
2.08000000000015,2408.02032408163
2.08100000000013,2395.61670703296
2.08200000000011,2384.41034052585
2.08300000000008,2374.20100316991
2.08400000000006,2361.86647677957
2.08500000000004,2350.4994450748
2.08600000000001,2340.48616628247
2.08700000000022,2332.05526148565
2.08800000000019,2325.26199142185
2.08900000000017,2319.85974065845
2.09000000000015,2311.84217001818
2.09100000000012,2303.9952113778
2.0920000000001,2295.7683660541
2.09300000000007,2286.43840191461
2.09400000000005,2275.29806381895
2.09500000000003,2261.76821011112
2.096,2241.59372832088
2.09700000000021,2219.01587177664
2.09800000000018,2195.15655108131
2.09900000000016,2171.40967795968
2.10000000000014,2149.20778905214
2.10100000000011,2129.6875118235
2.10200000000009,2110.34386302379
2.10300000000007,2094.97898077979
2.10400000000004,2083.71687593761
2.10500000000002,2076.20154793999
2.10600000000022,2071.76732402857
2.1070000000002,2069.54642090816
2.10800000000017,2066.84718980336
2.10900000000015,2065.56169251885
2.11000000000013,2065.2408087441
2.1110000000001,2065.41314399688
2.11200000000008,2065.61165456686
2.11300000000006,2065.32184188637
2.11400000000003,2063.14090246623
2.11500000000001,2060.512413491
2.11600000000021,2056.981394717
2.11700000000019,2052.11035361278
2.11800000000017,2045.71369543959
2.11900000000014,2037.93962562274
2.12000000000012,2028.53838346986
2.12100000000009,2020.29913412824
2.12200000000007,2014.10286725656
2.12300000000005,2010.4072264307
2.12400000000002,2009.1150606672
2.125,2009.39371942444
2.1260000000002,2008.56032127652
2.12700000000018,2007.57422542332
2.12800000000016,2005.26712971713
2.12900000000013,2000.8611771199
2.13000000000011,1994.36413142858
2.13100000000009,1986.5515225474
2.13200000000006,1977.32010896133
2.13300000000004,1972.33150156808
2.13400000000001,1974.89235049946
2.13500000000022,1987.88558302644
2.13600000000019,2013.23418975303
2.13700000000017,2051.24573807687
2.13800000000015,2099.01897564866
2.13900000000012,2157.48534737334
2.1400000000001,2224.39047093959
2.14100000000008,2297.50189527422
2.14200000000005,2375.32302305449
2.14300000000003,2457.28970370859
2.14400000000001,2542.68943692138
2.14500000000021,2636.36708761552
2.14600000000019,2741.1467008304
2.14700000000016,2859.1683626097
2.14800000000014,2990.87628474143
2.14900000000011,3133.84088747435
2.15000000000009,3281.26013634597
2.15100000000007,3427.6449181373
2.15200000000004,3562.89073427332
2.15300000000002,3675.59489204852
2.15400000000022,3754.46398488002
2.1550000000002,3789.37703699338
2.15600000000018,3771.67796115173
2.15700000000015,3700.41636652379
2.15800000000013,3576.15931221203
2.15900000000011,3402.8642950027
2.16000000000008,3187.16273543449
2.16100000000006,2936.99244358625
2.16200000000003,2659.82311165648
2.16300000000001,2366.8900067659
2.16400000000021,2066.55035277001
2.16500000000019,1766.08238661727
2.16600000000017,1471.73181274274
2.16700000000014,1188.523156787
2.16800000000012,919.944632587454
2.1690000000001,672.906884315662
2.17000000000007,452.064385783655
2.17100000000005,261.682151465573
2.17200000000003,105.417644870574
2.173,-14.4054486852933
2.17400000000021,-97.4934379829665
2.17500000000018,-141.22751294641
2.17600000000016,-146.213977209216
2.17700000000013,-114.201247338559
2.17800000000011,-47.811398738623
2.17900000000009,49.2608391299257
2.18000000000006,172.148640668595
2.18100000000004,319.187712488249
2.18200000000002,486.486671069685
2.18300000000022,669.68417679184
2.1840000000002,863.81476907825
2.18500000000017,1062.71711607124
2.18600000000015,1258.89842806033
2.18700000000013,1447.80937699747
2.1880000000001,1623.00366204318
2.18900000000008,1778.48937720375
2.19000000000005,1909.29981298745
2.19100000000003,2011.45551275108
2.19200000000001,2082.25400998479
2.19300000000021,2124.20889288671
2.19400000000019,2139.84018854389
2.19500000000016,2133.0963415793
2.19600000000014,2108.84604924104
2.19700000000012,2071.72143790274
2.19800000000009,2025.67358209
2.19900000000007,1977.22397018155
2.20000000000005,1930.16817298083
2.20100000000002,1887.27302784991
2.20200000000023,1850.33727537414
2.2030000000002,1819.67243918847
2.20400000000018,1794.61299391581
2.20500000000015,1777.33566387995
2.20600000000013,1767.63320916668
2.20700000000011,1764.96557445813
2.20800000000008,1768.52075590943
2.20900000000006,1776.43724268499
2.21000000000004,1786.46510653543
2.21100000000001,1799.69629904971
2.21200000000022,1814.6751802229
2.21300000000019,1829.81386853382
2.21400000000017,1843.59999528143
2.21500000000015,1853.83006922202
2.21600000000012,1858.74481084652
2.2170000000001,1860.78037224857
2.21800000000007,1860.00006206233
2.21900000000005,1856.64480833653
2.22000000000003,1851.13133008328
2.221,1843.14802298068
2.22200000000021,1832.52168584326
2.22300000000018,1822.21345980485
2.22400000000016,1812.80313738485
2.22500000000014,1804.5770964055
2.22600000000011,1797.5848410075
2.22700000000009,1791.12705001272
2.22800000000007,1784.33637863609
2.22900000000004,1778.53866971594
2.23000000000002,1773.89482488044
2.23100000000022,1770.57876305661
2.2320000000002,1768.72060362571
2.23300000000017,1767.9526378742
2.23400000000015,1767.5022320033
2.23500000000013,1768.02913711208
2.2360000000001,1769.58559553353
2.23700000000008,1772.15721834728
2.23800000000006,1775.58939399717
2.23900000000003,1779.13556000924
2.24000000000001,1781.68614215293
2.24100000000021,1783.5984213699
2.24200000000019,1784.77864919226
2.24300000000017,1785.29055810238
2.24400000000014,1785.31300655371
2.24500000000012,1784.45251864033
2.24600000000009,1782.41717220402
2.24700000000007,1780.7704167874
2.24800000000005,1779.99615566284
2.24900000000002,1780.46229579357
2.25,1782.33917180303
2.2510000000002,1784.67242316325
2.25200000000018,1786.67601664268
2.25300000000016,1789.52684286686
2.25400000000013,1792.71680409949
2.25500000000011,1795.62106605597
2.25600000000009,1797.61482642264
2.25700000000006,1797.25341689238
2.25800000000004,1793.83904693708
2.25900000000001,1789.01599303701
2.26000000000022,1783.08633416389
2.26100000000019,1776.44000989648
2.26200000000017,1769.49483777329
2.26300000000015,1761.73725294626
2.26400000000012,1753.14944011282
2.2650000000001,1745.51142394683
2.26600000000008,1739.09131632878
2.26700000000005,1733.97613202237
2.26800000000003,1730.10043096368
2.26900000000001,1726.38395970397
2.27000000000021,1722.35292252898
2.27100000000019,1719.3092663495
2.27200000000016,1717.25619327138
2.27300000000014,1716.1657385156
2.27400000000011,1715.97051169277
2.27500000000009,1715.59668183033
2.27600000000007,1714.7081159807
2.27700000000004,1714.63823086664
2.27800000000002,1715.36639530575
2.27900000000022,1716.80448354859
2.2800000000002,1718.82345081379
2.28100000000018,1720.28082163317
2.28200000000015,1720.94038278957
2.28300000000013,1722.24951529502
2.28400000000011,1724.38190779005
2.28500000000008,1727.46002384547
2.28600000000006,1731.51998972773
2.28700000000003,1735.45794336053
2.28800000000001,1739.00299312208
2.28900000000021,1743.29785707135
2.29000000000019,1748.12269213244
2.29100000000017,1753.12195385637
2.29200000000014,1757.84874353147
2.29300000000012,1760.78599123948
2.2940000000001,1761.50862517009
2.29500000000007,1761.13024847002
2.29600000000005,1759.7216481903
2.29700000000003,1757.47978391718
2.298,1754.71668230146
2.29900000000021,1750.75851167481
2.30000000000018,1746.12371025622
2.30100000000016,1742.64623408733
2.30200000000013,1740.91244935274
2.30300000000011,1741.31971572725
2.30400000000009,1744.02454256859
2.30500000000006,1747.80863872274
2.30600000000004,1752.4564401898
2.30700000000002,1758.7846328214
2.30800000000022,1766.30704446819
2.3090000000002,1774.40280460214
2.31000000000017,1782.38867849025
2.31100000000015,1788.44726992271
2.31200000000013,1792.20857089054
2.3130000000001,1794.6092117466
2.31400000000008,1795.63835371656
2.31500000000005,1795.40495257637
2.31600000000003,1794.1018109992
2.31700000000001,1790.77584073388
2.31800000000021,1785.92772533193
2.31900000000019,1781.06587616862
2.32000000000016,1776.51464433248
2.32100000000014,1772.43844157414
2.32200000000012,1768.83788336282
2.32300000000009,1764.36600121576
2.32400000000007,1759.14316510682
2.32500000000005,1754.24766428301
2.32600000000002,1749.75178938063
2.32700000000023,1745.77177948076
2.3280000000002,1742.48043872622
2.32900000000018,1738.84043801953
2.33000000000015,1735.49317575457
2.33100000000013,1733.98158439073
2.33200000000011,1734.75281132691
2.33300000000008,1738.06711205962
2.33400000000006,1743.9264050472
2.33500000000004,1750.71431801577
2.33600000000001,1758.31268795206
2.33700000000022,1767.24572107835
2.33800000000019,1776.9008076983
2.33900000000017,1786.58337723625
2.34000000000015,1795.59271662316
2.34100000000012,1801.92413496438
2.3420000000001,1805.60333293294
2.34300000000007,1807.61107626443
2.34400000000005,1808.13554577612
2.34500000000003,1807.47594579197
2.346,1805.96626573171
2.34700000000021,1802.47979633655
2.34800000000018,1797.82747560683
2.34900000000016,1793.40055865077
2.35000000000014,1789.52469380679
2.35100000000011,1786.38411469694
2.35200000000009,1784.02373120003
2.35300000000007,1780.89989783659
2.35400000000004,1777.55194081079
2.35500000000002,1775.0822050627
2.35600000000022,1773.66510285484
2.3570000000002,1773.44706026717
2.35800000000017,1774.5134194548
2.35900000000015,1775.35350093462
2.36000000000013,1776.60045246164
2.3610000000001,1779.25421874453
2.36200000000008,1783.30115781645
2.36300000000006,1788.57747213766
2.36400000000003,1794.76442296517
2.36500000000001,1799.882127555
2.36600000000021,1804.21383636205
2.36700000000019,1808.39526032548
2.36800000000017,1812.23744149113
2.36900000000014,1815.58857344371
2.37000000000012,1818.33687795945
2.37100000000009,1818.84445264231
2.37200000000007,1817.98802505289
2.37300000000005,1816.93726101046
2.37400000000002,1816.04904778266
2.375,1815.64168678945
2.3760000000002,1815.95507437988
2.37700000000018,1815.51027864722
2.37800000000016,1815.35035814388
2.37900000000013,1816.61600621551
2.38000000000011,1819.5968896403
2.38100000000009,1824.51692270355
2.38200000000006,1831.51609747123
2.38300000000004,1838.97623366988
2.38400000000001,1847.8799231286
2.38500000000022,1859.15703016999
2.38600000000019,1872.82429709011
2.38700000000017,1888.69855623574
2.38800000000015,1906.36348364439
2.38900000000012,1923.50973974042
2.3900000000001,1940.41825753814
2.39100000000008,1957.23059975245
2.39200000000005,1973.35536604853
2.39300000000003,1988.25055805408
2.39400000000001,2001.48063523602
2.39500000000021,2011.05835668308
2.39600000000019,2018.07613384149
2.39700000000016,2023.67103888483
2.39800000000014,2028.42788998702
2.39900000000011,2032.96156285573
2.40000000000009,2037.79938543753
2.40100000000007,2041.49268899885
2.40200000000004,2045.4418057229
2.40300000000002,2050.53760160128
2.40400000000022,2056.75078078656
2.4050000000002,2063.82309367128
2.40600000000018,2071.31124222151
2.40700000000015,2076.83949565467
2.40800000000013,2081.20400396307
2.40900000000011,2084.8955177308
2.41000000000008,2087.87263294314
2.41100000000006,2090.19030739689
2.41200000000003,2091.96062313084
2.41300000000001,2091.47436170946
2.41400000000021,2090.24825845181
2.41500000000019,2089.25347422959
2.41600000000017,2088.74257659682
2.41700000000014,2088.79358450233
2.41800000000012,2089.28210765204
2.4190000000001,2088.00721702772
2.42000000000007,2086.04073965731
2.42100000000005,2083.83689252845
2.42200000000003,2081.3048424661
2.423,2078.41099855294
2.42400000000021,2075.19477584069
2.42500000000018,2069.83570234264
2.42600000000016,2064.14198294647
2.42700000000013,2059.29967195018
2.42800000000011,2055.96602252114
2.42900000000009,2054.71203887167
2.43000000000006,2055.92228328541
2.43100000000004,2057.74226355989
2.43200000000002,2061.69352622239
2.43300000000022,2068.19726121347
2.4340000000002,2076.89099455114
2.43500000000017,2087.15513699218
2.43600000000015,2098.15673174959
2.43700000000013,2106.92907255185
2.4380000000001,2114.22815080901
2.43900000000008,2119.96706474104
2.44000000000005,2123.73868150589
2.44100000000003,2125.31486176474
2.44200000000001,2124.6497401496
2.44300000000021,2119.8486562574
2.44400000000019,2113.03656589283
2.44500000000016,2105.4341084276
2.44600000000014,2097.89455625153
2.44700000000012,2091.24731622035
2.44800000000009,2086.20679804518
2.44900000000007,2081.21350981239
2.45000000000005,2078.5394112803
2.45100000000002,2079.02889968353
2.45200000000023,2082.85260254803
2.4530000000002,2089.89392573966
2.45400000000018,2099.74137130437
2.45500000000015,2109.54583102054
2.45600000000013,2120.49638314248
2.45700000000011,2132.26898675917
2.45800000000008,2144.04634082907
2.45900000000006,2154.95632149824
2.46000000000004,2164.13481997475
2.46100000000001,2168.60563875365
2.46200000000022,2169.95367661167
2.46300000000019,2168.52361348118
2.46400000000017,2164.57667888473
2.46500000000015,2158.62749641001
2.46600000000012,2151.39597747712
2.4670000000001,2141.49288934497
2.46800000000007,2132.09721638102
2.46900000000005,2124.69413057842
2.47000000000003,2120.23241598815
2.471,2119.31233236454
2.47200000000021,2122.0962302185
2.47300000000018,2125.99685500159
2.47400000000016,2132.67023706694
2.47500000000014,2141.6986535947
2.47600000000011,2152.16199790553
2.47700000000009,2163.04756402561
2.47800000000007,2173.37895358284
2.47900000000004,2180.02752864895
2.48000000000002,2184.84990153656
2.48100000000022,2188.11188054999
2.4820000000002,2190.04797662408
2.48300000000017,2191.01489672024
2.48400000000015,2191.38293012258
2.48500000000013,2189.1169518139
2.4860000000001,2186.85721862364
2.48700000000008,2185.09927625873
2.48800000000006,2183.91491241162
2.48900000000003,2183.16791811031
2.49000000000001,2182.55634422745
2.49100000000021,2179.31945128661
2.49200000000019,2175.62774611115
2.49300000000017,2171.6430250077
2.49400000000014,2167.42478486362
2.49500000000012,2163.08567381742
2.49600000000009,2158.75917580654
2.49700000000007,2152.13335601555
2.49800000000005,2145.99821734052
2.49900000000002,2140.86914907909
2.5,2137.02251683905
2.5010000000002,2134.59687636309
2.50200000000018,2133.5742653501
2.50300000000016,2131.28845862318
2.50400000000013,2130.25908713591
2.50500000000011,2130.54805306495
2.50600000000009,2132.0143869901
2.50700000000006,2134.40935594313
2.50800000000004,2137.37766059191
2.50900000000001,2137.96013980262
2.51000000000022,2138.53017004034
2.51100000000019,2139.00538613664
2.51200000000017,2139.24159005251
2.51300000000015,2139.09759758937
2.51400000000012,2138.43774910728
2.5150000000001,2134.61514090923
2.51600000000008,2130.47114333513
2.51700000000005,2126.32352895669
2.51800000000003,2122.46318334355
2.51900000000001,2119.13658060404
2.52000000000021,2116.46926183023
2.52100000000019,2112.08712113788
2.52200000000016,2108.83811806574
2.52300000000014,2106.90636638187
2.52400000000011,2106.31278657919
2.52500000000009,2106.93578337304
2.52600000000007,2108.44574812194
2.52700000000004,2108.17585285149
2.52800000000002,2108.49441029432
2.52900000000022,2109.2399008342
2.5300000000002,2110.16977575678
2.53100000000018,2110.99806829023
2.53200000000015,2111.3098857552
2.53300000000013,2108.6742050364
2.53400000000011,2105.51707496498
2.53500000000008,2101.9498635414
2.53600000000006,2098.10455829363
2.53700000000003,2094.15444327785
2.53800000000001,2090.16464546542
2.53900000000021,2084.33784998447
2.54000000000019,2079.52319582267
2.54100000000017,2076.15991560561
2.54200000000014,2074.52533562592
2.54300000000012,2074.72243959724
2.5440000000001,2076.49252499908
2.54500000000007,2077.65861345013
2.54600000000005,2080.39434627426
2.54700000000003,2084.45206004423
2.548,2089.46564171202
2.54900000000021,2095.03546235759
2.55000000000018,2100.58461009982
2.55100000000016,2104.00715025201
2.55200000000013,2107.61173544612
2.55300000000011,2111.52453822278
2.55400000000009,2115.84452609216
2.55500000000006,2120.62633672648
2.55600000000004,2125.61350422491
2.55700000000002,2128.98656995434
2.55800000000022,2132.96653999705
2.5590000000002,2137.48478787819
2.56000000000017,2142.33148351901
2.56100000000015,2147.21781832671
2.56200000000013,2151.55847501202
2.5630000000001,2153.43048049531
2.56400000000008,2154.91685621459
2.56500000000005,2155.98157341267
2.56600000000003,2156.51597223044
2.56700000000001,2156.34551736624
2.56800000000021,2154.93407414269
2.56900000000019,2150.46493606374
2.57000000000016,2144.96789142687
2.57100000000014,2138.39774630407
2.57200000000012,2130.71120980114
2.57300000000009,2121.93584421106
2.57400000000007,2111.87023110391
2.57500000000005,2099.26593227744
2.57600000000002,2086.75400078817
2.57700000000023,2074.870992683
2.5780000000002,2063.97990795021
2.57900000000018,2054.20683084613
2.58000000000015,2044.9837110378
2.58100000000013,2034.20898854688
2.58200000000011,2023.74339661291
2.58300000000008,2013.12777129279
2.58400000000006,2001.81780787217
2.58500000000004,1989.29288694217
2.58600000000001,1974.61189368427
2.58700000000022,1955.55054467276
2.58800000000019,1935.03210977581
2.58900000000017,1913.8230125056
2.59000000000015,1892.81647541349
2.59100000000012,1872.87313474356
2.5920000000001,1854.0089236019
2.59300000000007,1834.36565630219
2.59400000000005,1817.05964962458
2.59500000000003,1802.35200025037
2.596,1790.20600848432
2.59700000000021,1780.3073383861
2.59800000000018,1771.56650473495
2.59900000000016,1761.77355859363
2.60000000000014,1752.56293206501
2.60100000000011,1743.52314481568
2.60200000000009,1734.35173400875
2.60300000000007,1724.94267478386
2.60400000000004,1715.12611908419
2.60500000000002,1704.8030309978
2.60600000000022,1695.6055842248
2.6070000000002,1687.6681486943
2.60800000000017,1680.84883593049
2.60900000000015,1674.79817899699
2.61000000000013,1668.78622813491
2.6110000000001,1662.11725638964
2.61200000000008,1655.65391151124
2.61300000000006,1649.07025769985
2.61400000000003,1642.14653577015
2.61500000000001,1634.88491931199
2.61600000000021,1627.24769690617
2.61700000000019,1619.47935130836
2.61800000000017,1613.28241120617
2.61900000000014,1608.89656018066
2.62000000000012,1606.20775609672
2.62100000000009,1604.79722954539
2.62200000000007,1603.69566718786
2.62300000000005,1601.95665456354
2.62400000000002,1600.21405862101
2.625,1597.89616197602
2.6260000000002,1594.63537165283
2.62700000000018,1590.4667767282
2.62800000000016,1585.37642778741
2.62900000000013,1579.78333078031
2.63000000000011,1577.28002821106
2.63100000000009,1580.12346839775
2.63200000000006,1590.66611848767
2.63300000000004,1611.12908952875
2.63400000000001,1642.7107593557
2.63500000000022,1685.91568738868
2.63600000000019,1743.23272462397
2.63700000000017,1814.65629555442
2.63800000000015,1899.41367316739
2.63900000000012,1996.15067704897
2.6400000000001,2102.55188385616
2.64100000000008,2216.22149317599
2.64200000000005,2337.11274626272
2.64300000000003,2463.69093347971
2.64400000000001,2594.32788641092
2.64500000000021,2727.06329290781
2.64600000000019,2858.61567637374
2.64700000000016,2984.67866498605
2.64800000000014,3101.46791764171
2.64900000000011,3201.94246710858
2.65000000000009,3277.30455044472
2.65100000000007,3317.51885762795
2.65200000000004,3311.60158763409
2.65300000000002,3249.6811906404
2.65400000000022,3126.23205042898
2.6550000000002,2938.08925747181
2.65600000000018,2686.92564422959
2.65700000000015,2379.92202669664
2.65800000000013,2029.11662634275
2.65900000000011,1651.51524773856
2.66000000000008,1269.19470346819
2.66100000000006,904.030205577609
2.66200000000003,576.577102901158
2.66300000000001,303.736129107525
2.66400000000021,96.1460596841583
2.66500000000019,-42.1490931800875
2.66600000000017,-112.725811828789
2.66700000000014,-125.184210853695
2.66800000000012,-94.4754196558321
2.6690000000001,-38.6864732144352
2.67000000000007,22.9260270208051
2.67100000000005,73.6159892876774
2.67200000000003,102.629519353975
2.673,104.011897232553
2.67400000000021,78.4293759550594
2.67500000000018,32.8614674820718
2.67600000000016,-21.329006964504
2.67700000000013,-69.3041120487715
2.67800000000011,-94.1884469710312
2.67900000000009,-82.2518784652796
2.68000000000006,-24.0256780646167
2.68100000000004,84.1701434003826
2.68200000000002,238.909527722466
2.68300000000022,431.203898476799
2.6840000000002,648.62540931293
2.68500000000017,874.720880933267
2.68600000000015,1092.36501399728
2.68700000000013,1286.06185176428
2.6880000000001,1443.17097268444
2.68900000000008,1556.45902942914
2.69000000000005,1625.26186553797
2.69100000000003,1652.70476019725
2.69200000000001,1645.64993374381
2.69300000000021,1613.19922357718
2.69400000000019,1564.32737138271
2.69500000000016,1507.83675532918
2.69600000000014,1451.8682520021
2.69700000000012,1401.04782638163
2.69800000000009,1357.5407126086
2.69900000000007,1321.55102543264
2.70000000000005,1291.20786228035
2.70100000000002,1265.18788997728
2.70200000000023,1243.71827948248
2.7030000000002,1226.38936761786
2.70400000000018,1213.40237373591
2.70500000000015,1205.38060348324
2.70600000000013,1201.90519557533
2.70700000000011,1203.54490731789
2.70800000000008,1211.50877384036
2.70900000000006,1224.57900675114
2.71000000000004,1240.69889069665
2.71100000000001,1257.3566102284
2.71200000000022,1270.80382375016
2.71300000000019,1279.45617683569
2.71400000000017,1283.81783821938
2.71500000000015,1283.5134214318
2.71600000000012,1278.88494758261
2.7170000000001,1270.8748086191
2.71800000000007,1259.79286650777
2.71900000000005,1247.26023459908
2.72000000000003,1235.7250412249
2.721,1225.99443951769
2.72200000000021,1218.3183003939
2.72300000000018,1212.49017695839
2.72400000000016,1207.53713260879
2.72500000000014,1202.74627464767
2.72600000000011,1198.29226709326
2.72700000000009,1194.19337200484
2.72800000000007,1190.65036483592
2.72900000000004,1187.91293830904
2.73000000000002,1185.67927473769
2.73100000000022,1183.76633799766
2.7320000000002,1182.55541309574
2.73300000000017,1182.01652808249
2.73400000000015,1182.05405534722
2.73500000000013,1182.51391405158
2.7360000000001,1182.72068585257
2.73700000000008,1182.31973693743
2.73800000000006,1181.69523895997
2.73900000000003,1180.99488520497
2.74000000000001,1180.38384165153
2.74100000000021,1179.95468343686
2.74200000000019,1179.11687057966
2.74300000000017,1177.64457853073
2.74400000000014,1175.96257279935
2.74500000000012,1174.18859620215
2.74600000000009,1172.52500369044
2.74700000000007,1171.22845731448
2.74800000000005,1169.6232803472
2.74900000000002,1168.2715342442
2.75,1168.31079568676
2.7510000000002,1169.97877400412
2.75200000000018,1173.33412434082
2.75300000000016,1178.24070537696
2.75400000000013,1183.33945830549
2.75500000000011,1188.60183083174
2.75600000000009,1194.47864528394
2.75700000000006,1200.55170075177
2.75800000000004,1206.40253240139
2.75900000000001,1211.6805718199
2.76000000000022,1215.17178152255
2.76100000000019,1217.1905836599
2.76200000000017,1218.71370353942
2.76300000000015,1220.09699618425
2.76400000000012,1221.69272323496
2.7650000000001,1223.76936236954
2.76600000000008,1225.47135948878
2.76700000000005,1227.1693982016
2.76800000000003,1229.54556595241
2.76900000000001,1232.50492776869
2.77000000000021,1235.86235287878
2.77100000000019,1239.3913420658
2.77200000000016,1241.84851084196
2.77300000000014,1243.56390112559
2.77400000000011,1245.34376427787
2.77500000000009,1247.41331871399
2.77600000000007,1250.01254375801
2.77700000000004,1253.33293456637
2.77800000000002,1256.40173868259
2.77900000000022,1259.70068203879
2.7800000000002,1263.88216409807
2.78100000000018,1268.8179673883
2.78200000000015,1274.24151077326
2.78300000000013,1279.78589490744
2.78400000000011,1283.97410959521
2.78500000000008,1286.98648256233
2.78600000000006,1289.35003877994
2.78700000000003,1291.11117973795
2.78800000000001,1292.41359896417
2.78900000000021,1293.46446097148
2.79000000000019,1293.41664381359
2.79100000000017,1293.092034587
2.79200000000014,1293.4584261729
2.79300000000012,1294.84053934336
2.7940000000001,1297.43832301107
2.79500000000007,1301.30000449814
2.79600000000005,1305.21743597699
2.79700000000003,1309.607902698
2.798,1314.91702069066
2.79900000000021,1320.98696442385
2.80000000000018,1327.60683877151
2.80100000000016,1334.52312392726
2.80200000000013,1340.33278536176
2.80300000000011,1345.45998803308
2.80400000000009,1350.4060276202
2.80500000000006,1355.19029342162
2.80600000000004,1359.84839663564
2.80700000000002,1364.4096703217
2.80800000000022,1367.74385645692
2.8090000000002,1370.57480369231
2.81000000000017,1373.57399918284
2.81100000000015,1376.88126710705
2.81200000000013,1380.56734164645
2.8130000000001,1384.61466583625
2.81400000000008,1387.7521286258
2.81500000000005,1390.6042812928
2.81600000000003,1393.65903376957
2.81700000000001,1396.91254481529
2.81800000000021,1400.3366464626
2.81900000000019,1403.87373783577
2.82000000000016,1406.22207546185
2.82100000000014,1408.14699489148
2.82200000000012,1410.2261371327
2.82300000000009,1412.55699509218
2.82400000000007,1415.18805025223
2.82500000000005,1418.09712786524
2.82600000000002,1419.902626944
2.82700000000023,1421.3999799635
2.8280000000002,1423.11828339087
2.82900000000018,1425.12872067399
2.83000000000015,1427.48181015078
2.83100000000013,1430.19049227895
2.83200000000011,1431.85638565047
2.83300000000008,1433.42470554806
2.83400000000006,1435.48327607696
2.83500000000004,1438.12462086052
2.83600000000001,1441.34558499384
2.83700000000022,1445.01526346236
2.83800000000019,1447.45122574129
2.83900000000017,1449.3903690082
2.84000000000015,1451.1261721676
2.84100000000012,1452.52939199341
2.8420000000001,1453.48819188098
2.84300000000007,1453.91850523365
2.84400000000005,1452.32282670246
2.84500000000003,1449.88625189811
2.846,1447.36730505421
2.84700000000021,1445.15982073129
2.84800000000018,1443.62730986489
2.84900000000016,1443.03142870099
2.85000000000014,1441.9974158655
2.85100000000011,1441.69525686118
2.85200000000009,1442.55261547685
2.85300000000007,1444.46707305094
2.85400000000004,1447.18818959806
2.85500000000002,1450.33830327055
2.85600000000022,1451.94269242272
2.8570000000002,1452.82651470681
2.85800000000017,1453.20472258545
2.85900000000015,1453.02949824796
2.86000000000013,1452.33487067506
2.8610000000001,1451.20838370694
2.86200000000008,1448.20148490589
2.86300000000006,1444.80634002476
2.86400000000003,1441.73188395967
2.86500000000001,1439.29946274652
2.86600000000021,1437.72305971624
2.86700000000019,1437.07194452393
2.86800000000017,1435.67007261854
2.86900000000014,1434.77621176048
2.87000000000012,1434.72098032484
2.87100000000009,1435.50199049961
2.87200000000007,1437.11049927881
2.87300000000005,1439.54066991157
2.87400000000002,1441.1825498675
2.875,1443.58214766988
2.8760000000002,1447.34696517363
2.87700000000018,1452.78502363039
2.87800000000016,1460.12723111753
2.87900000000013,1469.47027484291
2.88000000000011,1479.11506184168
2.88100000000009,1490.40126517264
2.88200000000006,1503.47702627321
2.88300000000004,1518.11239335883
2.88400000000001,1533.9724106379
2.88500000000022,1550.64059602531
2.88600000000019,1565.99247438337
2.88700000000017,1581.19844937389
2.88800000000015,1596.30806393413
2.88900000000012,1611.1543795212
2.8900000000001,1625.55409294591
2.89100000000008,1639.27598037282
2.89200000000005,1650.32079047015
2.89300000000003,1660.06875290726
2.89400000000001,1668.6437318567
2.89500000000021,1675.96243391379
2.89600000000019,1681.94904617325
2.89700000000016,1686.54477123207
2.89800000000014,1687.97552630642
2.89900000000011,1688.06444612434
2.90000000000009,1687.35835686114
2.90100000000007,1686.2512272081
2.90200000000004,1685.10766936229
2.90300000000002,1684.2044383675
2.90400000000022,1681.92146400152
2.9050000000002,1680.1293256748
2.90600000000018,1679.15040539046
2.90700000000015,1679.03576045825
2.90800000000013,1679.72471687204
2.90900000000011,1681.06042758538
2.91000000000008,1681.02054528584
2.91100000000006,1681.26879058414
2.91200000000003,1681.96950329555
2.91300000000001,1683.16244379598
2.91400000000021,1684.85808446943
2.91500000000019,1687.0033254467
2.91600000000017,1687.62570047243
2.91700000000014,1688.49942903145
2.91800000000012,1689.74153680976
2.9190000000001,1691.31769235835
2.92000000000007,1693.13575669995
2.92100000000005,1695.04328171644
2.92200000000003,1694.96535248222
2.923,1694.72107004122
2.92400000000021,1694.42762788048
2.92500000000018,1694.10677768617
2.92600000000016,1693.72464762877
2.92700000000013,1693.16425868491
2.92800000000011,1690.3225265329
2.92900000000009,1687.04186268485
2.93000000000006,1683.37561347515
2.93100000000004,1679.33833821563
2.93200000000002,1674.95502629715
2.93300000000022,1670.26137705851
2.9340000000002,1663.3954067475
2.93500000000017,1656.58828000433
2.93600000000015,1650.24160710841
2.93700000000013,1644.72649529985
2.9380000000001,1640.34216325896
2.93900000000008,1637.2356694927
2.94000000000005,1633.5582638169
2.94100000000003,1631.35446843942
2.94200000000001,1630.70072412781
2.94300000000021,1631.55938708846
2.94400000000019,1633.8018368435
2.94500000000016,1637.15883813278
2.94600000000014,1639.50283030345
2.94700000000012,1642.70836326275
2.94800000000009,1646.72861049819
2.94900000000007,1651.45513515328
2.95000000000005,1656.70737000677
2.95100000000002,1662.12300882141
2.95200000000023,1665.51923822887
2.9530000000002,1668.69533974734
2.95400000000018,1671.49561678782
2.95500000000015,1673.74762365622
2.95600000000013,1675.30521814365
2.95700000000011,1675.95180068913
2.95800000000008,1673.89395286107
2.95900000000006,1671.41062723097
2.96000000000004,1668.91604814335
2.96100000000001,1666.82320212263
2.96200000000022,1665.49977873648
2.96300000000019,1665.05714432314
2.96400000000017,1663.89599781851
2.96500000000015,1664.15065142562
2.96600000000012,1665.86838336558
2.9670000000001,1668.89389582257
2.96800000000007,1672.90633991547
2.96900000000005,1677.27960700035
2.97000000000003,1679.83150864066
2.971,1682.27812982452
2.97200000000021,1684.5187249743
2.97300000000018,1686.53559755223
2.97400000000016,1688.4027399344
2.97500000000014,1690.03921037428
2.97600000000011,1689.9544090448
2.97700000000009,1690.46634059825
2.97800000000007,1691.92122624093
2.97900000000004,1694.49355864513
2.98000000000002,1698.14812539412
2.98100000000022,1702.37146886435
2.9820000000002,1705.10428921549
2.98300000000017,1707.90651879603
2.98400000000015,1710.41562583903
2.98500000000013,1712.26952898206
2.9860000000001,1713.18572818078
2.98700000000008,1712.7310738822
2.98800000000006,1709.38888237608
2.98900000000003,1705.436013495
2.99000000000001,1701.42758632763
2.99100000000021,1697.92319656923
2.99200000000019,1695.40131549855
2.99300000000017,1693.86314748186
2.99400000000014,1691.94245578748
2.99500000000012,1691.55533197943
2.99600000000009,1692.60264299886
2.99700000000007,1694.77128206528
2.99800000000005,1697.60329180294
2.99900000000002,1700.2359621346
3,1700.77885333513
3.0010000000002,1700.82082281915
3.00200000000018,1700.34366975102
3.00300000000016,1699.43080512772
3.00400000000013,1698.23976100768
3.00500000000011,1696.58385533941
3.00600000000009,1693.29830011635
3.00700000000006,1690.42539341677
3.00800000000004,1688.18915075729
3.00900000000001,1686.64870552418
3.01000000000022,1685.70390187677
3.01100000000019,1684.72647652669
3.01200000000017,1682.1620850058
3.01300000000015,1679.64093237016
3.01400000000012,1677.15776003069
3.0150000000001,1674.76988355543
3.01600000000008,1672.62029461799
3.01700000000005,1670.51407891143
3.01800000000003,1667.58307389737
3.01900000000001,1665.98973603856
3.02000000000021,1666.19763170919
3.02100000000019,1668.51420000252
3.02200000000016,1673.04743009565
3.02300000000014,1679.25095671568
3.02400000000011,1685.76309936669
3.02500000000009,1693.87399300542
3.02600000000007,1703.17010657872
3.02700000000004,1713.1406987413
3.02800000000002,1723.25716429676
3.02900000000022,1732.5839897416
3.0300000000002,1739.78149740769
3.03100000000018,1746.33725303877
3.03200000000015,1752.28986720903
3.03300000000013,1757.69835903526
3.03400000000011,1762.60623904911
3.03500000000008,1766.52257590322
3.03600000000006,1768.47435424588
3.03700000000003,1770.02670355263
3.03800000000001,1771.15354361925
3.03900000000021,1771.75093272755
3.04000000000019,1771.69395273488
3.04100000000017,1770.38231693802
3.04200000000014,1766.97673629551
3.04300000000012,1763.2535831207
3.0440000000001,1759.56730746947
3.04500000000007,1756.26664919164
3.04600000000005,1753.65301882159
3.04700000000003,1751.39827103613
3.048,1748.81629210257
3.04900000000021,1747.47526968415
3.05000000000018,1747.30164312108
3.05100000000016,1748.02914637563
3.05200000000013,1749.26108634477
3.05300000000011,1749.98616568958
3.05400000000009,1749.07543199806
3.05500000000006,1747.80889895541
3.05600000000004,1746.14699742937
3.05700000000002,1744.13001302452
3.05800000000022,1741.87428962781
3.0590000000002,1738.93992865763
3.06000000000017,1734.82711073975
3.06100000000015,1731.33206521517
3.06200000000013,1728.72481201665
3.0630000000001,1727.10364699434
3.06400000000008,1726.37669707959
3.06500000000005,1725.53684503441
3.06600000000003,1723.35650944384
3.06700000000001,1721.14266095423
3.06800000000021,1718.5985473037
3.06900000000019,1715.36270633994
3.07000000000016,1711.02493744671
3.07100000000014,1704.23957943556
3.07200000000012,1693.61960069903
3.07300000000009,1681.0306136494
3.07400000000007,1666.79285003713
3.07500000000005,1651.36812060229
3.07600000000002,1635.28736201002
3.07700000000023,1617.97461817742
3.0780000000002,1598.75508427669
3.07900000000018,1580.43727075379
3.08000000000015,1563.87838037349
3.08100000000013,1549.75208492777
3.08200000000011,1538.41926078304
3.08300000000008,1528.96277516946
3.08400000000006,1520.26556162585
3.08500000000004,1513.40488517396
3.08600000000001,1507.79450785666
3.08700000000022,1502.84846532594
3.08800000000019,1498.14757360388
3.08900000000017,1493.07099067797
3.09000000000015,1487.72851337066
3.09100000000012,1483.39698058518
3.0920000000001,1480.34575226714
3.09300000000007,1478.63746252844
3.09400000000005,1478.07282281767
3.09500000000003,1477.80734386093
3.096,1477.33399880287
3.09700000000021,1476.6508659915
3.09800000000018,1474.91382829953
3.09900000000016,1471.46987451576
3.10000000000014,1466.10442038437
3.10100000000011,1458.77530287856
3.10200000000009,1450.555294772
3.10300000000007,1443.36796012028
3.10400000000004,1438.22911309289
3.10500000000002,1435.7446582146
3.10600000000022,1435.95356472926
3.1070000000002,1437.7744705962
3.10800000000017,1440.2882426752
3.10900000000015,1443.15920997688
3.11000000000013,1445.21131926024
3.1110000000001,1445.71476545975
3.11200000000008,1444.7567795938
3.11300000000006,1442.58336561958
3.11400000000003,1441.16055322911
3.11500000000001,1444.65404336809
3.11600000000021,1456.21334294623
3.11700000000019,1478.54520136124
3.11800000000017,1513.3903259073
3.11900000000014,1560.23175000872
3.12000000000012,1618.06015511865
3.12100000000009,1686.402629787
3.12200000000007,1763.02257387892
3.12300000000005,1845.77665963368
3.12400000000002,1933.2482867416
3.125,2024.27496508585
3.1260000000002,2119.84653407222
3.12700000000018,2223.20079640618
3.12800000000016,2336.67226536017
3.12900000000013,2461.82847258107
3.13000000000011,2598.46418924089
3.13100000000009,2742.86263656095
3.13200000000006,2889.17267447621
3.13300000000004,3029.62177437123
3.13400000000001,3152.866719544
3.13500000000022,3246.1261543734
3.13600000000019,3296.66813865972
3.13700000000017,3292.52117321093
3.13800000000015,3225.96159160681
3.13900000000012,3094.79418127327
3.1400000000001,2900.85774161694
3.14100000000008,2651.05300313409
3.14200000000005,2356.76894090319
3.14300000000003,2031.83816827725
3.14400000000001,1693.10157728639
3.14500000000021,1358.76316268497
3.14600000000019,1044.74411627988
3.14700000000016,764.231510631673
3.14800000000014,526.641899085244
3.14900000000011,336.078296865438
3.15000000000009,193.333975301193
3.15100000000007,96.0986367912625
3.15200000000004,37.827723402694
3.15300000000002,9.71885622325584
3.15400000000022,1.97235473729294
3.1550000000002,4.13179471721605
3.15600000000018,8.48056599941279
3.15700000000015,10.6940234996367
3.15800000000013,8.68762942343493
3.15900000000011,3.64995563477375
3.16000000000008,-0.264220120378837
3.16100000000006,2.32597829956147
3.16200000000003,19.203566561939
3.16300000000001,58.7768818216623
3.16400000000021,127.111096681387
3.16500000000019,227.628714229763
3.16600000000017,360.340014861024
3.16700000000014,520.552069951401
3.16800000000012,701.505306873359
3.1690000000001,894.521098559006
3.17000000000007,1088.5954000909
3.17100000000005,1272.53593169926
3.17200000000003,1436.27739950332
3.173,1570.93120138529
3.17400000000021,1672.01665957057
3.17500000000018,1738.949424831
3.17600000000016,1773.38389910687
3.17700000000013,1779.40909555719
3.17800000000011,1762.7043410659
3.17900000000009,1728.49846660475
3.18000000000006,1683.44231813136
3.18100000000004,1633.95378109626
3.18200000000002,1584.44905476739
3.18300000000022,1538.03531697162
3.1840000000002,1496.63559147421
3.18500000000017,1459.96760221298
3.18600000000015,1429.14561352839
3.18700000000013,1405.41810905834
3.1880000000001,1388.93485043743
3.18900000000008,1379.70839809901
3.19000000000005,1377.58195696528
3.19100000000003,1380.59013336993
3.19200000000001,1388.98835958812
3.19300000000021,1402.88601179778
3.19400000000019,1420.85507652767
3.19500000000016,1441.1445259077
3.19600000000014,1461.9168789953
3.19700000000012,1479.69963438313
3.19800000000009,1494.52064728136
3.19900000000007,1506.90674179566
3.20000000000005,1516.52453261681
3.20100000000002,1523.35739163579
3.20200000000023,1527.65749344259
3.2030000000002,1528.37584759563
3.20400000000018,1526.96404065946
3.20500000000015,1524.92576371281
3.20600000000013,1522.66800053624
3.20700000000011,1520.35529204809
3.20800000000008,1517.96271827675
3.20900000000006,1514.45539430574
3.21000000000004,1510.00643189797
3.21100000000001,1505.29397601709
3.21200000000022,1500.73221353308
3.21300000000019,1496.79048567845
3.21400000000017,1493.86197542737
3.21500000000015,1491.36356388955
3.21600000000012,1489.43963667418
3.2170000000001,1488.52486182691
3.21800000000007,1488.68893124906
3.21900000000005,1489.92814039597
3.22000000000003,1492.14159414805
3.221,1494.31333865337
3.22200000000021,1496.37037603961
3.22300000000018,1498.6694193499
3.22400000000016,1501.36825063391
3.22500000000014,1504.64435145386
3.22600000000011,1508.59626271452
3.22700000000009,1512.18486585706
3.22800000000007,1515.648229932
3.22900000000004,1519.38838040462
3.23000000000002,1523.43660825841
3.23100000000022,1527.81361897412
3.2320000000002,1532.49748353474
3.23300000000017,1535.98747279506
3.23400000000015,1539.14549580991
3.23500000000013,1542.6486446782
3.2360000000001,1546.55794443184
3.23700000000008,1550.88466497574
3.23800000000006,1555.57935723035
3.23900000000003,1558.97904680798
3.24000000000001,1562.1047567319
3.24100000000021,1565.60798557846
3.24200000000019,1569.46964022583
3.24300000000017,1573.59826820293
3.24400000000014,1577.83929131889
3.24500000000012,1580.5123062515
3.24600000000009,1582.53043830204
3.24700000000007,1584.51489288457
3.24800000000005,1586.58100608423
3.24900000000002,1588.83475186874
3.25,1591.34211991708
3.2510000000002,1592.62721075852
3.25200000000018,1593.76160376098
3.25300000000016,1595.40577630008
3.25400000000013,1597.67943877083
3.25500000000011,1600.61377057983
3.25600000000009,1604.13128870703
3.25700000000006,1606.50739214646
3.25800000000004,1608.71886029326
3.25900000000001,1611.22512692135
3.26000000000022,1614.00704376237
3.26100000000019,1617.03667481834
3.26200000000017,1620.27461924753
3.26300000000015,1622.07906075904
3.26400000000012,1623.72732195519
3.2650000000001,1625.89442820148
3.26600000000008,1628.77315418659
3.26700000000005,1632.4772084695
3.26800000000003,1637.00205042525
3.26900000000001,1640.59340181541
3.27000000000021,1644.3745056896
3.27100000000019,1648.69146566683
3.27200000000016,1653.39684930487
3.27300000000014,1658.28094031576
3.27400000000011,1663.09055720406
3.27500000000009,1665.92350213056
3.27600000000007,1667.97328228453
3.27700000000004,1669.72737336664
3.27800000000002,1671.33480500887
3.27900000000022,1672.95814054234
3.2800000000002,1674.73291287369
3.28100000000018,1675.0760606306
3.28200000000015,1675.50277975608
3.28300000000013,1676.61875317755
3.28400000000011,1678.59997470329
3.28500000000008,1681.52980654003
3.28600000000006,1685.38388442205
3.28700000000003,1688.33693018666
3.28800000000001,1691.73923041002
3.28900000000021,1695.92664906033
3.29000000000019,1700.83541065703
3.29100000000017,1706.31868642387
3.29200000000014,1712.13819022076
3.29300000000012,1716.24850009958
3.2940000000001,1719.93645576508
3.29500000000007,1723.44304549858
3.29600000000005,1726.7326863214
3.29700000000003,1729.80315180591
3.298,1732.68030452765
3.29900000000021,1733.64652512486
3.30000000000018,1734.47973028689
3.30100000000016,1735.79243494105
3.30200000000013,1737.85420105954
3.30300000000011,1740.8070925293
3.30400000000009,1744.61714547838
3.30500000000006,1747.23810676004
3.30600000000004,1750.09816239328
3.30700000000002,1753.2542345084
3.30800000000022,1756.44915494279
3.3090000000002,1759.40623975299
3.31000000000017,1761.86690408499
3.31100000000015,1761.73047382667
3.31200000000013,1760.79122375523
3.3130000000001,1759.55925486351
3.31400000000008,1758.3654394288
3.31500000000005,1757.5159196119
3.31600000000003,1757.21616135999
3.31700000000001,1755.54749609844
3.31800000000021,1754.42132160078
3.31900000000019,1754.11434789028
3.32000000000016,1754.57590418903
3.32100000000014,1755.64538726816
3.32200000000012,1757.07730274008
3.32300000000009,1756.53909510038
3.32400000000007,1755.87172445116
3.32500000000005,1755.35402569369
3.32600000000002,1755.13543673653
3.32700000000023,1755.36445440033
3.3280000000002,1756.13135553203
3.32900000000018,1755.32928688632
3.33000000000015,1755.04820335508
3.33100000000013,1755.54158406911
3.33200000000011,1756.8077384922
3.33300000000008,1758.72423240449
3.33400000000006,1761.05107336615
3.33500000000004,1761.32295990016
3.33600000000001,1761.47472766872
3.33700000000022,1761.61015662313
3.33800000000019,1761.75119505765
3.33900000000017,1761.9333577662
3.34000000000015,1762.17472310488
3.34100000000012,1760.28987677705
3.3420000000001,1758.57747394063
3.34300000000007,1757.33323784866
3.34400000000005,1756.69483262448
3.34500000000003,1756.68896763384
3.346,1757.20874688757
3.34700000000021,1755.8342197932
3.34800000000018,1754.68316058328
3.34900000000016,1753.78186556755
3.35000000000014,1753.09612309834
3.35100000000011,1752.58794592998
3.35200000000009,1752.21559714432
3.35300000000007,1749.70580889428
3.35400000000004,1747.5704070463
3.35500000000002,1746.16496223505
3.35600000000022,1745.81769211363
3.3570000000002,1746.7943654696
3.35800000000017,1749.21354302364
3.35900000000015,1750.91553660718
3.36000000000013,1754.27805853239
3.3610000000001,1759.39416052252
3.36200000000008,1766.22028773492
3.36300000000006,1774.5972783958
3.36400000000003,1784.1953259398
3.36500000000001,1792.57924520723
3.36600000000021,1801.84496202756
3.36700000000019,1811.94761879183
3.36800000000017,1822.81363513606
3.36900000000014,1834.33654764861
3.37000000000012,1846.25382456527
3.37100000000009,1856.30349172541
3.37200000000007,1866.6570287154
3.37300000000005,1877.3287186817
3.37400000000002,1888.27022269256
3.375,1899.37884186418
3.3760000000002,1910.36036524534
3.37700000000018,1919.04422175049
3.37800000000016,1927.58989044575
3.37900000000013,1936.05280526023
3.38000000000011,1944.42774310874
3.38100000000009,1952.64166557743
3.38200000000006,1960.37155497494
3.38300000000004,1965.47620424654
3.38400000000001,1970.06087974723
3.38500000000022,1974.15259255982
3.38600000000019,1977.7498484982
3.38700000000017,1980.83746304789
3.38800000000015,1983.18153566449
3.38900000000012,1982.8717026193
3.3900000000001,1982.226822096
3.39100000000008,1981.50862254015
3.39200000000005,1980.91095565596
3.39300000000003,1980.53274287745
3.39400000000001,1980.11439830003
3.39500000000021,1977.72040578035
3.39600000000019,1975.43539559196
3.39700000000016,1973.27762445869
3.39800000000014,1971.21475839244
3.39900000000011,1969.19984317198
3.40000000000009,1966.92230605453
3.40100000000007,1962.63629337872
3.40200000000004,1958.67464831091
3.40300000000002,1955.41056253771
3.40400000000022,1953.17319499702
3.4050000000002,1952.19336096628
3.40600000000018,1952.2379477533
3.40700000000015,1951.50601947271
3.40800000000013,1951.9754634368
3.40900000000011,1953.49014156144
3.41000000000008,1955.72953068541
3.41100000000006,1958.25726781397
3.41200000000003,1960.2346438005
3.41300000000001,1959.54858962018
3.41400000000021,1958.04193857617
3.41500000000019,1955.74572215857
3.41600000000017,1952.79622664055
3.41700000000014,1949.41391665173
3.41800000000012,1945.48260312766
3.4190000000001,1939.69706304667
3.42000000000007,1934.48240296859
3.42100000000005,1930.27180634818
3.42200000000003,1927.34181880823
3.423,1925.78154721325
3.42400000000021,1925.06534970535
3.42500000000018,1923.39785919934
3.42600000000016,1922.5506862514
3.42700000000013,1922.30714050569
3.42800000000011,1922.38016375674
3.42900000000009,1922.45980264925
3.43000000000006,1921.80213650682
3.43100000000004,1918.74115980527
3.43200000000002,1915.3826040909
3.43300000000022,1912.0481119275
3.4340000000002,1909.14118115888
3.43500000000017,1907.10928544888
3.43600000000015,1905.88544760591
3.43700000000013,1904.42768898578
3.4380000000001,1905.16612192382
3.43900000000008,1908.3905017788
3.44000000000005,1914.08695614229
3.44100000000003,1921.91672366102
3.44200000000001,1930.69386554832
3.44300000000021,1938.20455889033
3.44400000000019,1945.66096620417
3.44500000000016,1952.33931640365
3.44600000000014,1957.59120661795
3.44700000000012,1960.95108139046
3.44800000000009,1961.62964798185
3.44900000000007,1958.44341769892
3.45000000000005,1953.9422508419
3.45100000000002,1948.95785469336
3.45200000000023,1944.35986186896
3.4530000000002,1940.93083967163
3.45400000000018,1938.63809452187
3.45500000000015,1936.59838327682
3.45600000000013,1936.96560887505
3.45700000000011,1939.71596719125
3.45800000000008,1944.53067788531
3.45900000000006,1950.88013685694
3.46000000000004,1957.4731493466
3.46100000000001,1962.54079524255
3.46200000000022,1967.64710009692
3.46300000000019,1972.63238064206
3.46400000000017,1977.41717934738
3.46500000000015,1981.97613458676
3.46600000000012,1985.60532183874
3.4670000000001,1987.2047928533
3.46800000000007,1988.80847292482
3.46900000000005,1990.57431231544
3.47000000000003,1992.55431962936
3.471,1994.70422317281
3.47200000000021,1996.16873019338
3.47300000000018,1995.78057982786
3.47400000000016,1995.48908809666
3.47500000000014,1995.45205754187
3.47600000000011,1995.78907634285
3.47700000000009,1996.55996650851
3.47800000000007,1996.96961152816
3.47900000000004,1995.97094811411
3.48000000000002,1995.46418465812
3.48100000000022,1995.52896360772
3.4820000000002,1996.16696351378
3.48300000000017,1997.31780611406
3.48400000000015,1998.06970691796
3.48500000000013,1997.43005345647
3.4860000000001,1997.30534518559
3.48700000000008,1997.87478776981
3.48800000000006,1999.25013903234
3.48900000000003,2001.44352675279
3.49000000000001,2003.50427859077
3.49100000000021,2004.41700423043
3.49200000000019,2005.86383396897
3.49300000000017,2007.78943047854
3.49400000000014,2010.08051152687
3.49500000000012,2012.59294497574
3.49600000000009,2014.29882178508
3.49700000000007,2014.34234041987
3.49800000000005,2014.56770606547
3.49900000000002,2015.18117066989
3.5,2016.3204534818
3.5010000000002,2018.0092249925
3.50200000000018,2019.21386373708
3.50300000000016,2019.04144864707
3.50400000000013,2019.07388137461
3.50500000000011,2019.22526424349
3.50600000000009,2019.37734818765
3.50700000000006,2019.42402800671
3.50800000000004,2018.36486970146
3.50900000000001,2015.67258020303
3.51000000000022,2013.31614930309
3.51100000000019,2011.71739294884
3.51200000000017,2011.24152293482
3.51300000000015,2012.13576247462
3.51400000000012,2013.53361648609
3.5150000000001,2014.90028480077
3.51600000000008,2017.77983101039
3.51700000000005,2022.07445897665
3.51800000000003,2027.57279915765
3.51900000000001,2034.00817071395
3.52000000000021,2040.13513028156
3.52100000000019,2045.37538689877
3.52200000000016,2051.32366386559
3.52300000000014,2058.1295812604
3.52400000000011,2065.89357893997
3.52500000000009,2074.61418009762
3.52600000000007,2083.12575742595
3.52700000000004,2090.85002991706
3.52800000000002,2099.09166764657
3.52900000000022,2107.58810689932
3.5300000000002,2115.98796211489
3.53100000000018,2123.91677410759
3.53200000000015,2129.9794239358
3.53300000000013,2133.72914819023
3.53400000000011,2136.7588918475
3.53500000000008,2139.31807710516
3.53600000000006,2141.66279418724
3.53700000000003,2143.99652440259
3.53800000000001,2145.32306263162
3.53900000000021,2145.47824511992
3.54000000000019,2145.97653680296
3.54100000000017,2146.81088689573
3.54200000000014,2147.85469439911
3.54300000000012,2148.91604577265
3.5440000000001,2148.6740881379
3.54500000000007,2146.92681117718
3.54600000000005,2145.23905359642
3.54700000000003,2143.8783426252
3.548,2143.10482342607
3.54900000000021,2143.12370674518
3.55000000000018,2142.86754159111
3.55100000000016,2142.32632427734
3.55200000000013,2142.95631758745
3.55300000000011,2144.72157011727
3.55400000000009,2147.40905496848
3.55500000000006,2150.65636200875
3.55600000000004,2152.67324679408
3.55700000000002,2152.9812991206
3.55800000000022,2152.82068206869
3.5590000000002,2152.06633028463
3.56000000000017,2150.57371170003
3.56100000000015,2148.14475567813
3.56200000000013,2142.91073053818
3.5630000000001,2134.57292934382
3.56400000000008,2124.84838194858
3.56500000000005,2113.99293504592
3.56600000000003,2102.28771477217
3.56700000000001,2089.98866850027
3.56800000000021,2075.34523624384
3.56900000000019,2058.50929847424
3.57000000000016,2041.98591350024
3.57100000000014,2026.62718674646
3.57200000000012,2013.19979185985
3.57300000000009,2002.22744539706
3.57400000000007,1992.19843279705
3.57500000000005,1983.08234988466
3.57600000000002,1976.22150860477
3.57700000000023,1971.33834277869
3.5780000000002,1968.07214668419
3.57900000000018,1966.09552893184
3.58000000000015,1964.18875010797
3.58100000000013,1962.74802405514
3.58200000000011,1962.81483797424
3.58300000000008,1964.39966218119
3.58400000000006,1967.34552964059
3.58500000000004,1971.31514527789
3.58600000000001,1975.1861829824
3.58700000000022,1978.98014931845
3.58800000000019,1982.62824910825
3.58900000000017,1985.35029249436
3.59000000000015,1986.53706072194
3.59100000000012,1985.9753170007
3.5920000000001,1983.24830786503
3.59300000000007,1979.78263928594
3.59400000000005,1977.18845525096
3.59500000000003,1976.16660422087
3.596,1976.95472388029
3.59700000000021,1979.20821526052
3.59800000000018,1980.79881456681
3.59900000000016,1981.14968624405
3.60000000000014,1980.06916868241
3.60100000000011,1976.67905276396
3.60200000000009,1970.72512042245
3.60300000000007,1962.84282154104
3.60400000000004,1952.97002581052
3.60500000000002,1944.23148194959
3.60600000000022,1940.88486627125
3.6070000000002,1945.89527819813
3.60800000000017,1961.45788891354
3.60900000000015,1988.55376486582
3.61000000000013,2025.10154514988
3.6110000000001,2070.32307539072
3.61200000000008,2123.35268632013
3.61300000000006,2182.25436733291
3.61400000000003,2245.82837254857
3.61500000000001,2314.20595070669
3.61600000000021,2387.49553324611
3.61700000000019,2469.74376988184
3.61800000000017,2566.15770365327
3.61900000000014,2680.64317260559
3.62000000000012,2815.54759290448
3.62100000000009,2970.49433890877
3.62200000000007,3139.8945836191
3.62300000000005,3316.94124839438
3.62400000000002,3491.61073642159
3.625,3650.36870324052
3.6260000000002,3778.57831853862
3.62700000000018,3862.24148311603
3.62800000000016,3888.01176598048
3.62900000000013,3849.13262572439
3.63000000000011,3743.82784988288
3.63100000000009,3574.40747765051
3.63200000000006,3347.77635407039
3.63300000000004,3074.47614683151
3.63400000000001,2765.63444509286
3.63500000000022,2436.07212765178
3.63600000000019,2100.26434147346
3.63700000000017,1770.23898211803
3.63800000000015,1455.715371242
3.63900000000012,1163.81674779942
3.6400000000001,897.444347852764
3.64100000000008,660.339124670771
3.64200000000005,454.817936264855
3.64300000000003,281.557933649686
3.64400000000001,140.940937947923
3.64500000000021,33.4295081485381
3.64600000000019,-42.0371999978532
3.64700000000016,-83.2473460177428
3.64800000000014,-88.0157608320906
3.64900000000011,-55.2240795727204
3.65000000000009,15.5309819621407
3.65100000000007,123.512236509195
3.65200000000004,264.66248514348
3.65300000000002,436.385949805287
3.65400000000022,634.161635654355
3.6550000000002,851.134338731017
3.65600000000018,1079.17988212351
3.65700000000015,1309.38857381211
3.65800000000013,1530.80759503119
3.65900000000011,1736.24366429393
3.66000000000008,1919.3307016576
3.66100000000006,2074.64859675098
3.66200000000003,2198.7689802322
3.66300000000001,2290.38210578264
3.66400000000021,2348.30691276813
3.66500000000019,2376.51596462881
3.66600000000017,2379.92967617071
3.66700000000014,2363.6382872577
3.66800000000012,2333.0270646683
3.6690000000001,2293.27961203006
3.67000000000007,2247.03075606606
3.67100000000005,2199.64545866068
3.67200000000003,2155.04221649734
3.673,2115.59773638618
3.67400000000021,2082.87101657132
3.67500000000018,2057.72274634675
3.67600000000016,2038.31209537056
3.67700000000013,2026.34663235931
3.67800000000011,2022.37795954965
3.67900000000009,2025.9564240268
3.68000000000006,2036.30395075089
3.68100000000004,2052.31492342387
3.68200000000002,2070.11448600422
3.68300000000022,2090.36696117137
3.6840000000002,2112.31374691676
3.68500000000017,2134.33860270904
3.68600000000015,2154.86065220478
3.68700000000013,2172.50261100123
3.6880000000001,2183.37807690328
3.68900000000008,2189.81087722495
3.69000000000005,2192.74063000226
3.69100000000003,2192.5537974885
3.69200000000001,2189.84891404879
3.69300000000021,2185.37625975445
3.69400000000019,2177.39184662824
3.69500000000016,2169.16922912853
3.69600000000014,2162.3074595552
3.69700000000012,2157.44637602513
3.69800000000009,2154.87003656131
3.69900000000007,2154.52972247263
3.70000000000005,2154.27176231157
3.70100000000002,2155.04826504896
3.70200000000023,2157.10300742258
3.7030000000002,2160.32479984119
3.70400000000018,2164.55651127879
3.70500000000015,2169.52494540067
3.70600000000013,2173.36530304607
3.70700000000011,2176.38881624598
3.70800000000008,2178.76244995268
3.70900000000006,2180.57931603974
3.71000000000004,2182.0106816887
3.71100000000001,2183.21717193204
3.71200000000022,2182.7315806964
3.71300000000019,2181.61158228833
3.71400000000017,2180.61260583429
3.71500000000015,2180.34786709902
3.71600000000012,2181.36838075545
3.7170000000001,2184.00617757265
3.71800000000007,2186.14972783462
3.71900000000005,2189.36799024666
3.72000000000003,2193.85159027444
3.721,2199.32491579786
3.72200000000021,2205.39605120495
3.72300000000018,2211.59207384611
3.72400000000016,2214.83283514337
3.72500000000014,2217.25352001875
3.72600000000011,2219.25351961859
3.72700000000009,2220.9594236148
3.72800000000007,2222.55501474748
3.72900000000004,2224.23328846705
3.73000000000002,2223.54220953617
3.73100000000022,2223.24385601561
3.7320000000002,2224.06574864486
3.73300000000017,2226.27325761714
3.73400000000015,2229.94355967559
3.73500000000013,2234.94537461259
3.7360000000001,2238.39552860815
3.73700000000008,2242.44524402893
3.73800000000006,2247.25957395028
3.73900000000003,2252.71171131423
3.74000000000001,2258.6434947785
3.74100000000021,2264.85654354321
3.74200000000019,2268.46554449274
3.74300000000017,2271.96144665265
3.74400000000014,2275.78461765281
3.74500000000012,2280.14974249086
3.74600000000009,2285.21122795619
3.74700000000007,2291.00102329975
3.74800000000005,2294.62825162247
3.74900000000002,2298.74212682523
3.75,2303.57803792242
3.7510000000002,2309.06353983205
3.75200000000018,2315.00318270806
3.75300000000016,2321.08404110798
3.75400000000013,2324.11232593166
3.75500000000011,2326.68979883287
3.75600000000009,2329.04382699989
3.75700000000006,2331.31927808078
3.75800000000004,2333.7030142833
3.75900000000001,2336.38164072815
3.76000000000022,2336.67568549645
3.76100000000019,2337.76761978825
3.76200000000017,2340.23371910784
3.76300000000015,2344.41946894006
3.76400000000012,2350.47509603856
3.7650000000001,2358.30289760457
3.76600000000008,2364.67108513299
3.76700000000005,2372.21711638769
3.76800000000003,2380.7727886964
3.76900000000001,2390.03226147543
3.77000000000021,2399.64586742136
3.77100000000019,2409.24205889454
3.77200000000016,2415.52027881659
3.77300000000014,2421.46910581693
3.77400000000011,2427.32166786214
3.77500000000009,2433.32431949577
3.77600000000007,2439.68128824392
3.77700000000004,2446.42928141597
3.77800000000002,2450.59723802408
3.77900000000022,2455.1946747529
3.7800000000002,2460.27332440132
3.78100000000018,2465.72000486757
3.78200000000015,2471.28252788376
3.78300000000013,2476.50341219251
3.78400000000011,2478.15275812954
3.78500000000008,2479.06997579038
3.78600000000006,2479.40313983799
3.78700000000003,2479.3922373353
3.78800000000001,2479.36329477528
3.78900000000021,2479.54705780465
3.79000000000019,2477.57591324538
3.79100000000017,2476.98476188894
3.79200000000014,2478.46550376717
3.79300000000012,2482.53071523318
3.7940000000001,2489.44762294048
3.79500000000007,2498.99463330607
3.79600000000005,2508.1322343895
3.79700000000003,2519.41748652749
3.798,2532.4353737191
3.79900000000021,2546.57431795149
3.80000000000018,2561.08615820145
3.80100000000016,2574.90980433176
3.80200000000013,2584.56938567083
3.80300000000011,2592.52352101956
3.80400000000009,2598.63147613117
3.80500000000006,2602.90003366558
3.80600000000004,2605.46995033791
3.80700000000002,2606.2855540981
3.80800000000022,2602.99139677488
3.8090000000002,2599.12934068505
3.81000000000017,2595.44896941614
3.81100000000015,2592.59120694316
3.81200000000013,2591.01698962866
3.8130000000001,2590.60263873291
3.81400000000008,2588.68447828894
3.81500000000005,2588.25680754095
3.81600000000003,2589.33077086173
3.81700000000001,2591.73886970721
3.81800000000021,2595.1656009002
3.81900000000019,2598.78755136798
3.82000000000016,2599.56973797891
3.82100000000014,2600.28977709402
3.82200000000012,2601.02845576086
3.82300000000009,2601.9324271725
3.82400000000007,2603.19181765173
3.82500000000005,2604.55578413552
3.82600000000002,2603.73876300244
3.82700000000023,2604.01316782949
3.8280000000002,2605.81564649975
3.82900000000018,2609.40017140532
3.83000000000015,2614.78728656612
3.83100000000013,2621.24563781894
3.83200000000011,2625.95482833501
3.83300000000008,2631.38480083535
3.83400000000006,2637.17293628406
3.83500000000004,2642.87042776753
3.83600000000001,2648.00444432878
3.83700000000022,2651.59535032537
3.83800000000019,2651.05145617342
3.83900000000017,2649.31397129145
3.84000000000015,2646.78909534741
3.84100000000012,2643.98295989074
3.8420000000001,2641.43849894885
3.84300000000007,2639.06557191855
3.84400000000005,2635.09890055695
3.84500000000003,2632.89238551622
3.846,2632.92440572379
3.84700000000021,2635.40594731799
3.84800000000018,2640.2662102453
3.84900000000016,2646.53117692163
3.85000000000014,2651.60516471867
3.85100000000011,2657.89338757146
3.85200000000009,2665.13757303074
3.85300000000007,2673.07926094251
3.85400000000004,2681.50583621101
3.85500000000002,2689.58860371758
3.85600000000022,2695.31539457776
3.8570000000002,2701.77112714583
3.85800000000017,2709.49735238069
3.85900000000015,2718.99640548536
3.86000000000013,2730.6522294456
3.8610000000001,2743.90861459371
3.86200000000008,2756.84028306144
3.86300000000006,2772.22427815848
3.86400000000003,2789.9863103807
3.86500000000001,2809.79693809258
3.86600000000021,2831.10448589922
3.86700000000019,2852.38413768935
3.86800000000017,2871.02647409746
3.86900000000014,2889.20913068753
3.87000000000012,2906.55400444512
3.87100000000009,2922.70651218713
3.87200000000007,2937.34433381431
3.87300000000005,2949.32571061437
3.87400000000002,2956.70080704495
3.875,2962.19957263232
3.8760000000002,2966.02548528625
3.87700000000018,2968.32661092695
3.87800000000016,2969.17326594296
3.87900000000013,2967.6468367041
3.88000000000011,2962.06999451589
3.88100000000009,2955.29844336693
3.88200000000006,2947.68779370539
3.88300000000004,2939.57903407384
3.88400000000001,2931.2975086117
3.88500000000022,2922.18670693564
3.88600000000019,2911.012029672
3.88700000000017,2900.92742600489
3.88800000000015,2892.54595864916
3.88900000000012,2886.32656959597
3.8900000000001,2882.52210153271
3.89100000000008,2880.13914716401
3.89200000000005,2877.55189038379
3.89300000000003,2877.17697901113
3.89400000000001,2878.81866875258
3.89500000000021,2882.0957356636
3.89600000000019,2886.48500150644
3.89700000000016,2890.31529584719
3.89800000000014,2891.66076958163
3.89900000000011,2892.76823640415
3.90000000000009,2893.55950116631
3.90100000000007,2893.99913571447
3.90200000000004,2894.0814892013
3.90300000000002,2892.70755960971
3.90400000000022,2888.7013832301
3.9050000000002,2884.85469704927
3.90600000000018,2881.59624437975
3.90700000000015,2879.27353435411
3.90800000000013,2878.12655978324
3.90900000000011,2877.11985063959
3.91000000000008,2875.17016335275
3.91100000000006,2874.88084451272
3.91200000000003,2876.43196118558
3.91300000000001,2879.82210865715
3.91400000000021,2884.85452501312
3.91500000000019,2889.93654426024
3.91600000000017,2893.55654413128
3.91700000000014,2897.75199618532
3.91800000000012,2902.2298387428
3.9190000000001,2906.63969246992
3.92000000000007,2910.61786123239
3.92100000000005,2912.57826256203
3.92200000000003,2911.4185107012
3.923,2909.6223356703
3.92400000000021,2907.5247277028
3.92500000000018,2905.47383736006
3.92600000000016,2903.79324285427
3.92700000000013,2901.42742008526
3.92800000000011,2897.8380214808
3.92900000000009,2895.76190091794
3.93000000000006,2895.57894263302
3.93100000000004,2897.48822851897
3.93200000000002,2901.50528515263
3.93300000000022,2906.07065222033
3.9340000000002,2910.24768887361
3.93500000000017,2916.22682493585
3.93600000000015,2923.80338189002
3.93700000000013,2932.58036355449
3.9380000000001,2941.99279382125
3.93900000000008,2949.89768109216
3.94000000000005,2955.04026397981
3.94100000000003,2959.29501580733
3.94200000000001,2962.39144437591
3.94300000000021,2964.12303965695
3.94400000000019,2964.39344566539
3.94500000000016,2961.76557082184
3.94600000000014,2956.03752401765
3.94700000000012,2950.03021509332
3.94800000000009,2944.47773383355
3.94900000000007,2940.01397477452
3.95000000000005,2937.09342934931
3.95100000000002,2934.41473178677
3.95200000000023,2931.64090840604
3.9530000000002,2930.90578072032
3.95400000000018,2932.03512677441
3.95500000000015,2934.59728990561
3.95600000000013,2937.97929466212
3.95700000000011,2939.90004160248
3.95800000000008,2939.49027696865
3.95900000000006,2938.60162895858
3.96000000000004,2937.20568674663
3.96100000000001,2935.37340843349
3.96200000000022,2933.25432281236
3.96300000000019,2929.38981408991
3.96400000000017,2923.87004703115
3.96500000000015,2919.21090737735
3.96600000000012,2915.80598048347
3.9670000000001,2913.80708984531
3.96800000000007,2913.09712357345
3.96900000000005,2911.61244302886
3.97000000000003,2908.79566662576
3.971,2906.29162309416
3.97200000000021,2903.76846560927
3.97300000000018,2900.87126685309
3.97400000000016,2897.288525506
3.97500000000014,2891.05838667782
3.97600000000011,2882.22690707531
3.97700000000009,2873.15650905747
3.97800000000007,2864.415184328
3.97900000000004,2856.54619829952
3.98000000000002,2849.99442072409
3.98100000000022,2843.25224670535
3.9820000000002,2836.66822795673
3.98300000000017,2832.41191865041
3.98400000000015,2830.6254657444
3.98500000000013,2831.23758345086
3.9860000000001,2834.00020595681
3.98700000000008,2836.70695575499
3.98800000000006,2839.24718776442
3.98900000000003,2843.2715946126
3.99000000000001,2848.58190520577
3.99100000000021,2854.84021673619
3.99200000000019,2861.55783755492
3.99300000000017,2866.2366251948
3.99400000000014,2868.61968453437
3.99500000000012,2870.07550627028
3.99600000000009,2870.27668195067
3.99700000000007,2868.94369404314
3.99800000000005,2865.90923461242
3.99900000000002,2859.25696045498
4,2849.75385153045
4.0010000000002,2839.79591046713
4.00200000000018,2830.1796879374
4.00300000000016,2821.63595746197
4.00400000000013,2814.74205071323
4.00500000000011,2807.94303415439
4.00600000000009,2802.06811125314
4.00700000000006,2798.95999772705
4.00800000000004,2798.63306006154
4.00900000000001,2800.88956929923
4.01000000000022,2805.40170670251
4.01100000000019,2809.86146573882
4.01200000000017,2814.70206503288
4.01300000000015,2821.43528507138
4.01400000000012,2829.99654444185
4.0150000000001,2840.17707931925
4.01600000000008,2851.58561151646
4.01700000000005,2861.66949177008
4.01800000000003,2870.59642270795
4.01900000000001,2879.33786034841
4.02000000000021,2887.34163141859
4.02100000000019,2894.07024213083
4.02200000000016,2899.1144104513
4.02300000000014,2900.2664563377
4.02400000000011,2898.61865189592
4.02500000000009,2896.26963502423
4.02600000000007,2894.0136317609
4.02700000000004,2892.59606578704
4.02800000000002,2892.58165975696
4.02900000000022,2892.20412377955
4.0300000000002,2892.49986898546
4.03100000000018,2894.74356096772
4.03200000000015,2898.49365393579
4.03300000000013,2903.01396421595
4.03400000000011,2907.41543006979
4.03500000000008,2908.74510779564
4.03600000000006,2907.46129236908
4.03700000000003,2904.68983594212
4.03800000000001,2900.47123218387
4.03900000000021,2895.00271926337
4.04000000000019,2888.58927867465
4.04100000000017,2879.46266603132
4.04200000000014,2869.25532166474
4.04300000000012,2859.85928531743
4.0440000000001,2851.77706319645
4.04500000000007,2845.30931847374
4.04600000000005,2840.54994241168
4.04700000000003,2835.05064798157
4.048,2829.96489036029
4.04900000000021,2826.60081821607
4.05000000000018,2824.81361746349
4.05100000000016,2824.20642205595
4.05200000000013,2824.10491526613
4.05300000000011,2820.85495040244
4.05400000000009,2814.98687040291
4.05500000000006,2807.36029415971
4.05600000000004,2797.62342441045
4.05700000000002,2785.59497840291
4.05800000000022,2771.283345819
4.0590000000002,2751.92900928353
4.06000000000017,2729.67424489314
4.06100000000015,2707.04867191085
4.06200000000013,2685.29145901195
4.0630000000001,2665.48256723187
4.06400000000008,2648.35053042888
4.06500000000005,2631.38459112019
4.06600000000003,2616.16482973379
4.06700000000001,2603.84204164075
4.06800000000021,2594.11647326513
4.06900000000019,2586.54803226312
4.07000000000016,2580.6813411776
4.07100000000014,2574.30131003372
4.07200000000012,2568.75601307099
4.07300000000009,2564.87253324491
4.07400000000007,2562.60436385278
4.07500000000005,2561.84965440873
4.07600000000002,2562.47342713959
4.07700000000023,2563.24073303384
4.0780000000002,2565.35276920438
4.07900000000018,2568.84087108462
4.08000000000015,2572.8563522078
4.08100000000013,2576.37454210961
4.08200000000011,2578.41898417351
4.08300000000008,2576.98466237966
4.08400000000006,2573.30199901449
4.08500000000004,2567.92128372968
4.08600000000001,2561.00346354907
4.08700000000022,2552.90433580696
4.08800000000019,2544.16379863106
4.08900000000017,2533.42004512837
4.09000000000015,2523.30468219578
4.09100000000012,2515.35660010882
4.0920000000001,2510.05789798608
4.09300000000007,2507.53379048092
4.09400000000005,2507.61770520441
4.09500000000003,2507.47583632678
4.096,2509.12930949298
4.09700000000021,2513.89306058394
4.09800000000018,2522.7428519264
4.09900000000016,2537.20415783782
4.10000000000014,2559.30632582199
4.10100000000011,2588.87283989382
4.10200000000009,2630.47622959354
4.10300000000007,2687.01503740991
4.10400000000004,2759.63919984795
4.10500000000002,2848.12368844701
4.10600000000022,2950.70400414532
4.1070000000002,3061.77987176025
4.10800000000017,3179.29451295694
4.10900000000015,3299.28659495403
4.11000000000013,3417.11178196855
4.1110000000001,3528.71095016809
4.11200000000008,3631.07363794577
4.11300000000006,3720.03445536946
4.11400000000003,3797.26815078624
4.11500000000001,3863.62605349557
4.11600000000021,3919.2092844947
4.11700000000019,3963.22389188507
4.11800000000017,3993.36441289153
4.11900000000014,4003.05097667605
4.12000000000012,3988.80267996306
4.12100000000009,3944.3305540659
4.12200000000007,3862.34503835213
4.12300000000005,3736.25144698583
4.12400000000002,3561.35989112177
4.125,3333.52707211003
4.1260000000002,3057.1573681374
4.12700000000018,2738.97824882078
4.12800000000016,2388.81963073657
4.12900000000013,2019.36962745613
4.13000000000011,1645.09744167505
4.13100000000009,1278.60981477642
4.13200000000006,936.675672757603
4.13300000000004,632.597761286612
4.13400000000001,376.627549176235
4.13500000000022,175.971693043755
4.13600000000019,34.7019172087519
4.13700000000017,-48.4280968105107
4.13800000000015,-72.3388364116968
4.13900000000012,-39.8500223695434
4.1400000000001,44.1404266631342
4.14100000000008,173.468639445665
4.14200000000005,341.051003567859
4.14300000000003,536.766551238721
4.14400000000001,755.02874500565
4.14500000000021,988.060263683749
4.14600000000019,1227.59920978352
4.14700000000016,1465.47283767257
4.14800000000014,1693.86783631184
4.14900000000011,1903.23042269527
4.15000000000009,2090.02692966199
4.15100000000007,2249.95221854315
4.15200000000004,2379.82169881725
4.15300000000002,2478.02762688057
4.15400000000022,2544.58977392478
4.1550000000002,2578.65299884337
4.15600000000018,2585.88683162199
4.15700000000015,2570.90868892307
4.15800000000013,2538.71593592781
4.15900000000011,2494.53397714561
4.16000000000008,2443.41025161731
4.16100000000006,2387.35704985054
4.16200000000003,2332.93318768877
4.16300000000001,2283.4430701392
4.16400000000021,2240.90207030848
4.16500000000019,2206.33206074702
4.16600000000017,2179.91625315921
4.16700000000014,2158.50372899029
4.16800000000012,2144.42040402396
4.1690000000001,2137.03136254008
4.17000000000007,2135.30546903986
4.17100000000005,2138.13113598247
4.17200000000003,2144.38556334447
4.173,2149.93087228074
4.17400000000021,2157.47060437761
4.17500000000018,2166.35570346192
4.17600000000016,2175.6569896325
4.17700000000013,2184.44344970755
4.17800000000011,2191.89286482491
4.17900000000009,2194.1419834271
4.18000000000006,2194.94138251807
4.18100000000004,2194.45518286543
4.18200000000002,2192.71199329874
4.18300000000022,2189.74727278033
4.1840000000002,2185.60062753083
4.18500000000017,2177.22831525398
4.18600000000015,2168.5002777073
4.18700000000013,2159.63401677785
4.1880000000001,2150.55692963353
4.18900000000008,2141.0602121151
4.19000000000005,2130.8970951771
4.19100000000003,2117.65970322864
4.19200000000001,2103.74793961199
4.19300000000021,2089.60628258682
4.19400000000019,2075.75805423374
4.19500000000016,2062.7192355501
4.19600000000014,2050.87600693173
4.19700000000012,2038.99439983562
4.19800000000009,2028.35243503609
4.19900000000007,2019.29659891258
4.20000000000005,2012.10940234449
4.20100000000002,2006.92872225249
4.20200000000023,2003.63522425059
4.2030000000002,2000.3529480955
4.20400000000018,1998.12361767867
4.20500000000015,1996.89024876228
4.20600000000013,1996.67265267028
4.20700000000011,1997.5300843141
4.20800000000008,1999.39009256567
4.20900000000006,2000.11262194316
4.21000000000004,2002.00951938819
4.21100000000001,2005.15560114188
4.21200000000022,2009.4735806141
4.21300000000019,2014.72949445572
4.21400000000017,2020.36267023556
4.21500000000015,2023.50080332154
4.21600000000012,2026.5759942485
4.2170000000001,2029.24083939706
4.21800000000007,2031.10396019491
4.21900000000005,2031.82700074787
4.22000000000003,2030.98797631779
4.221,2026.30423826412
4.22200000000021,2020.82226595251
4.22300000000018,2015.08920691081
4.22400000000016,2009.64122597853
4.22500000000014,2004.94840667559
4.22600000000011,2001.11945668074
4.22700000000009,1996.25806867571
4.22800000000007,1993.0477707615
4.22900000000004,1991.58798023801
4.23000000000002,1991.75404777705
4.23100000000022,1993.25195065603
4.2320000000002,1995.40778195361
4.23300000000017,1995.78294121327
4.23400000000015,1996.60850893304
4.23500000000013,1997.83191128996
4.2360000000001,1999.41625239449
4.23700000000008,2001.33780271477
4.23800000000006,2003.249484023
4.23900000000003,2003.14334597672
4.24000000000001,2003.54796058304
4.24100000000021,2004.57410831849
4.24200000000019,2006.19915887281
4.24300000000017,2008.28625241039
4.24400000000014,2010.26088304009
4.24500000000012,2009.99438883142
4.24600000000009,2009.81009644541
4.24700000000007,2009.74697776656
4.24800000000005,2009.82317527252
4.24900000000002,2010.05000499781
4.25,2010.04908861861
4.2510000000002,2008.05547649981
4.25200000000018,2006.56547243976
4.25300000000016,2005.81330834369
4.25400000000013,2005.92671755612
4.25500000000011,2006.9229957297
4.25600000000009,2008.3022423296
4.25700000000006,2008.23881068463
4.25800000000004,2008.87717446045
4.25900000000001,2010.18636229664
4.26000000000022,2012.05043194623
4.26100000000019,2014.2969177848
4.26200000000017,2016.28452388737
4.26300000000015,2016.25594422879
4.26400000000012,2016.37506822999
4.2650000000001,2016.78180037653
4.26600000000008,2017.59372244857
4.26700000000005,2018.89477337104
4.26800000000003,2020.2420088353
4.26900000000001,2020.11726034242
4.27000000000021,2020.73488553635
4.27100000000019,2022.20686222893
4.27200000000016,2024.51739132437
4.27300000000014,2027.53203209923
4.27400000000011,2030.50731378035
4.27500000000009,2031.7432102856
4.27600000000007,2033.17804769051
4.27700000000004,2034.75842042446
4.27800000000002,2036.40859750167
4.27900000000022,2038.05522681445
4.2800000000002,2039.10311802549
4.28100000000018,2038.2207592023
4.28200000000015,2037.6379811432
4.28300000000013,2037.64480017761
4.28400000000011,2038.47226541117
4.28500000000008,2040.27234557104
4.28600000000006,2042.52181139447
4.28700000000003,2043.91788877045
4.28800000000001,2046.47512240482
4.28900000000021,2050.1722489007
4.29000000000019,2054.82060672356
4.29100000000017,2060.08580867223
4.29200000000014,2064.90519391537
4.29300000000012,2067.58576972662
4.2940000000001,2069.83888751444
4.29500000000007,2071.55026880431
4.29600000000005,2072.66879019929
4.29700000000003,2073.22417909255
4.298,2072.65132132853
4.29900000000021,2069.94687378512
4.30000000000018,2067.47884777421
4.30100000000016,2065.67453564541
4.30200000000013,2064.79893199114
4.30300000000011,2064.89638913537
4.30400000000009,2065.05084468163
4.30500000000006,2063.73188956605
4.30600000000004,2062.51132284434
4.30700000000002,2061.00866655592
4.30800000000022,2058.81290337136
4.3090000000002,2055.57649935316
4.31000000000017,2050.34378132543
4.31100000000015,2042.08305776921
4.31200000000013,2033.14688470528
4.3130000000001,2024.22549482718
4.31400000000008,2016.05954781212
4.31500000000005,2009.33245786005
4.31600000000003,2003.78140767893
4.31700000000001,1998.74726723383
4.31800000000021,1996.33344428601
4.31900000000019,1996.56178988726
4.32000000000016,1999.15457299498
4.32100000000014,2003.59070463343
4.32200000000012,2008.37164929169
4.32300000000009,2011.88770572298
4.32400000000007,2015.42249264014
4.32500000000005,2018.56043300792
4.32600000000002,2020.92201315119
4.32700000000023,2022.17269013353
4.3280000000002,2021.18759883313
4.32900000000018,2016.98781279758
4.33000000000015,2011.41863017235
4.33100000000013,2004.70731676602
4.33200000000011,1997.13956542186
4.33300000000008,1989.06672621508
4.33400000000006,1980.03466662444
4.33500000000004,1969.8387965027
4.33600000000001,1960.88906945196
4.33700000000022,1953.86748117914
4.33800000000019,1949.280117348
4.33900000000017,1947.39903095887
4.34000000000015,1947.33568766616
4.34100000000012,1948.27079236271
4.3420000000001,1951.65986891484
4.34300000000007,1957.19523678146
4.34400000000005,1964.47772532337
4.34500000000003,1973.10624739884
4.346,1981.82282676802
4.34700000000021,1989.91311804416
4.34800000000018,1999.11889846536
4.34900000000016,2009.64152205925
4.35000000000014,2021.60777091723
4.35100000000011,2034.99124828881
4.35200000000009,2048.59136543143
4.35300000000007,2061.53147612452
4.35400000000004,2074.97975789575
4.35500000000002,2088.40066388735
4.35600000000022,2101.16893217938
4.3570000000002,2112.68300550859
4.35800000000017,2121.47962996335
4.35900000000015,2126.9663577882
4.36000000000013,2130.89701596739
4.3610000000001,2133.70061582928
4.36200000000008,2135.88733660528
4.36300000000006,2137.95580942552
4.36400000000003,2139.29099651963
4.36500000000001,2139.86184558657
4.36600000000021,2141.35773265125
4.36700000000019,2143.74384617649
4.36800000000017,2146.71728706434
4.36900000000014,2149.78381093229
4.37000000000012,2151.33509905659
4.37100000000009,2150.64457265259
4.37200000000007,2148.89208728626
4.37300000000005,2145.97832847597
4.37400000000002,2141.91468876743
4.375,2136.8188285444
4.3760000000002,2129.8420803693
4.37700000000018,2121.12771924068
4.37800000000016,2112.49914291282
4.37900000000013,2104.34076597119
4.38000000000011,2096.87956635369
4.38100000000009,2090.17491727744
4.38200000000006,2083.05368256282
4.38300000000004,2075.2866248236
4.38400000000001,2068.16649237583
4.38500000000022,2061.61470552627
4.38600000000019,2055.50806072724
4.38700000000017,2049.71381296373
4.38800000000015,2043.00130619952
4.38900000000012,2035.33675053134
4.3900000000001,2028.19151446586
4.39100000000008,2021.7219254963
4.39200000000005,2016.00245966808
4.39300000000003,2011.01150058299
4.39400000000001,2005.50032239219
4.39500000000021,1999.39154261772
4.39600000000019,1993.91616599131
4.39700000000016,1989.01768012144
4.39800000000014,1984.59271671516
4.39900000000011,1980.52888730346
4.40000000000009,1975.5920213499
4.40100000000007,1969.92328826747
4.40200000000004,1964.9477784146
4.40300000000002,1960.8957770085
4.40400000000022,1957.91904275815
4.4050000000002,1956.05478720534
4.40600000000018,1954.02273896906
4.40700000000015,1951.84629834574
4.40800000000013,1950.55258010677
4.40900000000011,1949.88066307004
4.41000000000008,1949.45629675028
4.41100000000006,1948.85094498601
4.41200000000003,1946.41538469764
4.41300000000001,1942.14141455889
4.41400000000021,1937.13831734632
4.41500000000019,1931.42526277638
4.41600000000017,1925.03762860525
4.41700000000014,1918.01210745044
4.41800000000012,1909.09997928801
4.4190000000001,1898.75727856709
4.42000000000007,1888.33642880249
4.42100000000005,1878.00482405253
4.42200000000003,1867.87317611601
4.423,1858.03201549366
4.42400000000021,1847.28781814223
4.42500000000018,1836.30890369208
4.42600000000016,1826.58349988827
4.42700000000013,1818.46022397068
4.42800000000011,1812.18592561846
4.42900000000009,1807.88065799302
4.43000000000006,1804.20260957504
4.43100000000004,1801.58440267282
4.43200000000002,1800.97848978615
4.43300000000022,1802.10644322018
4.4340000000002,1804.53722871662
4.43500000000017,1807.75709656823
4.43600000000015,1809.90054103364
4.43700000000013,1811.16878942539
4.4380000000001,1812.41341945562
4.43900000000008,1813.5220502069
4.44000000000005,1814.41037085727
4.44100000000003,1815.01927325455
4.44200000000001,1813.94361360356
4.44300000000021,1811.87242256565
4.44400000000019,1809.95208188767
4.44500000000016,1808.29000782081
4.44600000000014,1806.90185278656
4.44700000000012,1805.72792393337
4.44800000000009,1803.26834164757
4.44900000000007,1800.16223587809
4.45000000000005,1797.40841930531
4.45100000000002,1795.02088297827
4.45200000000023,1792.93861921673
4.4530000000002,1791.03726677636
4.45400000000018,1787.74023115383
4.45500000000015,1783.69291346613
4.45600000000013,1779.82524058282
4.45700000000011,1776.16397668583
4.45800000000008,1772.71605085782
4.45900000000006,1769.48794308787
4.46000000000004,1765.07202032062
4.46100000000001,1760.39155543845
4.46200000000022,1756.55247044181
4.46300000000019,1753.7455066898
4.46400000000017,1752.0393301997
4.46500000000015,1751.36355652879
4.46600000000012,1750.06314499189
4.4670000000001,1748.76519093257
4.46800000000007,1748.10764856366
4.46900000000005,1747.85031243338
4.47000000000003,1747.70776751986
4.471,1747.39767858605
4.47200000000021,1745.21326783422
4.47300000000018,1741.99103157981
4.47400000000016,1738.61584882409
4.47500000000014,1735.20291829628
4.47600000000011,1731.81285246224
4.47700000000009,1728.42544289053
4.47800000000007,1723.4533807404
4.47900000000004,1717.76833262892
4.48000000000002,1712.08326520973
4.48100000000022,1706.33534158304
4.4820000000002,1700.43850986618
4.48300000000017,1694.33151782395
4.48400000000015,1686.54649686311
4.48500000000013,1678.26481440574
4.4860000000001,1670.55036599436
4.48700000000008,1663.79370548499
4.48800000000006,1658.31709193375
4.48900000000003,1654.32382287719
4.49000000000001,1650.39824588333
4.49100000000021,1647.55744696612
4.49200000000019,1646.38925701596
4.49300000000017,1646.69894819627
4.49400000000014,1648.17144249236
4.49500000000012,1650.43286823657
4.49600000000009,1651.7508336002
4.49700000000007,1652.95520655198
4.49800000000005,1654.53558614471
4.49900000000002,1656.45815417072
4.5,1658.71184524628
4.5010000000002,1661.3022850485
4.50200000000018,1662.87891888715
4.50300000000016,1664.62246214125
4.50400000000013,1667.14010914701
4.50500000000011,1670.37642886971
4.50600000000009,1674.12322766556
4.50700000000006,1678.04699170587
4.50800000000004,1680.35382600205
4.50900000000001,1681.87717841902
4.51000000000022,1682.91281414669
4.51100000000019,1683.32663139114
4.51200000000017,1683.09408606262
4.51300000000015,1682.33296886863
4.51400000000012,1678.95648469369
4.5150000000001,1675.08828869721
4.51600000000008,1672.39379061796
4.51700000000005,1671.75264145264
4.51800000000003,1673.66052684565
4.51900000000001,1677.98823481982
4.52000000000021,1682.23889747345
4.52100000000019,1686.35847311753
4.52200000000016,1689.2417092949
4.52300000000014,1689.39898320999
4.52400000000011,1685.92483637085
4.52500000000009,1678.89564423086
4.52600000000007,1668.80365171728
4.52700000000004,1658.77036984487
4.52800000000002,1651.41326772847
4.52900000000022,1648.63676536306
4.5300000000002,1651.24722839358
4.53100000000018,1658.55505967951
4.53200000000015,1667.64671370889
4.53300000000013,1676.23495204125
4.53400000000011,1680.80077728823
4.53500000000008,1678.20292893473
4.53600000000006,1666.97589598093
4.53700000000003,1648.05474902078
4.53800000000001,1624.163842448
4.53900000000021,1601.61093406998
4.54000000000019,1586.26737921527
4.54100000000017,1582.55508608747
4.54200000000014,1592.19254787425
4.54300000000012,1613.29416188274
4.5440000000001,1639.64386096597
4.54500000000007,1664.10170403684
4.54600000000005,1677.68696629255
4.54700000000003,1672.54296174556
4.548,1644.38682668583
4.54900000000021,1594.05685150907
4.55000000000018,1526.74718375633
4.55100000000016,1454.33643072979
4.55200000000013,1389.54715639132
4.55300000000011,1343.52384029449
4.55400000000009,1322.97799893313
4.55500000000006,1328.01679752135
4.55600000000004,1350.00339776217
4.55700000000002,1377.61918462188
4.55800000000022,1395.58494249625
4.5590000000002,1389.73545520028
4.56000000000017,1351.62729848471
4.56100000000015,1281.94062639353
4.56200000000013,1190.41559808514
4.5630000000001,1099.63699315121
4.56400000000008,1037.07780914189
4.56500000000005,1030.7089909538
4.56600000000003,1103.04969794122
4.56700000000001,1265.52203045203
4.56800000000021,1513.20956746586
4.56900000000019,1828.19981667582
4.57000000000016,2177.28062968769
4.57100000000014,2517.83623327543
4.57200000000012,2804.801367406
4.57300000000009,2998.03076155392
4.57400000000007,3067.40977529769
4.57500000000005,3001.79125634629
4.57600000000002,2806.12164992699
4.57700000000023,2501.1326815992
4.5780000000002,2119.46512443474
4.57900000000018,1699.96813318016
4.58000000000015,1280.02527609753
4.58100000000013,894.764768547534
4.58200000000011,568.468309306801
4.58300000000008,314.03395049666
4.58400000000006,133.451659197622
4.58500000000004,19.8586797935481
4.58600000000001,-40.9022932337523
4.58700000000022,-62.1163271456488
4.58800000000019,-58.1819468298786
4.58900000000017,-41.2655920721818
4.59000000000015,-20.2517699468842
4.59100000000012,-0.74902342881372
4.5920000000001,12.7415560678613
4.59300000000007,20.7942269954479
4.59400000000005,23.2949571036401
4.59500000000003,20.3897695760038
4.596,12.4722826343526
4.59700000000021,0.392420521750194
4.59800000000018,-15.7343870373406
4.59900000000016,-31.3391774290336
4.60000000000014,-42.4082121137621
4.60100000000011,-44.2158826646565
4.60200000000009,-31.7888949822927
4.60300000000007,-0.599701326563712
4.60400000000004,51.175141056658
4.60500000000002,127.050102691274
4.60600000000022,226.731401593882
4.6070000000002,347.665815880723
4.60800000000017,485.305210436669
4.60900000000015,633.556037881846
4.61000000000013,783.81130011155
4.6110000000001,930.617093146857
4.61200000000008,1067.05441880675
4.61300000000006,1186.96944496721
4.61400000000003,1285.44022269458
4.61500000000001,1359.09281090601
4.61600000000021,1404.94441113037
4.61700000000019,1424.97575924192
4.61800000000017,1421.38187506351
4.61900000000014,1397.79448884625
4.62000000000012,1358.89061082052
4.62100000000009,1309.84770750229
4.62200000000007,1254.53834749296
4.62300000000005,1199.36723316851
4.62400000000002,1148.38393722024
4.625,1104.46638114652
4.6260000000002,1069.2571905769
4.62700000000018,1043.19217299068
4.62800000000016,1024.52336635509
4.62900000000013,1013.90141925385
4.63000000000011,1010.19490563578
4.63100000000009,1012.16366380993
4.63200000000006,1018.6153260724
4.63300000000004,1028.31132276373
4.63400000000001,1038.30178213604
4.63500000000022,1050.5522723314
4.63600000000019,1064.21185061949
4.63700000000017,1078.28829044397
4.63800000000015,1091.78609487368
4.63900000000012,1103.71139612709
4.6400000000001,1112.01451492249
4.64100000000008,1118.284156652
4.64200000000005,1122.61974479078
4.64300000000003,1125.24926796702
4.64400000000001,1126.45821581973
4.64500000000021,1126.44107649755
4.64600000000019,1124.5503132316
4.64700000000016,1121.7047815284
4.64800000000014,1118.30399290087
4.64900000000011,1114.76354361027
4.65000000000009,1111.45848828624
4.65100000000007,1108.5809028913
4.65200000000004,1105.44656627459
4.65300000000002,1102.8614935611
4.65400000000022,1101.07415132649
4.6550000000002,1100.29389157733
4.65600000000018,1100.6265839742
4.65700000000015,1101.91768425235
4.65800000000013,1103.10696087123
4.65900000000011,1104.60871286068
4.66000000000008,1106.30514343386
4.66100000000006,1108.12019177149
4.66200000000003,1110.00301374495
4.66300000000001,1111.78729754835
4.66400000000021,1112.5820437486
4.66500000000019,1113.13302977
4.66600000000017,1113.73671477284
4.66700000000014,1114.74820934525
4.66800000000012,1116.48396622758
4.6690000000001,1118.94409799343
4.67000000000007,1121.15434929839
4.67100000000005,1124.14644173146
4.67200000000003,1127.8917378652
4.673,1132.28990360418
4.67400000000021,1137.18699274992
4.67500000000018,1142.11746739713
4.67600000000016,1145.76033600687
4.67700000000013,1149.56337727353
4.67800000000011,1153.57923664313
4.67900000000009,1157.86444729641
4.68000000000006,1162.4729066568
4.68100000000004,1167.13752400131
4.68200000000002,1170.7690495654
4.68300000000022,1174.90973411238
4.6840000000002,1179.64514737689
4.68500000000017,1184.95156285936
4.68600000000015,1190.69600614584
4.68700000000013,1196.35317662302
4.6880000000001,1200.64253441857
4.68900000000008,1204.72466447247
4.69000000000005,1208.62164168472
4.69100000000003,1212.42954320608
4.69200000000001,1216.3110963112
4.69300000000021,1220.14708106046
4.69400000000019,1223.18626267815
4.69500000000016,1227.0327028952
4.69600000000014,1232.05438722274
4.69700000000012,1238.49192737947
4.69800000000009,1246.39764567328
4.69900000000007,1255.24353315546
4.70000000000005,1263.70645506421
4.70100000000002,1272.66062409011
4.70200000000023,1281.68205515711
4.7030000000002,1290.31572547015
4.70400000000018,1298.14226521652
4.70500000000015,1304.45451625107
4.70600000000013,1308.18102754307
4.70700000000011,1310.72694088261
4.70800000000008,1312.45801976931
4.70900000000006,1313.83229464125
4.71000000000004,1315.32046999333
4.71100000000001,1316.92253098847
4.71200000000022,1318.0768200589
4.71300000000019,1320.30545454825
4.71400000000017,1323.80670306142
4.71500000000015,1328.61464548631
4.71600000000012,1334.611326937
4.7170000000001,1341.12814747603
4.71800000000007,1347.04562068235
4.71900000000005,1353.36225397626
4.72000000000003,1359.92417195823
4.721,1366.55896610414
4.72200000000021,1373.06234874593
4.72300000000018,1378.74043877516
4.72400000000016,1382.57635626999
4.72500000000014,1385.64769400214
4.72600000000011,1387.94429574289
4.72700000000009,1389.50788858759
4.72800000000007,1390.44421755906
4.72900000000004,1390.45410970493
4.73000000000002,1389.08384224099
4.73100000000022,1387.96460897086
4.7320000000002,1387.63407254422
4.73300000000017,1388.56852087452
4.73400000000015,1391.10583919786
4.73500000000013,1394.88060472963
4.7360000000001,1399.1526749118
4.73700000000008,1404.96411586908
4.73800000000006,1412.08042949944
4.73900000000003,1420.13489080768
4.74000000000001,1428.68223530081
4.74100000000021,1436.71730999908
4.74200000000019,1443.19746377582
4.74300000000017,1449.15117213092
4.74400000000014,1454.60959630245
4.74500000000012,1459.68516102004
4.74600000000009,1464.51807765612
4.74700000000007,1468.63115771496
4.74800000000005,1471.46323027323
4.74900000000002,1474.34557945681
4.75,1477.3845864967
4.7510000000002,1480.57457521434
4.75200000000018,1483.79870692948
4.75300000000016,1486.21543764615
4.75400000000013,1486.99741728197
4.75500000000011,1487.3071282773
4.75600000000009,1487.21697423907
4.75700000000006,1486.84658721128
4.75800000000004,1486.34039204121
4.75900000000001,1485.15731988409
4.76000000000022,1482.87392233751
4.76100000000019,1480.99262566023
4.76200000000017,1479.80899900441
4.76300000000015,1479.51944918084
4.76400000000012,1480.18367184494
4.7650000000001,1480.98303360005
4.76600000000008,1481.19843817369
4.76700000000005,1481.93618428146
4.76800000000003,1483.0896348304
4.76900000000001,1484.51453039347
4.77000000000021,1486.04176134196
4.77100000000019,1486.73759834903
4.77200000000016,1486.00465502132
4.77300000000014,1485.11616926029
4.77400000000011,1484.23920282985
4.77500000000009,1483.53698515549
4.77600000000007,1483.12813163456
4.77700000000004,1482.27582717611
4.77800000000002,1480.57813497934
4.77900000000022,1479.306254062
4.7800000000002,1478.55415113533
4.78100000000018,1478.35011877165
4.78200000000015,1478.65817815995
4.78300000000013,1478.57662772706
4.78400000000011,1477.69016320602
4.78500000000008,1477.24191819113
4.78600000000006,1477.36968849965
4.78700000000003,1478.18595547985
4.78800000000001,1479.75278120811
4.78900000000021,1481.2253657429
4.79000000000019,1482.30132628432
4.79100000000017,1484.20652335116
4.79200000000014,1487.04591952054
4.79300000000012,1490.87907967242
4.7940000000001,1495.71963581353
4.79500000000007,1500.67074123003
4.79600000000005,1505.50369761838
4.79700000000003,1511.47393014306
4.798,1518.75223200727
4.79900000000021,1527.44577601493
4.80000000000018,1537.56281179253
4.80100000000016,1548.08182254486
4.80200000000013,1558.66416094128
4.80300000000011,1570.30471789381
4.80400000000009,1582.87393839933
4.80500000000006,1596.17893673822
4.80600000000004,1609.98076240708
4.80700000000002,1623.08056331818
4.80800000000022,1635.17869321295
4.8090000000002,1647.32199160919
4.81000000000017,1659.5371649239
4.81100000000015,1671.82694392126
4.81200000000013,1684.1404471572
4.8130000000001,1695.38586669828
4.81400000000008,1705.39415634137
4.81500000000005,1715.1836107652
4.81600000000003,1724.71076057875
4.81700000000001,1733.87943783603
4.81800000000021,1742.54948236209
4.81900000000019,1749.54331772081
4.82000000000016,1754.76552686411
4.82100000000014,1759.31026088551
4.82200000000012,1763.27989850783
4.82300000000009,1766.74528345091
4.82400000000007,1769.7181241613
4.82500000000005,1771.09313559786
4.82600000000002,1770.87878350856
4.82700000000023,1770.14320720112
4.8280000000002,1768.95462227886
4.82900000000018,1767.35085861684
4.83000000000015,1765.34588872109
4.83100000000013,1761.86840967559
4.83200000000011,1757.12576428029
4.83300000000008,1752.35945965849
4.83400000000006,1747.86815395316
4.83500000000004,1743.90827317517
4.83600000000001,1740.65226091828
4.83700000000022,1737.05711684128
4.83800000000019,1733.31923446111
4.83900000000017,1730.45267176291
4.84000000000015,1728.4495733471
4.84100000000012,1727.19715691305
4.8420000000001,1726.49487448131
4.84300000000007,1724.9559343359
4.84400000000005,1722.63887738581
4.84500000000003,1720.49003370104
4.846,1718.62573815833
4.84700000000021,1717.2027205471
4.84800000000018,1716.38647038007
4.84900000000016,1715.14382770623
4.85000000000014,1713.93423225008
4.85100000000011,1713.89990202082
4.85200000000009,1715.18676835525
4.85300000000007,1717.76190764131
4.85400000000004,1721.3864355984
4.85500000000002,1724.41382779295
4.85600000000022,1726.70630276359
4.8570000000002,1728.73739983275
4.85800000000017,1730.13053672517
4.85900000000015,1730.55803278249
4.86000000000013,1729.78556591311
4.8610000000001,1726.46241779788
4.86200000000008,1721.15943313276
4.86300000000006,1715.17709822531
4.86400000000003,1709.08724073106
4.86500000000001,1703.47955776912
4.86600000000021,1698.87737333743
4.86700000000019,1694.37241556562
4.86800000000017,1690.79588595488
4.86900000000014,1689.27119724168
4.87000000000012,1689.90170139517
4.87100000000009,1692.59363212872
4.87200000000007,1697.08176411849
4.87300000000005,1701.61437105317
4.87400000000002,1706.43734168847
4.875,1712.15583805366
4.8760000000002,1718.54661712438
4.87700000000018,1725.36694802735
4.87800000000016,1732.34740714471
4.87900000000013,1737.7767201678
4.88000000000011,1742.14117632805
4.88100000000009,1746.2070878075
4.88200000000006,1749.92997306641
4.88300000000004,1753.25279735348
4.88400000000001,1756.11166597116
4.88500000000022,1756.99268440319
4.88600000000019,1756.73417469795
4.88700000000017,1756.37681615378
4.88800000000015,1756.16948731611
4.88900000000012,1756.30620944509
4.8900000000001,1756.89353115955
4.89100000000008,1756.46237686628
4.89200000000005,1755.85277350075
4.89300000000003,1755.89365822009
4.89400000000001,1756.58478288491
4.89500000000021,1757.84874751172
4.89600000000019,1759.55624028925
4.89700000000016,1760.06317539194
4.89800000000014,1760.2322345122
4.89900000000011,1760.94538150573
4.90000000000009,1762.38447589636
4.90100000000007,1764.69575319981
4.90200000000004,1767.94989154301
4.90300000000002,1770.56480505367
4.90400000000022,1773.4571806303
4.9050000000002,1777.33743869072
4.90600000000018,1782.11016961824
4.90700000000015,1787.54944634133
4.90800000000013,1793.31171560003
4.90900000000011,1797.37500591993
4.91000000000008,1800.40844569863
4.91100000000006,1802.91330826037
4.91200000000003,1804.76786273296
4.91300000000001,1805.87888160913
4.91400000000021,1806.17795732433
4.91500000000019,1803.98496552788
4.91600000000017,1800.50519349545
4.91700000000014,1796.71035231476
4.91800000000012,1792.96646196814
4.9190000000001,1789.61899836925
4.92000000000007,1786.95280400281
4.92100000000005,1783.45428102254
4.92200000000003,1780.51255932377
4.923,1779.03769521701
4.92400000000021,1779.19885676268
4.92500000000018,1780.99617438763
4.92600000000016,1784.24493864894
4.92700000000013,1786.8580008229
4.92800000000011,1789.7112463102
4.92900000000009,1793.1673878318
4.93000000000006,1797.01259080589
4.93100000000004,1801.04752153792
4.93200000000002,1805.09996871229
4.93300000000022,1807.27830820436
4.9340000000002,1808.90121713609
4.93500000000017,1810.75065897047
4.93600000000015,1813.04819776417
4.93700000000013,1815.91562740767
4.9380000000001,1819.31308082883
4.93900000000008,1821.20752092419
4.94000000000005,1822.71214931711
4.94100000000003,1824.14442079986
4.94200000000001,1825.24616078477
4.94300000000021,1825.73947813345
4.94400000000019,1825.37588334222
4.94500000000016,1822.15497853492
4.94600000000014,1817.61263286953
4.94700000000012,1812.62584070134
4.94800000000009,1807.68780840713
4.94900000000007,1803.31196055879
4.95000000000005,1799.9539801877
4.95100000000002,1796.15851573096
4.95200000000023,1793.73202762279
4.9530000000002,1793.42670612294
4.95400000000018,1795.38961514174
4.95500000000015,1799.59805074012
4.95600000000013,1805.87708220948
4.95700000000011,1812.13426685342
4.95800000000008,1819.65005209114
4.95900000000006,1828.63433051606
4.96000000000004,1838.80232991643
4.96100000000001,1849.75147723371
4.96200000000022,1860.95852178541
4.96300000000019,1869.97257873768
4.96400000000017,1877.90310524421
4.96500000000015,1884.81801267709
4.96600000000012,1890.53310840342
4.9670000000001,1895.03187560914
4.96800000000007,1898.49537182806
4.96900000000005,1899.41365188336
4.97000000000003,1900.16475796902
4.971,1901.9856560763
4.97200000000021,1905.69360490394
4.97300000000018,1911.8715275218
4.97400000000016,1920.73988791687
4.97500000000014,1930.16873310773
4.97600000000011,1941.44150067826
4.97700000000009,1954.17814063766
4.97800000000007,1967.44570826024
4.97900000000004,1980.2093515459
4.98000000000002,1991.4845762431
4.98100000000022,1998.56138827615
4.9820000000002,2002.88381539792
4.98300000000017,2004.81926128746
4.98400000000015,2004.72448659345
4.98500000000013,2003.11877436058
4.9860000000001,2000.56715570178
4.98700000000008,1995.630435866
4.98800000000006,1990.71908275903
4.98900000000003,1986.59452249609
4.99000000000001,1983.59709477723
4.99100000000021,1981.893800168
4.99200000000019,1981.50158655799
4.99300000000017,1980.28576012414
4.99400000000014,1980.18985927052
4.99500000000012,1981.4437452594
4.99600000000009,1983.91970848493
4.99700000000007,1987.29018916716
4.99800000000005,1990.98750977702
4.99900000000002,1991.9573309243
5,1991.58191650822
5.0010000000002,1989.38616224572
5.00200000000018,1984.74132185339
5.00300000000016,1977.14658676026
5.00400000000013,1966.30542173839
5.00500000000011,1949.44214733188
5.00600000000009,1929.64328987264
5.00700000000006,1908.23817497853
5.00800000000004,1886.61568148602
5.00900000000001,1866.18629840044
5.01000000000022,1848.14160726522
5.01100000000019,1829.93189097588
5.01200000000017,1815.16788400706
5.01300000000015,1804.57803088811
5.01400000000012,1798.34838212129
5.0150000000001,1796.24710168674
5.01600000000008,1797.62199513022
5.01700000000005,1798.27840575926
5.01800000000003,1800.26544995438
5.01900000000001,1803.13407590439
5.02000000000021,1806.49667460588
5.02100000000019,1810.14372477682
5.02200000000016,1813.99732860498
5.02300000000014,1815.99783762074
5.02400000000011,1818.47972373922
5.02500000000009,1821.5912621908
5.02600000000007,1825.25184124621
5.02700000000004,1829.20194995683
5.02800000000002,1833.04626829677
5.02900000000022,1835.42027656405
5.0300000000002,1837.30761336695
5.03100000000018,1838.12231204317
5.03200000000015,1837.26562148058
5.03300000000013,1834.31687751622
5.03400000000011,1829.16986269877
5.03500000000008,1821.29351538696
5.03600000000006,1812.83633451427
5.03700000000003,1804.58922156924
5.03800000000001,1797.27483384245
5.03900000000021,1791.47057598331
5.04000000000019,1787.4989416071
5.04100000000017,1784.25309319531
5.04200000000014,1783.46269790351
5.04300000000012,1784.8370416056
5.0440000000001,1787.89221576918
5.04500000000007,1792.15697884746
5.04600000000005,1797.25326160961
5.04700000000003,1801.19770794686
5.048,1806.96696415573
5.04900000000021,1815.58362714747
5.05000000000018,1828.16178432572
5.05100000000016,1845.72605140777
5.05200000000013,1868.89231120489
5.05300000000011,1895.83114672358
5.05400000000009,1929.52174757237
5.05500000000006,1970.48329831356
5.05600000000004,2019.34664758161
5.05700000000002,2077.04750223407
5.05800000000022,2144.71954468842
5.0590000000002,2221.9076993581
5.06000000000017,2312.88333406337
5.06100000000015,2419.22075275046
5.06200000000013,2541.49530240877
5.0630000000001,2678.77041394521
5.06400000000008,2828.01939084008
5.06500000000005,2982.53867482484
5.06600000000003,3138.32213728706
5.06700000000001,3287.96122120021
5.06800000000021,3423.51078651813
5.06900000000019,3537.26387105807
5.07000000000016,3622.16062243688
5.07100000000014,3670.82505748705
5.07200000000012,3681.69437804287
5.07300000000009,3652.4036673456
5.07400000000007,3581.53649946686
5.07500000000005,3468.27830934691
5.07600000000002,3311.94269569662
5.07700000000023,3110.81382832903
5.0780000000002,2868.44156437393
5.07900000000018,2587.98698016119
5.08000000000015,2274.999194185
5.08100000000013,1937.93882770662
5.08200000000011,1587.93701056774
5.08300000000008,1237.16568291884
5.08400000000006,903.271786929974
5.08500000000004,601.563930528149
5.08600000000001,345.136250062997
5.08700000000022,143.118496639608
5.08800000000019,-0.910646015832407
5.08900000000017,-90.2951881634656
5.09000000000015,-129.36403584631
5.09100000000012,-128.024087666338
5.0920000000001,-97.7100155126381
5.09300000000007,-49.1277619191795
5.09400000000005,9.3284128630738
5.09500000000003,72.0190826177932
5.096,141.612056529834
5.09700000000021,222.415264079129
5.09800000000018,320.78197633209
5.09900000000016,443.047787815005
5.10000000000014,593.01377564488
5.10100000000011,769.599574406995
5.10200000000009,971.045905320628
5.10300000000007,1189.25511039077
5.10400000000004,1412.78075508525
5.10500000000002,1628.55723105377
5.10600000000022,1823.44924418704
5.1070000000002,1985.56319875748
5.10800000000017,2110.47679920839
5.10900000000015,2196.1644552846
5.11000000000013,2244.72096875574
5.1110000000001,2261.48303416073
5.11200000000008,2253.20460320142
5.11300000000006,2226.20767739826
5.11400000000003,2189.85576639613
5.11500000000001,2150.05111551066
5.11600000000021,2110.82423785595
5.11700000000019,2074.463405519
5.11800000000017,2041.38563750449
5.11900000000014,2010.47254667721
5.12000000000012,1984.31414681613
5.12100000000009,1963.6052806098
5.12200000000007,1949.26715384958
5.12300000000005,1942.28159671662
5.12400000000002,1942.65758985683
5.125,1949.08037708664
5.1260000000002,1963.64253654647
5.12700000000018,1985.03568032393
5.12800000000016,2011.11118334995
5.12900000000013,2039.21904250578
5.13000000000011,2065.74397857985
5.13100000000009,2086.80818244186
5.13200000000006,2103.83197183458
5.13300000000004,2116.00198564334
5.13400000000001,2123.1254967493
5.13500000000022,2125.5660449373
5.13600000000019,2123.19224690618
5.13700000000017,2115.62743522101
5.13800000000015,2106.84859902399
5.13900000000012,2097.92512352212
5.1400000000001,2089.60084014623
5.14100000000008,2082.34738669387
5.14200000000005,2075.77146019805
5.14300000000003,2068.92055006139
5.14400000000001,2063.96805761463
5.14500000000021,2061.34636473038
5.14600000000019,2061.35042327509
5.14700000000016,2064.04601240695
5.14800000000014,2068.75080770867
5.14900000000011,2073.94598726451
5.15000000000009,2080.15121396916
5.15100000000007,2087.10163605186
5.15200000000004,2094.59345700202
5.15300000000002,2102.43410518469
5.15400000000022,2109.90201884106
5.1550000000002,2115.72029696972
5.15600000000018,2120.83911318715
5.15700000000015,2125.52003834251
5.15800000000013,2130.08822742656
5.15900000000011,2134.7933991036
5.16000000000008,2139.08417042742
5.16100000000006,2141.85299266752
5.16200000000003,2144.30052724026
5.16300000000001,2146.5324746272
5.16400000000021,2148.67346439259
5.16500000000019,2150.83044077438
5.16600000000017,2152.17880649784
5.16700000000014,2151.81199369449
5.16800000000012,2151.74049049491
5.1690000000001,2152.23812295461
5.17000000000007,2153.49783981223
5.17100000000005,2155.59793879871
5.17200000000003,2157.45788548367
5.173,2158.06831698313
5.17400000000021,2159.4550266143
5.17500000000018,2161.66526685947
5.17600000000016,2164.69047656479
5.17700000000013,2168.49405036709
5.17800000000011,2171.99398880343
5.17900000000009,2174.38843584859
5.18000000000006,2177.86099531723
5.18100000000004,2182.79040944498
5.18200000000002,2189.45376098588
5.18300000000022,2197.94298653326
5.1840000000002,2207.04617973637
5.18500000000017,2215.65593370207
5.18600000000015,2225.24377426468
5.18700000000013,2235.41920837422
5.1880000000001,2245.67370426762
5.18900000000008,2255.43732462902
5.19000000000005,2263.01551068467
5.19100000000003,2267.31495360969
5.19200000000001,2270.1252246318
5.19300000000021,2271.6744600015
5.19400000000019,2272.30979814035
5.19500000000016,2272.43385025513
5.19600000000014,2271.23658843614
5.19700000000012,2268.52690274127
5.19800000000009,2266.73003646256
5.19900000000007,2266.44343671607
5.20000000000005,2268.12958204398
5.20100000000002,2272.08635551564
5.20200000000023,2277.1893952829
5.2030000000002,2282.92553185175
5.20400000000018,2291.18790952333
5.20500000000015,2302.0234248949
5.20600000000013,2315.27208338727
5.20700000000011,2330.53146288112
5.20800000000008,2345.86627245677
5.20900000000006,2360.04440583713
5.21000000000004,2374.14318992197
5.21100000000001,2387.55693055902
5.21200000000022,2399.69454050828
5.21300000000019,2410.03344867702
5.21400000000017,2416.8176600522
5.21500000000015,2419.52527289367
5.21600000000012,2420.1969676548
5.2170000000001,2419.42456424796
5.21800000000007,2417.89991906189
5.21900000000005,2416.31124656915
5.22000000000003,2413.83232743008
5.221,2410.70175859984
5.22200000000021,2409.255505061
5.22300000000018,2410.03156363389
5.22400000000016,2413.36026544479
5.22500000000014,2419.34902628135
5.22600000000011,2426.42678788541
5.22700000000009,2434.19183597228
5.22800000000007,2444.22216424073
5.22900000000004,2456.38342264296
5.23000000000002,2470.38151284289
5.23100000000022,2485.73623298044
5.2320000000002,2500.26699630741
5.23300000000017,2513.14268405494
5.23400000000015,2525.46300096898
5.23500000000013,2536.77563431725
5.2360000000001,2546.6605006754
5.23700000000008,2554.76421611276
5.23800000000006,2559.25085306099
5.23900000000003,2560.08910322367
5.24000000000001,2559.34728244406
5.24100000000021,2557.72502922464
5.24200000000019,2555.99508176266
5.24300000000017,2554.89374061855
5.24400000000014,2553.35438394701
5.24500000000012,2551.94777641015
5.24600000000009,2552.85752986432
5.24700000000007,2556.50888986693
5.24800000000005,2563.04649836586
5.24900000000002,2572.31092082392
5.25,2582.0940903794
5.2510000000002,2591.98128770863
5.25200000000018,2603.14570483374
5.25300000000016,2615.16352079713
5.25400000000013,2627.54346307816
5.25500000000011,2639.73234313623
5.25600000000009,2649.29769873028
5.25700000000006,2656.01635245868
5.25800000000004,2661.37259528281
5.25900000000001,2665.47173695438
5.26000000000022,2668.51102468892
5.26100000000019,2670.73932312087
5.26200000000017,2670.51683513482
5.26300000000015,2668.57943689449
5.26400000000012,2667.18136411524
5.2650000000001,2667.0882959453
5.26600000000008,2668.94599230124
5.26700000000005,2673.18123642107
5.26800000000003,2677.94629390106
5.26900000000001,2683.66204484847
5.27000000000021,2691.85278088919
5.27100000000019,2702.3538541539
5.27200000000016,2714.75357404441
5.27300000000014,2728.40313106083
5.27400000000011,2740.39585206093
5.27500000000009,2750.49859772267
5.27600000000007,2759.70876524052
5.27700000000004,2767.6781255033
5.27800000000002,2774.1516359909
5.27900000000022,2778.96138880557
5.2800000000002,2779.91469637357
5.28100000000018,2777.8421243767
5.28200000000015,2774.7508050886
5.28300000000013,2771.35542693586
5.28400000000011,2768.36824386558
5.28500000000008,2766.4079997143
5.28600000000006,2763.79025023205
5.28700000000003,2761.7130940314
5.28800000000001,2762.08704443558
5.28900000000021,2765.30465886129
5.29000000000019,2771.52154594987
5.29100000000017,2780.62983284931
5.29200000000014,2790.05335491611
5.29300000000012,2800.28891712664
5.2940000000001,2812.44007924389
5.29500000000007,2826.23472210112
5.29600000000005,2841.32373822293
5.29700000000003,2857.28265981686
5.298,2871.32470090161
5.29900000000021,2884.15083996407
5.30000000000018,2897.08115388016
5.30100000000016,2910.20639416511
5.30200000000013,2923.61904053272
5.30300000000011,2937.36655027582
5.30400000000009,2949.05645944253
5.30500000000006,2959.89024614903
5.30600000000004,2971.43936262352
5.30700000000002,2983.96465972091
5.30800000000022,2997.58737758473
5.3090000000002,3012.24379399246
5.31000000000017,3025.24823676579
5.31100000000015,3037.60492261055
5.31200000000013,3050.48732693322
5.3130000000001,3063.81091476817
5.31400000000008,3077.41008649859
5.31500000000005,3091.03137183772
5.31600000000003,3101.84300368216
5.31700000000001,3111.04489340758
5.31800000000021,3119.93809634202
5.31900000000019,3128.67244072957
5.32000000000016,3137.35266242087
5.32100000000014,3145.99322697215
5.32200000000012,3151.92556377496
5.32300000000009,3156.64618247464
5.32400000000007,3161.513350745
5.32500000000005,3166.69892697373
5.32600000000002,3172.2619484997
5.32700000000023,3178.12014238748
5.3280000000002,3181.4212350154
5.32900000000018,3183.63749395558
5.33000000000015,3185.9441591273
5.33100000000013,3188.3909448509
5.33200000000011,3190.93068916713
5.33300000000008,3193.39148017851
5.33400000000006,3192.7701043244
5.33500000000004,3190.63074334297
5.33600000000001,3188.08544604176
5.33700000000022,3185.19179967525
5.33800000000019,3181.95868741885
5.33900000000017,3178.33451126161
5.34000000000015,3171.44403889341
5.34100000000012,3163.26988362009
5.3420000000001,3155.23769339764
5.34300000000007,3147.81727179644
5.34400000000005,3141.45485155748
5.34500000000003,3136.51855499147
5.346,3130.43854008221
5.34700000000021,3125.52671451117
5.34800000000018,3123.19918263007
5.34900000000016,3123.75436622037
5.35000000000014,3127.23464770245
5.35100000000011,3133.3873414132
5.35200000000009,3138.80013270781
5.35300000000007,3145.03535039198
5.35400000000004,3152.60290322084
5.35500000000002,3161.06900078821
5.35600000000022,3169.96447099552
5.3570000000002,3178.8119053776
5.35800000000017,3184.21577340518
5.35900000000015,3188.25660991765
5.36000000000013,3191.96700812988
5.3610000000001,3195.57844794249
5.36200000000008,3199.2768079023
5.36300000000006,3203.1323640317
5.36400000000003,3204.0475870089
5.36500000000001,3204.43150180924
5.36600000000021,3205.25428270649
5.36700000000019,3206.59356222278
5.36800000000017,3208.42799727882
5.36900000000014,3210.6506628577
5.37000000000012,3210.00247182319
5.37100000000009,3209.08809712824
5.37200000000007,3208.97156338844
5.37300000000005,3209.91943252474
5.37400000000002,3212.08173505438
5.375,3215.43625027837
5.3760000000002,3216.57917846146
5.37700000000018,3218.07656675817
5.37800000000016,3220.60696805886
5.37900000000013,3224.0155673964
5.38000000000011,3228.03646571742
5.38100000000009,3232.32632515446
5.38200000000006,3233.24839619017
5.38300000000004,3233.57272809172
5.38400000000001,3234.1746547182
5.38500000000022,3235.28789143791
5.38600000000019,3237.09801000906
5.38700000000017,3239.68208105334
5.38800000000015,3239.66178072916
5.38900000000012,3240.05194537764
5.3900000000001,3241.57554355589
5.39100000000008,3244.17873409258
5.39200000000005,3247.63077242557
5.39300000000003,3251.55193267307
5.39400000000001,3252.1340849771
5.39500000000021,3252.23383553498
5.39600000000019,3252.42589524269
5.39700000000016,3252.76520650246
5.39800000000014,3253.30603586615
5.39900000000011,3254.07351212091
5.40000000000009,3251.6294285897
5.40100000000007,3249.36238592011
5.40200000000004,3248.090605545
5.40300000000002,3247.99292582955
5.40400000000022,3249.04501615141
5.4050000000002,3250.99786948236
5.40600000000018,3249.9074213501
5.40700000000015,3248.78635937602
5.40800000000013,3247.93973051093
5.40900000000011,3247.20624197516
5.41000000000008,3246.40770385429
5.41100000000006,3245.3618291189
5.41200000000003,3240.36162596674
5.41300000000001,3234.98342445732
5.41400000000021,3230.01292128673
5.41500000000019,3225.81778227975
5.41600000000017,3222.64424044408
5.41700000000014,3220.55386466722
5.41800000000012,3215.77707827398
5.4190000000001,3211.86108009568
5.42000000000007,3209.18345972942
5.42100000000005,3207.66824529885
5.42200000000003,3207.12612835001
5.423,3207.28154515857
5.42400000000021,3204.11378640012
5.42500000000018,3201.33442399845
5.42600000000016,3199.45866440584
5.42700000000013,3198.7185107663
5.42800000000011,3199.2670087854
5.42900000000009,3201.11837524668
5.43000000000006,3200.35626684473
5.43100000000004,3200.81609274511
5.43200000000002,3202.7759125861
5.43300000000022,3206.13958098732
5.4340000000002,3210.64084433678
5.43500000000017,3215.85334100664
5.43600000000015,3217.44342539478
5.43700000000013,3219.04827591582
5.4380000000001,3220.70431531859
5.43900000000008,3222.25529865353
5.44000000000005,3223.48240240881
5.44100000000003,3224.08619801147
5.44200000000001,3219.90969959716
5.44300000000021,3214.87548296013
5.44400000000019,3209.16109194812
5.44500000000016,3202.83087285814
5.44600000000014,3195.9380983937
5.44700000000012,3188.54217145785
5.44800000000009,3176.97384119824
5.44900000000007,3165.81613730743
5.45000000000005,3155.86156563801
5.45100000000002,3147.8863009984
5.45200000000023,3142.61568574662
5.4530000000002,3140.58296873657
5.45400000000018,3138.57264517049
5.45500000000015,3140.96926685099
5.45600000000013,3148.00355976965
5.45700000000011,3159.42217302868
5.45800000000008,3174.50636383008
5.45900000000006,3192.00354267038
5.46000000000004,3206.99974589375
5.46100000000001,3222.12784467342
5.46200000000022,3236.30113076801
5.46300000000019,3248.53493328136
5.46400000000017,3258.10422301088
5.46500000000015,3264.45924300663
5.46600000000012,3264.25621224149
5.4670000000001,3262.00507715441
5.46800000000007,3258.78088494071
5.46900000000005,3255.67322947443
5.47000000000003,3253.64292808539
5.471,3253.14733954862
5.47200000000021,3251.27529448824
5.47300000000018,3252.01601381692
5.47400000000016,3255.34829617187
5.47500000000014,3260.85260575
5.47600000000011,3267.8487527728
5.47700000000009,3275.25411837518
5.47800000000007,3279.20485684645
5.47900000000004,3283.02607721917
5.48000000000002,3286.67829286764
5.48100000000022,3290.20777632693
5.4820000000002,3293.71979036645
5.48300000000017,3296.97489888977
5.48400000000015,3297.048487353
5.48500000000013,3297.68153885209
5.4860000000001,3298.95209661886
5.48700000000008,3300.63805021148
5.48800000000006,3302.27197887446
5.48900000000003,3302.83273215158
5.49000000000001,3298.80210038634
5.49100000000021,3293.3688772427
5.49200000000019,3286.44414077974
5.49300000000017,3278.03504097318
5.49400000000014,3268.27775305372
5.49500000000012,3256.96542986884
5.49600000000009,3241.60150666912
5.49700000000007,3226.34385052706
5.49800000000005,3211.8240171821
5.49900000000002,3198.39555311478
5.5,3186.09227420025
5.5010000000002,3174.06554505816
5.50200000000018,3158.71380618366
5.50300000000016,3143.47842963646
5.50400000000013,3128.19157992177
5.50500000000011,3112.69265887954
5.50600000000009,3096.89378594594
5.50700000000006,3080.14852383124
5.50800000000004,3059.40616536653
5.50900000000001,3039.22016017144
5.51000000000022,3020.56965726227
5.51100000000019,3004.37306169448
5.51200000000017,2991.34912036095
5.51300000000015,2981.16279365503
5.51400000000012,2970.74586777259
5.5150000000001,2963.87278067917
5.51600000000008,2960.37914152191
5.51700000000005,2959.74795466241
5.51800000000003,2961.17969528716
5.51900000000001,2962.97626617918
5.52000000000021,2961.55656835498
5.52100000000019,2959.74612349222
5.52200000000016,2957.26766672747
5.52300000000014,2954.06334653892
5.52400000000011,2950.32974110857
5.52500000000009,2945.9664209019
5.52600000000007,2940.22455202019
5.52700000000004,2936.06505446295
5.52800000000002,2933.59022764259
5.52900000000022,2932.41619142136
5.5300000000002,2931.81458068968
5.53100000000018,2930.50174725258
5.53200000000015,2927.01724225843
5.53300000000013,2922.75208093862
5.53400000000011,2917.14074547289
5.53500000000008,2909.78692393612
5.53600000000006,2900.63047003592
5.53700000000003,2889.43791571556
5.53800000000001,2875.84325107302
5.53900000000021,2863.38030297849
5.54000000000019,2853.05253410938
5.54100000000017,2845.51666018018
5.54200000000014,2841.01372031622
5.54300000000012,2838.52942627488
5.5440000000001,2835.84957142216
5.54500000000007,2835.47686036076
5.54600000000005,2836.92989121446
5.54700000000003,2839.76456327419
5.548,2843.80809389062
5.54900000000021,2848.4349950241
5.55000000000018,2852.87130172421
5.55100000000016,2862.0055172781
5.55200000000013,2878.35369815453
5.55300000000011,2904.70562814065
5.55400000000009,2943.8155618093
5.55500000000006,2997.06793236493
5.55600000000004,3064.40812531344
5.55700000000002,3148.84245808395
5.55800000000022,3248.8476159386
5.5590000000002,3360.91081562009
5.56000000000017,3479.74836623548
5.56100000000015,3597.90534652486
5.56200000000013,3707.16739730727
5.5630000000001,3804.05341281261
5.56400000000008,3883.92480917275
5.56500000000005,3944.2907754451
5.56600000000003,3985.2240130702
5.56700000000001,4008.27667194175
5.56800000000021,4016.58569627586
5.56900000000019,4017.95288168536
5.57000000000016,4016.80718683251
5.57100000000014,4015.2263936327
5.57200000000012,4011.85150788895
5.57300000000009,4000.39582467433
5.57400000000007,3970.87227022
5.57500000000005,3914.54859657891
5.57600000000002,3819.44890327843
5.57700000000023,3674.84627405056
5.5780000000002,3473.43674963548
5.57900000000018,3212.08351302738
5.58000000000015,2893.96583678104
5.58100000000013,2532.11852878479
5.58200000000011,2142.58833045309
5.58300000000008,1744.97626377586
5.58400000000006,1360.23629581891
5.58500000000004,1007.30293418919
5.58600000000001,702.340273704178
5.58700000000022,460.361273855162
5.58800000000019,288.884257878667
5.58900000000017,190.190946605585
5.59000000000015,162.07205289181
5.59100000000012,197.881135300655
5.5920000000001,289.253362908572
5.59300000000007,429.962468948218
5.59400000000005,611.278714504133
5.59500000000003,824.463031953468
5.596,1060.83573795382
5.59700000000021,1310.52356853793
5.59800000000018,1563.94301915017
5.59900000000016,1814.25743896765
5.60000000000014,2052.39732087312
5.60100000000011,2269.57443884792
5.60200000000009,2457.9517161063
5.60300000000007,2610.21745200879
5.60400000000004,2722.01442363583
5.60500000000002,2794.53316381292
5.60600000000022,2829.63403171324
5.6070000000002,2831.55819386424
5.60800000000017,2806.37876637796
5.60900000000015,2760.07756620999
5.61000000000013,2699.70502882613
5.6110000000001,2634.50158979321
5.61200000000008,2570.62370457514
5.61300000000006,2512.72011636955
5.61400000000003,2463.83764723499
5.61500000000001,2424.28121426579
5.61600000000021,2394.05299020452
5.61700000000019,2374.69891006633
5.61800000000017,2365.03645414549
5.61900000000014,2363.36829669213
5.62000000000012,2367.7484402942
5.62100000000009,2374.77071516137
5.62200000000007,2382.45672682707
5.62300000000005,2391.58963946812
5.62400000000002,2400.9261799144
5.625,2409.39829519003
5.6260000000002,2416.1902094723
5.62700000000018,2419.19078258215
5.62800000000016,2418.18514438929
5.62900000000013,2415.65871904216
5.63000000000011,2411.72385490253
5.63100000000009,2406.36021529407
5.63200000000006,2399.46152966117
5.63300000000004,2389.26445821536
5.63400000000001,2375.84455463595
5.63500000000022,2361.70559755234
5.63600000000019,2347.03827233761
5.63700000000017,2331.9964797321
5.63800000000015,2316.77926626343
5.63900000000012,2300.17280408537
5.6400000000001,2282.68626875793
5.64100000000008,2266.85823650264
5.64200000000005,2253.13052063485
5.64300000000003,2241.68408232467
5.64400000000001,2232.46213533102
5.64500000000021,2224.23907833318
5.64600000000019,2216.47779706238
5.64700000000016,2210.16386052341
5.64800000000014,2205.32120198566
5.64900000000011,2201.99139559345
5.65000000000009,2200.17478590574
5.65100000000007,2199.0100433675
5.65200000000004,2197.97035654041
5.65300000000002,2197.81243617597
5.65400000000022,2198.67743599466
5.6550000000002,2200.64956710732
5.65600000000018,2203.64119800163
5.65700000000015,2206.25259598119
5.65800000000013,2207.86708612127
5.65900000000011,2209.07064489992
5.66000000000008,2209.3950162708
5.66100000000006,2208.37390680557
5.66200000000003,2205.59529091506
5.66300000000001,2199.28520793383
5.66400000000021,2189.66112426677
5.66500000000019,2178.50269414305
5.66600000000017,2166.27694239063
5.66700000000014,2153.54676518547
5.66800000000012,2140.94080708883
5.6690000000001,2127.5211657325
5.67000000000007,2114.38586518908
5.67100000000005,2103.76291319304
5.67200000000003,2096.10945712415
5.673,2091.54135931315
5.67400000000021,2089.85448839114
5.67500000000018,2089.05639735547
5.67600000000016,2089.02106933041
5.67700000000013,2090.6997697299
5.67800000000011,2093.68416036449
5.67900000000009,2097.59092813612
5.68000000000006,2102.11311550323
5.68100000000004,2105.50033403093
5.68200000000002,2108.2033582635
5.68300000000022,2111.73187259338
5.6840000000002,2116.26420775404
5.68500000000017,2121.82330162152
5.68600000000015,2128.22636604462
5.68700000000013,2133.48104347107
5.6880000000001,2137.66014951671
5.68900000000008,2141.58367783927
5.69000000000005,2144.7398383286
5.69100000000003,2146.60891968856
5.69200000000001,2146.77359645353
5.69300000000021,2143.39209175886
5.69400000000019,2137.25005017949
5.69500000000016,2130.15969898637
5.69600000000014,2122.91269381274
5.69700000000012,2116.36116532609
5.69800000000009,2111.30353822514
5.69900000000007,2106.72419399024
5.70000000000005,2103.7884980794
5.70100000000002,2103.98808331606
5.70200000000023,2107.27863989293
5.7030000000002,2113.20916385776
5.70400000000018,2120.9863948761
5.70500000000015,2127.93542802922
5.70600000000013,2133.79424181855
5.70700000000011,2138.89388788246
5.70800000000008,2142.63447314373
5.70900000000006,2144.61654555916
5.71000000000004,2144.6793555306
5.71100000000001,2141.26316667837
5.71200000000022,2135.56869041792
5.71300000000019,2129.32102506996
5.71400000000017,2123.24513386522
5.71500000000015,2117.95905685986
5.71600000000012,2113.89866141749
5.7170000000001,2109.60791286463
5.71800000000007,2106.08473035405
5.71900000000005,2104.40912933915
5.72000000000003,2104.51594853591
5.721,2106.20209493849
5.72200000000021,2109.1845588167
5.72300000000018,2111.44541340573
5.72400000000016,2113.76938092548
5.72500000000014,2117.12269435724
5.72600000000011,2121.51340848917
5.72700000000009,2126.8718696333
5.72800000000007,2133.01643278822
5.72900000000004,2137.91830993461
5.73000000000002,2142.27511213828
5.73100000000022,2146.74504116292
5.7320000000002,2151.02248469373
5.73300000000017,2154.74621068381
5.73400000000015,2157.55382391699
5.73500000000013,2157.4069639027
5.7360000000001,2155.29661813718
5.73700000000008,2152.30094414189
5.73800000000006,2148.76697037762
5.73900000000003,2145.08083751864
5.74000000000001,2141.60751726692
5.74100000000021,2136.85204737132
5.74200000000019,2132.2544802957
5.74300000000017,2128.94570626729
5.74400000000014,2127.06976628218
5.74500000000012,2126.57231646959
5.74600000000009,2127.23101854735
5.74700000000007,2126.85376726291
5.74800000000005,2126.45528167474
5.74900000000002,2126.82088994971
5.75,2128.01355398803
5.7510000000002,2130.13827553254
5.75200000000018,2133.30935218676
5.75300000000016,2135.66159956222
5.75400000000013,2138.64298181704
5.75500000000011,2143.15730344966
5.75600000000009,2149.10316148551
5.75700000000006,2156.06609537689
5.75800000000004,2163.31365932285
5.75900000000001,2167.87979427199
5.76000000000022,2170.17640374136
5.76100000000019,2170.15142120573
5.76200000000017,2167.19272792658
5.76300000000015,2160.95149644158
5.76400000000012,2151.42307793865
5.7650000000001,2136.96412258616
5.76600000000008,2119.93122811647
5.76700000000005,2102.33663990191
5.76800000000003,2085.60017928043
5.76900000000001,2071.0161319111
5.77000000000021,2059.56204497905
5.77100000000019,2049.71201203575
5.77200000000016,2043.19667616091
5.77300000000014,2040.52017422343
5.77400000000011,2041.11733677019
5.77500000000009,2044.10880525729
5.77600000000007,2048.45741225576
5.77700000000004,2051.0818517146
5.77800000000002,2052.88259856404
5.77900000000022,2054.16651636362
5.7800000000002,2054.89234715454
5.78100000000018,2055.19756535554
5.78200000000015,2055.30273712397
5.78300000000013,2053.346192917
5.78400000000011,2051.27655284655
5.78500000000008,2049.93517646033
5.78600000000006,2049.41899722539
5.78700000000003,2049.62589863546
5.78800000000001,2050.29474172999
5.78900000000021,2048.98415087462
5.79000000000019,2047.27013513694
5.79100000000017,2045.70862793142
5.79200000000014,2044.41898554603
5.79300000000012,2043.58169412223
5.7940000000001,2043.40833926687
5.79500000000007,2041.98612313893
5.79600000000005,2041.49370962472
5.79700000000003,2042.82384998867
5.798,2046.2626980448
5.79900000000021,2051.92955587047
5.80000000000018,2059.76701268213
5.80100000000016,2067.41702173631
5.80200000000013,2076.59767242931
5.80300000000011,2087.60387587283
5.80400000000009,2100.18417163961
5.80500000000006,2113.97638972159
5.80600000000004,2128.5197135647
5.80700000000002,2141.1172286577
5.80800000000022,2153.34034928628
5.8090000000002,2165.33627050681
5.81000000000017,2176.85670623325
5.81100000000015,2187.65804338922
5.81200000000013,2197.50956558281
5.8130000000001,2204.00744484964
5.81400000000008,2209.20318608374
5.81500000000005,2213.64088682572
5.81600000000003,2217.49611690126
5.81700000000001,2220.89662285544
5.81800000000021,2223.89493192474
5.81900000000019,2224.23353834592
5.82000000000016,2224.10732522712
5.82100000000014,2223.97200210002
5.82200000000012,2223.87354785214
5.82300000000009,2223.7710600592
5.82400000000007,2223.54764900836
5.82500000000005,2220.78984200264
5.82600000000002,2217.65592907019
5.82700000000023,2214.51172288589
5.8280000000002,2211.38902445122
5.82900000000018,2208.25316896336
5.83000000000015,2204.99833127591
5.83100000000013,2199.21281498217
5.83200000000011,2193.0821816748
5.83300000000008,2186.95561756115
5.83400000000006,2180.91840536189
5.83500000000004,2175.02391320077
5.83600000000001,2169.28673640453
5.83700000000022,2161.40035918308
5.83800000000019,2153.76893387791
5.83900000000017,2146.8273843453
5.84000000000015,2140.72965321857
5.84100000000012,2135.5198646165
5.8420000000001,2131.11203273495
5.84300000000007,2124.99587776194
5.84400000000005,2119.38726525908
5.84500000000003,2114.39929320588
5.846,2109.92375849325
5.84700000000021,2105.81732368942
5.84800000000018,2101.92101443861
5.84900000000016,2095.77529953935
5.85000000000014,2089.83109725238
5.85100000000011,2084.42328837718
5.85200000000009,2079.72935208324
5.85300000000007,2075.85749201964
5.85400000000004,2072.81268099766
5.85500000000002,2068.16895179209
5.85600000000022,2064.3499715978
5.8570000000002,2061.46864695975
5.85800000000017,2059.46505740631
5.85900000000015,2058.21867944747
5.86000000000013,2057.56930593968
5.8610000000001,2054.99587081447
5.86200000000008,2053.03675252725
5.86300000000006,2051.87937868532
5.86400000000003,2051.5973448689
5.86500000000001,2052.16675307999
5.86600000000021,2053.43218692071
5.86700000000019,2052.70430449812
5.86800000000017,2052.39205863251
5.86900000000014,2052.30755430554
5.87000000000012,2052.15970051481
5.87100000000009,2051.62441160806
5.87200000000007,2050.35884176282
5.87300000000005,2045.78346525334
5.87400000000002,2040.59974508276
5.875,2035.09035762254
5.8760000000002,2029.55869048361
5.87700000000018,2024.30913319984
5.87800000000016,2019.5289031428
5.87900000000013,2013.1438368812
5.88000000000011,2008.04298835112
5.88100000000009,2004.50401257427
5.88200000000006,2002.63023808676
5.88300000000004,2002.38618082241
5.88400000000001,2003.51248946513
5.88500000000022,2003.60847062428
5.88600000000019,2005.13046122254
5.88700000000017,2008.01977825368
5.88800000000015,2012.08940103797
5.88900000000012,2017.0388504032
5.8900000000001,2022.31312944588
5.89100000000008,2025.33879059239
5.89200000000005,2028.25605374504
5.89300000000003,2030.78775045594
5.89400000000001,2032.6238406162
5.89500000000021,2033.48866822597
5.89600000000019,2033.00174574641
5.89700000000016,2029.05931109008
5.89800000000014,2024.32172945486
5.89900000000011,2019.17336202457
5.90000000000009,2013.96254695422
5.90100000000007,2008.96074151227
5.90200000000004,2004.09821013378
5.90300000000002,1997.43747281813
5.90400000000022,1991.43616122053
5.9050000000002,1986.1375776319
5.90600000000018,1981.45461332905
5.90700000000015,1977.23657130228
5.90800000000013,1973.06861834907
5.90900000000011,1966.96085803623
5.91000000000008,1961.35772560602
5.91100000000006,1956.49031215934
5.91200000000003,1952.52398105522
5.91300000000001,1949.52559326005
5.91400000000021,1947.14009448498
5.91500000000019,1943.36679416882
5.91600000000017,1940.35464236124
5.91700000000014,1937.96683042282
5.91800000000012,1935.97616643824
5.9190000000001,1934.13603812219
5.92000000000007,1931.91188684333
5.92100000000005,1927.44923254124
5.92200000000003,1923.14008294236
5.923,1919.28092353274
5.92400000000021,1916.12264778032
5.92500000000018,1913.81931677044
5.92600000000016,1912.02204926685
5.92700000000013,1908.94271126734
5.92800000000011,1906.63411075159
5.92900000000009,1904.91381073844
5.93000000000006,1903.47594909677
5.93100000000004,1901.97569627611
5.93200000000002,1899.71912771237
5.93300000000022,1894.96977333677
5.9340000000002,1889.94219634462
5.93500000000017,1884.89833536262
5.93600000000015,1880.09993186699
5.93700000000013,1875.76186622118
5.9380000000001,1871.59454816593
5.93900000000008,1866.18757241095
5.94000000000005,1861.59578500762
5.94100000000003,1857.77797796566
5.94200000000001,1854.55880579383
5.94300000000021,1851.71169195296
5.94400000000019,1848.61746362737
5.94500000000016,1843.91958294541
5.94600000000014,1839.73296339845
5.94700000000012,1836.39782785301
5.94800000000009,1834.26509584829
5.94900000000007,1833.65483424087
5.95000000000005,1834.35411139097
5.95100000000002,1835.30323237616
5.95200000000023,1838.43572102009
5.9530000000002,1843.62472405977
5.95400000000018,1850.47440843696
5.95500000000015,1858.38962869132
5.95600000000013,1866.18477709648
5.95700000000011,1872.04762465927
5.95800000000008,1877.34597987928
5.95900000000006,1881.75181582281
5.96000000000004,1885.04425479748
5.96100000000001,1887.14933052647
5.96200000000022,1887.64872554153
5.96300000000019,1885.76239251195
5.96400000000017,1883.73516523737
5.96500000000015,1882.07650262332
5.96600000000012,1881.19831036332
5.9670000000001,1881.3911580611
5.96800000000007,1882.29420324703
5.96900000000005,1883.02082990392
5.97000000000003,1885.27936096255
5.971,1888.93836727515
5.97200000000021,1893.66911998767
5.97300000000018,1899.00478484572
5.97400000000016,1903.86781514455
5.97500000000014,1906.88417732766
5.97600000000011,1909.33530404525
5.97700000000009,1910.93487796217
5.97800000000007,1911.43085078387
5.97900000000004,1910.64750620898
5.98000000000002,1907.93827011977
5.98100000000022,1902.5534727726
5.9820000000002,1896.37626954329
5.98300000000017,1889.71278842744
5.98400000000015,1882.79795261947
5.98500000000013,1875.77928616594
5.9860000000001,1868.10240119465
5.98700000000008,1858.99104742386
5.98800000000006,1850.07218380038
5.98900000000003,1841.30631405309
5.99000000000001,1832.53076148961
5.99100000000021,1823.50174214647
5.99200000000019,1813.24022108833
5.99300000000017,1800.66207933798
5.99400000000014,1787.36820396701
5.99500000000012,1773.33381605882
5.99600000000009,1758.48182263492
5.99700000000007,1742.67944642525
5.99800000000005,1724.8763018553
5.99900000000002,1703.89938545583
6,1681.89629374142
6.0010000000002,1659.36130644016
6.00200000000018,1636.92737499918
6.00300000000016,1615.31899241874
6.00400000000013,1594.21048653965
6.00500000000011,1573.10335924246
6.00600000000009,1555.12540254548
6.00700000000006,1541.26210835936
6.00800000000004,1532.18294612429
6.00900000000001,1528.07573793642
6.01000000000022,1527.6034125572
6.01100000000019,1528.93643680638
6.01200000000017,1532.67255513369
6.01300000000015,1537.43509826559
6.01400000000012,1541.78384035054
6.0150000000001,1544.44935257612
6.01600000000008,1544.02627382037
6.01700000000005,1539.9800995946
6.01800000000003,1533.33258591227
6.01900000000001,1524.32172648314
6.02000000000021,1513.3471918171
6.02100000000019,1500.92764095628
6.02200000000016,1487.25585758322
6.02300000000014,1473.06641822582
6.02400000000011,1459.74191259728
6.02500000000009,1447.56937284407
6.02600000000007,1436.65579168571
6.02700000000004,1427.04369404177
6.02800000000002,1418.40016481732
6.02900000000022,1411.04406860414
6.0300000000002,1405.98205800123
6.03100000000018,1403.24678183757
6.03200000000015,1402.74166747324
6.03300000000013,1404.29501493359
6.03400000000011,1407.24656091896
6.03500000000008,1411.54204649924
6.03600000000006,1417.73793530585
6.03700000000003,1425.31594420378
6.03800000000001,1433.59747555885
6.03900000000021,1441.87674733698
6.04000000000019,1448.83764024486
6.04100000000017,1454.17069367873
6.04200000000014,1459.34156913
6.04300000000012,1465.14728052177
6.0440000000001,1472.89345347064
6.04500000000007,1484.37786199175
6.04600000000005,1500.85593252611
6.04700000000003,1524.5510039978
6.048,1559.21745655034
6.04900000000021,1606.92778786398
6.05000000000018,1669.0631365922
6.05100000000016,1746.1675674458
6.05200000000013,1837.04231195863
6.05300000000011,1940.59378416775
6.05400000000009,2056.57728281628
6.05500000000006,2183.20718223128
6.05600000000004,2318.45247203894
6.05700000000002,2460.05995582678
6.05800000000022,2604.55871747056
6.0590000000002,2748.62060686815
6.06000000000017,2888.87581261966
6.06100000000015,3019.24312139981
6.06200000000013,3131.7358388907
6.0630000000001,3216.6182334767
6.06400000000008,3262.1915670338
6.06500000000005,3257.61971269407
6.06600000000003,3194.55164651858
6.06700000000001,3066.65042796511
6.06800000000021,2872.05309568847
6.06900000000019,2614.46475634449
6.07000000000016,2302.71295420283
6.07100000000014,1952.12331366046
6.07200000000012,1583.27056696076
6.07300000000009,1217.93786862693
6.07400000000007,877.5386525339
6.07500000000005,580.564687769388
6.07600000000002,339.497018957981
6.07700000000023,161.260770331868
6.0780000000002,46.6023081615041
6.07900000000018,-11.3199136017422
6.08000000000015,-24.5989916791428
6.08100000000013,-8.46028280607222
6.08200000000011,20.2854306678171
6.08300000000008,47.6061311083659
6.08400000000006,63.9508087486359
6.08500000000004,63.7033094395193
6.08600000000001,46.4228016278393
6.08700000000022,16.4063128671143
6.08800000000019,-19.3246497552935
6.08900000000017,-50.5559487143846
6.09000000000015,-65.9600621675031
6.09100000000012,-56.3521294749322
6.0920000000001,-15.1870395259912
6.09300000000007,60.6174971408735
6.09400000000005,169.481768249127
6.09500000000003,307.517117252917
6.096,468.692061081656
6.09700000000021,644.241394890408
6.09800000000018,824.502051263258
6.09900000000016,999.950434594686
6.10000000000014,1161.14369416267
6.10100000000011,1301.64157578589
6.10200000000009,1417.73180556042
6.10300000000007,1507.09261712616
6.10400000000004,1569.41809979599
6.10500000000002,1606.09275429611
6.10600000000022,1618.76921960055
6.1070000000002,1611.31073167653
6.10800000000017,1588.52301633834
6.10900000000015,1554.45711582465
6.11000000000013,1512.93322212488
6.1110000000001,1467.41007722632
6.11200000000008,1419.81604500109
6.11300000000006,1373.35255524398
6.11400000000003,1331.26897513773
6.11500000000001,1295.48689510099
6.11600000000021,1267.3891806211
6.11700000000019,1247.76957514221
6.11800000000017,1235.39563976941
6.11900000000014,1230.67118478533
6.12000000000012,1233.68919637243
6.12100000000009,1242.91098677373
6.12200000000007,1256.40519739886
6.12300000000005,1272.13331180429
6.12400000000002,1286.57324454225
6.125,1299.47697336774
6.1260000000002,1311.19156851369
6.12700000000018,1321.23899015113
6.12800000000016,1329.48272175523
6.12900000000013,1336.07749003818
6.13000000000011,1339.91713240024
6.13100000000009,1342.38972163544
6.13200000000006,1344.89745290205
6.13300000000004,1347.61135380602
6.13400000000001,1350.40818069343
6.13500000000022,1352.95883611178
6.13600000000019,1354.04297981091
6.13700000000017,1353.55901788075
6.13800000000015,1351.96602723518
6.13900000000012,1349.54575347041
6.1400000000001,1346.72035781433
6.14100000000008,1343.92721324631
6.14200000000005,1340.82553097852
6.14300000000003,1337.70250666561
6.14400000000001,1335.14677861209
6.14500000000021,1333.40058940023
6.14600000000019,1332.60704924133
6.14700000000016,1332.77620750695
6.14800000000014,1333.07244469018
6.14900000000011,1333.39398342948
6.15000000000009,1334.01515487829
6.15100000000007,1334.99336416615
6.15200000000004,1336.38917772495
6.15300000000002,1338.19491945871
6.15400000000022,1339.50794750616
6.1550000000002,1340.32632463218
6.15600000000018,1340.96418877321
6.15700000000015,1341.49973050556
6.15800000000013,1342.03665138303
6.15900000000011,1342.65323007427
6.16000000000008,1342.21730638672
6.16100000000006,1341.41230696186
6.16200000000003,1340.92491245265
6.16300000000001,1340.95470441423
6.16400000000021,1341.68778234659
6.16500000000019,1343.2727266966
6.16600000000017,1344.42869264657
6.16700000000014,1346.19275272052
6.16800000000012,1349.2827393237
6.1690000000001,1353.70257057462
6.17000000000007,1359.29974282695
6.17100000000005,1365.77332404412
6.17200000000003,1371.35946367691
6.173,1376.58185579789
6.17400000000021,1381.7142199112
6.17500000000018,1386.54231281404
6.17600000000016,1390.90527903126
6.17700000000013,1394.7123934855
6.17800000000011,1396.64178871985
6.17900000000009,1397.72462980501
6.18000000000006,1398.81424336094
6.18100000000004,1400.32459701789
6.18200000000002,1402.60589334805
6.18300000000022,1405.86795844347
6.1840000000002,1408.77003525958
6.18500000000017,1412.18360361882
6.18600000000015,1416.48523421006
6.18700000000013,1421.48563854311
6.1880000000001,1426.90351455152
6.18900000000008,1432.40322235633
6.19000000000005,1436.25218871104
6.19100000000003,1439.26288564497
6.19200000000001,1441.87784470968
6.19300000000021,1444.18541818567
6.19400000000019,1446.30719784212
6.19500000000016,1448.35596390213
6.19600000000014,1448.99408370235
6.19700000000012,1449.41783231894
6.19800000000009,1450.239728242
6.19900000000007,1451.61334232864
6.20000000000005,1453.62171155739
6.20100000000002,1456.2786872474
6.20200000000023,1458.1124083046
6.2030000000002,1460.28595816589
6.20400000000018,1463.35398733932
6.20500000000015,1467.48727096709
6.20600000000013,1472.80959227998
6.20700000000011,1479.35681169639
6.20800000000008,1485.59340729429
6.20900000000006,1492.57414883032
6.21000000000004,1500.53441829949
6.21100000000001,1509.21749458865
6.21200000000022,1518.21673032587
6.21300000000019,1526.99784995026
6.21400000000017,1533.47985653483
6.21500000000015,1538.39773194206
6.21600000000012,1541.82281868177
6.2170000000001,1543.66306417311
6.21800000000007,1544.00383355331
6.21900000000005,1543.099411655
6.22000000000003,1539.84303644877
6.221,1536.09715791773
6.22200000000021,1532.89060413492
6.22300000000018,1530.86365610242
6.22400000000016,1530.4561088495
6.22500000000014,1531.83269461366
6.22600000000011,1533.3475280012
6.22700000000009,1536.05954269847
6.22800000000007,1539.94104412298
6.22900000000004,1544.62438087091
6.23000000000002,1549.75595440406
6.23100000000022,1555.06549216852
6.2320000000002,1558.84421790889
6.23300000000017,1562.60234077323
6.23400000000015,1566.92477889396
6.23500000000013,1572.1417970351
6.2360000000001,1578.44854356627
6.23700000000008,1585.79307670837
6.23800000000006,1592.16680673152
6.23900000000003,1598.54843192095
6.24000000000001,1604.57698583362
6.24100000000021,1609.55797913532
6.24200000000019,1612.8117729985
6.24300000000017,1613.79411529066
6.24400000000014,1610.48895648481
6.24500000000012,1604.61527771036
6.24600000000009,1596.98137501716
6.24700000000007,1588.42627631967
6.24800000000005,1579.87910828221
6.24900000000002,1572.19258692316
6.25,1564.22530627626
6.2510000000002,1558.1154668594
6.25200000000018,1554.3283042271
6.25300000000016,1552.81873019332
6.25400000000013,1553.25264259961
6.25500000000011,1555.08218302091
6.25600000000009,1555.81051898375
6.25700000000006,1556.68961947946
6.25800000000004,1557.62309292155
6.25900000000001,1558.48668364067
6.26000000000022,1559.25671095418
6.26100000000019,1559.9524967712
6.26200000000017,1558.70550956442
6.26300000000015,1557.44716675913
6.26400000000012,1556.50070605236
6.2650000000001,1555.97432345228
6.26600000000008,1555.87089043254
6.26700000000005,1556.08629926093
6.26800000000003,1554.5369416043
6.26900000000001,1553.04017743214
6.27000000000021,1551.77501167474
6.27100000000019,1550.82863641439
6.27200000000016,1550.27138289459
6.27300000000014,1550.11977858578
6.27400000000011,1548.38526965332
6.27500000000009,1547.03971879653
6.27600000000007,1546.21417982587
6.27700000000004,1545.8769579863
6.27800000000002,1545.90413502472
6.27900000000022,1546.0906301404
6.2800000000002,1544.23483629316
6.28100000000018,1542.28297416618
6.28200000000015,1540.38633353097
6.28300000000013,1538.72688106354
6.28400000000011,1537.55264701276
6.28500000000008,1537.1498512686
6.28600000000006,1535.84710037247
6.28700000000003,1536.14632858963
6.28800000000001,1538.55273945315
6.28900000000021,1543.42211916161
6.29000000000019,1550.90819038322
6.29100000000017,1560.88266963787
6.29200000000014,1571.0704186662
6.29300000000012,1583.09468340764
6.2940000000001,1596.48153581969
6.29500000000007,1610.62113365954
6.29600000000005,1624.84708177074
6.29700000000003,1638.4449078232
6.298,1648.96945419968
6.29900000000021,1658.22168618981
6.30000000000018,1666.26521180795
6.30100000000016,1673.31582039452
6.30200000000013,1679.70531140139
6.30300000000011,1685.71897703187
6.30400000000009,1689.86349646885
6.30500000000006,1694.62975418126
6.30600000000004,1700.44415785764
6.30700000000002,1707.52539072614
6.30800000000022,1715.86658211969
6.3090000000002,1725.11299451526
6.31000000000017,1733.07259814201
6.31100000000015,1741.3473740119
6.31200000000013,1749.61491519847
6.3130000000001,1757.52733683739
6.31400000000008,1764.75945312881
6.31500000000005,1770.882023439
6.31600000000003,1773.97759405602
6.31700000000001,1776.00968843526
6.31800000000021,1777.17068182381
6.31900000000019,1777.64921021559
6.32000000000016,1777.59224911105
6.32100000000014,1776.88457393989
6.32200000000012,1773.83915419826
6.32300000000009,1770.44467296096
6.32400000000007,1766.82031178263
6.32500000000005,1763.02877441667
6.32600000000002,1759.10255676249
6.32700000000023,1754.84739468194
6.3280000000002,1748.67415441852
6.32900000000018,1742.69388177427
6.33000000000015,1737.23437711843
6.33100000000013,1732.57509135482
6.33200000000011,1728.90711077792
6.33300000000008,1726.04911382413
6.33400000000006,1722.36324983713
6.33500000000004,1719.66681720957
6.33600000000001,1717.90342766403
6.33700000000022,1716.91055097937
6.33800000000019,1716.45655378456
6.33900000000017,1716.00192860079
6.34000000000015,1713.78599148936
6.34100000000012,1711.59851335503
6.3420000000001,1709.54244945181
6.34300000000007,1707.73102581468
6.34400000000005,1706.25832363796
6.34500000000003,1704.86110637265
6.346,1702.06375535846
6.34700000000021,1699.76153263282
6.34800000000018,1698.08937152568
6.34900000000016,1697.12203189978
6.35000000000014,1696.88798163981
6.35100000000011,1697.04367328103
6.35200000000009,1696.16713838689
6.35300000000007,1696.18700216257
6.35400000000004,1697.30814832639
6.35500000000002,1699.65512787923
6.35600000000022,1703.23412288716
6.3570000000002,1707.52595182287
6.35800000000017,1710.87888980423
6.35900000000015,1714.84459033994
6.36000000000013,1719.1470890779
6.3610000000001,1723.42609750382
6.36200000000008,1727.29311251461
6.36300000000006,1729.97494982652
6.36400000000003,1729.88841477859
6.36500000000001,1728.87045727102
6.36600000000021,1727.15100938384
6.36700000000019,1725.03346161822
6.36800000000017,1722.85487714124
6.36900000000014,1720.48461101954
6.37000000000012,1716.92347299579
6.37100000000009,1714.35180801324
6.37200000000007,1713.09220745861
6.37300000000005,1713.30219150595
6.37400000000002,1714.97519755411
6.375,1717.46572107159
6.3760000000002,1719.29445210477
6.37700000000018,1722.12218346107
6.37800000000016,1725.81896432016
6.37900000000013,1730.19647195626
6.38000000000011,1735.02692021044
6.38100000000009,1739.53791986922
6.38200000000006,1742.33613722768
6.38300000000004,1745.12264489213
6.38400000000001,1747.8909042963
6.38500000000022,1750.59979451643
6.38600000000019,1753.17882706383
6.38700000000017,1754.99283990064
6.38800000000015,1754.8954395425
6.38900000000012,1754.716703446
6.3900000000001,1754.64182056573
6.39100000000008,1754.83315066619
6.39200000000005,1755.42457971744
6.39300000000003,1755.93879680085
6.39400000000001,1755.43666992072
6.39500000000021,1755.78782106081
6.39600000000019,1757.16853485278
6.39700000000016,1759.62638260162
6.39800000000014,1763.06955218353
6.39900000000011,1766.66407577011
6.40000000000009,1769.13903975574
6.40100000000007,1771.93738723728
6.40200000000004,1774.88074371524
6.40300000000002,1777.76370637543
6.40400000000022,1780.38679480278
6.4050000000002,1781.93887618989
6.40600000000018,1781.42137334631
6.40700000000015,1780.62271384574
6.40800000000013,1779.80951481294
6.40900000000011,1779.22840008656
6.41000000000008,1779.06366462732
6.41100000000006,1778.7263801049
6.41200000000003,1777.37102141689
6.41300000000001,1776.68659259569
6.41400000000021,1776.74164491114
6.41500000000019,1777.5150893215
6.41600000000017,1778.92341333418
6.41700000000014,1780.13703799964
6.41800000000012,1780.27526081699
6.4190000000001,1781.0444300227
6.42000000000007,1782.65060142408
6.42100000000005,1785.26210833962
6.42200000000003,1788.96845401643
6.423,1792.97588027953
6.42400000000021,1796.39832950901
6.42500000000018,1800.77008083469
6.42600000000016,1805.98446416806
6.42700000000013,1811.80776571003
6.42800000000011,1817.90034328829
6.42900000000009,1823.04216006232
6.43000000000006,1826.11798632684
6.43100000000004,1828.49944503925
6.43200000000002,1830.10128747398
6.43300000000022,1830.85981120278
6.4340000000002,1830.72312854585
6.43500000000017,1828.81249706998
6.43600000000015,1824.49723459813
6.43700000000013,1819.51348429381
6.4380000000001,1814.16965811681
6.43900000000008,1808.77274089502
6.44000000000005,1803.61285479707
6.44100000000003,1798.08869837889
6.44200000000001,1791.90071558783
6.44300000000021,1786.90564136027
6.44400000000019,1783.44218247635
6.44500000000016,1781.69596646335
6.44600000000014,1781.67225886652
6.44700000000012,1782.31693844788
6.44800000000009,1782.87412258255
6.44900000000007,1784.54550440794
6.45000000000005,1787.09457805819
6.45100000000002,1790.25868691993
6.45200000000023,1793.802511595
6.4530000000002,1796.68180774823
6.45400000000018,1798.50532236361
6.45500000000015,1800.86594978276
6.45600000000013,1804.07886053093
6.45700000000011,1808.41638582597
6.45800000000008,1814.04412408778
6.45900000000006,1820.05747557092
6.46000000000004,1826.02299400009
6.46100000000001,1833.11653171102
6.46200000000022,1841.03695675102
6.46300000000019,1849.31787928619
6.46400000000017,1857.39521379237
6.46500000000015,1863.74132956089
6.46600000000012,1867.66892727251
6.4670000000001,1870.36698894079
6.46800000000007,1871.93738151322
6.46900000000005,1872.6558034331
6.47000000000003,1872.95117113853
6.471,1872.38236759515
6.47200000000021,1871.40935971096
6.47300000000018,1872.07196458774
6.47400000000016,1875.03306092163
6.47500000000014,1880.71373480506
6.47600000000011,1889.23780077593
6.47700000000009,1899.40920378934
6.47800000000007,1910.6918173164
6.47900000000004,1923.81890659569
6.48000000000002,1938.13413752299
6.48100000000022,1952.8568702841
6.4820000000002,1967.16989550106
6.48300000000017,1979.26759830827
6.48400000000015,1988.51579741169
6.48500000000013,1995.8494185964
6.4860000000001,2001.17419073847
6.48700000000008,2004.50308386551
6.48800000000006,2005.92546504561
6.48900000000003,2004.4863806362
6.49000000000001,2000.42978822208
6.49100000000021,1995.35647310162
6.49200000000019,1989.66861183649
6.49300000000017,1983.70101595024
6.49400000000014,1977.70604573476
6.49500000000012,1970.67158286335
6.49600000000009,1962.78993165426
6.49700000000007,1955.47458075025
6.49800000000005,1948.81211243959
6.49900000000002,1942.68984685614
6.5,1936.78207958031
6.5010000000002,1929.21178195873
6.50200000000018,1919.48246311499
6.50300000000016,1908.58050710849
6.50400000000013,1896.32819426524
6.50500000000011,1882.66840754664
6.50600000000009,1867.68405966816
6.50700000000006,1849.95623110763
6.50800000000004,1830.01615302397
6.50900000000001,1810.33015585894
6.51000000000022,1792.12135237482
6.51100000000019,1776.56993416249
6.51200000000017,1764.60731624602
6.51300000000015,1754.8373086717
6.51400000000012,1747.47105695535
6.5150000000001,1744.19246763233
6.51600000000008,1744.856987659
6.51700000000005,1748.96595025608
6.51800000000003,1755.67595777766
6.51900000000001,1762.40126537856
6.52000000000021,1768.22131338358
6.52100000000019,1773.33515392378
6.52200000000016,1776.98880201309
6.52300000000014,1778.74013863132
6.52400000000011,1778.55078114255
6.52500000000009,1776.04223522265
6.52600000000007,1772.46091704207
6.52700000000004,1769.27113595011
6.52800000000002,1767.05601160319
6.52900000000022,1766.05253833605
6.5300000000002,1766.11524860233
6.53100000000018,1766.17546518445
6.53200000000015,1766.15798748121
6.53300000000013,1765.76552263893
6.53400000000011,1764.1664254272
6.53500000000008,1760.82621056642
6.53600000000006,1755.74849518381
6.53700000000003,1748.88662030622
6.53800000000001,1742.08883698317
6.53900000000021,1737.32920509165
6.54000000000019,1735.77019170588
6.54100000000017,1738.04278275769
6.54200000000014,1744.07430606875
6.54300000000012,1751.84751144124
6.5440000000001,1760.80676429696
6.54500000000007,1770.46700405137
6.54600000000005,1779.65239493266
6.54700000000003,1787.72917009755
6.548,1794.90721066509
6.54900000000021,1800.72505221366
6.55000000000018,1808.05274763422
6.55100000000016,1820.7556644025
6.55200000000013,1841.73577194347
6.55300000000011,1873.349941624
6.55400000000009,1916.95384155805
6.55500000000006,1971.04174106336
6.55600000000004,2035.4438850933
6.55700000000002,2109.45541000023
6.55800000000022,2191.08384731594
6.5590000000002,2278.5430982238
6.56000000000017,2370.77063244683
6.56100000000015,2466.19727481072
6.56200000000013,2566.77024072117
6.5630000000001,2675.25389130596
6.56400000000008,2793.50778976996
6.56500000000005,2922.3932257341
6.56600000000003,3060.82922507769
6.56700000000001,3203.46721522462
6.56800000000021,3344.38250274716
6.56900000000019,3474.68273222015
6.57000000000016,3582.23477803048
6.57100000000014,3653.56562579937
6.57200000000012,3675.3954072538
6.57300000000009,3634.78905576739
6.57400000000007,3525.10272484803
6.57500000000005,3344.79255587167
6.57600000000002,3097.46012309859
6.57700000000023,2792.67107413345
6.5780000000002,2445.23421250536
6.57900000000018,2072.10862855083
6.58000000000015,1694.76541800943
6.58100000000013,1334.07928142908
6.58200000000011,1007.40603062996
6.58300000000008,727.404222915802
6.58400000000006,500.853789137597
6.58500000000004,326.707915879848
6.58600000000001,201.322453842381
6.58700000000022,116.931076687927
6.58800000000019,63.1736012888221
6.58900000000017,29.9781995981536
6.59000000000015,9.53129744726728
6.59100000000012,-4.05033993311439
6.5920000000001,-9.47644721602718
6.59300000000007,-1.88658879739505
6.59400000000005,25.5576644384041
6.59500000000003,80.5313852952571
6.596,169.565481872102
6.59700000000021,294.545331833428
6.59800000000018,456.33358404091
6.59900000000016,650.936417683804
6.60000000000014,869.671690382534
6.60100000000011,1100.90363175361
6.60200000000009,1331.63651078717
6.60300000000007,1547.47820516238
6.60400000000004,1739.18436262076
6.60500000000002,1900.12890355445
6.60600000000022,2026.67313857974
6.6070000000002,2118.59071812016
6.60800000000017,2178.40136536244
6.60900000000015,2208.57907324158
6.61000000000013,2215.71790777144
6.6110000000001,2205.75402434374
6.61200000000008,2183.4138332022
6.61300000000006,2152.50869912542
6.61400000000003,2115.97056211039
6.61500000000001,2074.16870196249
6.61600000000021,2030.72496707153
6.61700000000019,1988.43070246341
6.61800000000017,1949.5412426943
6.61900000000014,1916.23031888147
6.62000000000012,1890.36832598963
6.62100000000009,1871.09285105861
6.62200000000007,1860.92291789297
6.62300000000005,1860.37090259905
6.62400000000002,1868.44354224078
6.625,1883.39432728181
6.6260000000002,1903.00585506881
6.62700000000018,1922.39959046404
6.62800000000016,1941.91426074607
6.62900000000013,1960.67725690396
6.63000000000011,1977.572089677
6.63100000000009,1991.90662908923
6.63200000000006,2003.37203021058
6.63300000000004,2009.15402766896
6.63400000000001,2012.41002802215
6.63500000000022,2014.34376153422
6.63600000000019,2015.39169611431
6.63700000000017,2015.90255904427
6.63800000000015,2016.18553460702
6.63900000000012,2014.25238602325
6.6400000000001,2012.62939656417
6.64100000000008,2012.33662450415
6.64200000000005,2013.73240334082
6.64300000000003,2016.88494249584
6.64400000000001,2021.53026453574
6.64500000000021,2025.53626250645
6.64600000000019,2029.26395232541
6.64700000000016,2032.59389463237
6.64800000000014,2035.33074224091
6.64900000000011,2037.4366062245
6.65000000000009,2038.98567932722
6.65100000000007,2038.68529421047
6.65200000000004,2037.62135908891
6.65300000000002,2036.65290732405
6.65400000000022,2036.52156814599
6.6550000000002,2037.83603286272
6.65600000000018,2040.89204709785
6.65700000000015,2044.0143362388
6.65800000000013,2047.81888834381
6.65900000000011,2052.21369748141
6.66000000000008,2056.88552780718
6.66100000000006,2061.49541550749
6.66200000000003,2065.68134867189
6.66300000000001,2066.95802527219
6.66400000000021,2067.00826162653
6.66500000000019,2066.30199625825
6.66600000000017,2065.20304405033
6.66700000000014,2064.13155391736
6.66800000000012,2063.46203632105
6.6690000000001,2060.90578574502
6.67000000000007,2059.19157908785
6.67100000000005,2058.89229491652
6.67200000000003,2060.13935684119
6.673,2062.89905152567
6.67400000000021,2067.00368648511
6.67500000000018,2069.61525437033
6.67600000000016,2073.17448377769
6.67700000000013,2078.07694761098
6.67800000000011,2084.50564312836
6.67900000000009,2092.5911847401
6.68000000000006,2102.33560438545
6.68100000000004,2111.03350626535
6.68200000000002,2120.92273165719
6.68300000000022,2132.01293164695
6.6840000000002,2143.95557814386
6.68500000000017,2156.2150220278
6.68600000000015,2168.09483349233
6.68700000000013,2176.2331383945
6.6880000000001,2182.59414940162
6.68900000000008,2187.10205600696
6.69000000000005,2189.73987966927
6.69100000000003,2190.67715723486
6.69200000000001,2190.22704804863
6.69300000000021,2186.09931870717
6.69400000000019,2181.66901661616
6.69500000000016,2177.92096004987
6.69600000000014,2175.64883174798
6.69700000000012,2175.44257740708
6.69800000000009,2177.59486327642
6.69900000000007,2179.30558164346
6.70000000000005,2183.24517411873
6.70100000000002,2189.30753608303
6.70200000000023,2197.13589172043
6.7030000000002,2206.22581086557
6.70400000000018,2215.97383819171
6.70500000000015,2222.91665703961
6.70600000000013,2229.62893856428
6.70700000000011,2236.13680649082
6.70800000000008,2242.57947577392
6.70900000000006,2249.16660133871
6.71000000000004,2256.04800526692
6.71100000000001,2260.53874919598
6.71200000000022,2265.74687903412
6.71300000000019,2271.9552896897
6.71400000000017,2279.24238705434
6.71500000000015,2287.46760830345
6.71600000000012,2296.18649910201
6.7170000000001,2302.16388893108
6.71800000000007,2307.92776995849
6.71900000000005,2313.42198370092
6.72000000000003,2318.6951059939
6.721,2323.92297946228
6.72200000000021,2329.24775019245
6.72300000000018,2332.34503470485
6.72400000000016,2336.61588985673
6.72500000000014,2342.7620008522
6.72600000000011,2351.28346181067
6.72700000000009,2362.37069910819
6.72800000000007,2375.64190797064
6.72900000000004,2387.8968214633
6.73000000000002,2401.20143751985
6.73100000000022,2414.78746655627
6.7320000000002,2427.74885038842
6.73300000000017,2439.16909335253
6.73400000000015,2448.01749868802
6.73500000000013,2451.18946614972
6.7360000000001,2451.42732755319
6.73700000000008,2449.26651308589
6.73800000000006,2445.54242041948
6.73900000000003,2441.27833157206
6.74000000000001,2437.2587648377
6.74100000000021,2431.92717524496
6.74200000000019,2429.0047139214
6.74300000000017,2429.28890799717
6.74400000000014,2433.14073622784
6.74500000000012,2440.44548256879
6.74600000000009,2450.30414172934
6.74700000000007,2459.28780473331
6.74800000000005,2469.32687666661
6.74900000000002,2479.67856833291
6.75,2489.67407249261
6.7510000000002,2498.8091864836
6.75200000000018,2506.4103710075
6.75300000000016,2509.94959639608
6.75400000000013,2512.65761038492
6.75500000000011,2515.27500009988
6.75600000000009,2518.55306182926
6.75700000000006,2523.11295310995
6.75800000000004,2528.89145073767
6.75900000000001,2533.52446545328
6.76000000000022,2539.83557766216
6.76100000000019,2547.76452690136
6.76200000000017,2557.02414069901
6.76300000000015,2567.15615236075
6.76400000000012,2577.10848002022
6.7650000000001,2583.91579890749
6.76600000000008,2590.15368674086
6.76700000000005,2595.86992689546
6.76800000000003,2601.18487228507
6.76900000000001,2606.2280844961
6.77000000000021,2610.52820106589
6.77100000000019,2611.75797538739
6.77200000000016,2612.858318942
6.77300000000014,2614.0575498823
6.77400000000011,2615.47958709731
6.77500000000009,2617.14837986839
6.77600000000007,2618.41336100321
6.77700000000004,2616.96317553
6.77800000000002,2615.74891621682
6.77900000000022,2615.12609042656
6.7800000000002,2615.40667652091
6.78100000000018,2616.79698066612
6.78200000000015,2618.69428797166
6.78300000000013,2618.82596336432
6.78400000000011,2619.95149467478
6.78500000000008,2622.10627709016
6.78600000000006,2625.20905793887
6.78700000000003,2629.08940773151
6.78800000000001,2632.8233194636
6.78900000000021,2634.14056541981
6.79000000000019,2635.93103439162
6.79100000000017,2638.5704365366
6.79200000000014,2642.4557489993
6.79300000000012,2647.93772116941
6.7940000000001,2654.49385485902
6.79500000000007,2660.24714266218
6.79600000000005,2668.14605146056
6.79700000000003,2678.37516763079
6.798,2690.9117953288
6.79900000000021,2705.52785070712
6.80000000000018,2721.00292184473
6.80100000000016,2734.92947047022
6.80200000000013,2749.71062644644
6.80300000000011,2765.18250740747
6.80400000000009,2781.14961640113
6.80500000000006,2797.37604799376
6.80600000000004,2812.70982630496
6.80700000000002,2825.04883620678
6.80800000000022,2837.12057428265
6.8090000000002,2849.16128583637
6.81000000000017,2861.42020636911
6.81100000000015,2874.12583113353
6.81200000000013,2886.51591086507
6.8130000000001,2896.97150663699
6.81400000000008,2908.49029411432
6.81500000000005,2921.41145065851
6.81600000000003,2935.8657403085
6.81700000000001,2951.72158447839
6.81800000000021,2967.57758100312
6.81900000000019,2981.16321633699
6.82000000000016,2994.59892721419
6.82100000000014,3007.41721218767
6.82200000000012,3019.10347032396
6.82300000000009,3029.15714229094
6.82400000000007,3036.10250238559
6.82500000000005,3038.13969503539
6.82600000000002,3038.12349867079
6.82700000000023,3036.60777807963
6.8280000000002,3034.24704894455
6.82900000000018,3031.70684737871
6.83000000000015,3028.45791492545
6.83100000000013,3023.5226816376
6.83200000000011,3020.13238481184
6.83300000000008,3018.84167553678
6.83400000000006,3019.94209674551
6.83500000000004,3023.44094400955
6.83600000000001,3027.90538820596
6.83700000000022,3031.53626358678
6.83800000000019,3036.60044748124
6.83900000000017,3042.85057654302
6.84000000000015,3049.95332264243
6.84100000000012,3057.50197605948
6.8420000000001,3063.81552065666
6.84300000000007,3067.2043499498
6.84400000000005,3070.04105244926
6.84500000000003,3072.34986488758
6.846,3074.14314041973
6.84700000000021,3075.40156038835
6.84800000000018,3074.79284974522
6.84900000000016,3071.15384894718
6.85000000000014,3067.28434984824
6.85100000000011,3063.69350186109
6.85200000000009,3060.9014552078
6.85300000000007,3059.39829395072
6.85400000000004,3058.26192439789
6.85500000000002,3056.80490053252
6.85600000000022,3057.99281678716
6.8570000000002,3062.29002530001
6.85800000000017,3069.87483235179
6.85900000000015,3080.58104719344
6.86000000000013,3092.48562965263
6.8610000000001,3103.87994851732
6.86200000000008,3116.48118892337
6.86300000000006,3129.60420378631
6.86400000000003,3142.51360088178
6.86500000000001,3154.50387128424
6.86600000000021,3163.49659787306
6.86700000000019,3168.29253192465
6.86800000000017,3171.40909192606
6.86900000000014,3173.23624601344
6.87000000000012,3174.21575619424
6.87100000000009,3174.74764163142
6.87200000000007,3173.57974779842
6.87300000000005,3170.22445325924
6.87400000000002,3167.42326256372
6.875,3165.53426157388
6.8760000000002,3164.78966400058
6.87700000000018,3165.32776412437
6.87800000000016,3165.61673101351
6.87900000000013,3165.19930325074
6.88000000000011,3166.81196055444
6.88100000000009,3170.84833582825
6.88200000000006,3177.48953175692
6.88300000000004,3186.62083518741
6.88400000000001,3196.09377808289
6.88500000000022,3204.73952965423
6.88600000000019,3214.23607364414
6.88700000000017,3223.8542358315
6.88800000000015,3232.77737626516
6.88900000000012,3240.22685462291
6.8900000000001,3243.84118344862
6.89100000000008,3242.98707470418
6.89200000000005,3240.24221930215
6.89300000000003,3236.24731082772
6.89400000000001,3231.7476169598
6.89500000000021,3227.46555970816
6.89600000000019,3222.19782139835
6.89700000000016,3216.176262528
6.89800000000014,3212.12730517888
6.89900000000011,3210.39968966281
6.90000000000009,3211.06729394398
6.90100000000007,3213.97198690106
6.90200000000004,3216.9144961796
6.90300000000002,3219.43247789651
6.90400000000022,3223.61052395913
6.9050000000002,3229.36226847929
6.90600000000018,3236.45344571032
6.90700000000015,3244.46345389433
6.90800000000013,3250.82701882051
6.90900000000011,3254.8650065284
6.91000000000008,3258.31402819182
6.91100000000006,3260.86381636643
6.91200000000003,3262.26892522286
6.91300000000001,3262.41622117971
6.91400000000021,3259.3680812599
6.91500000000019,3253.58230051659
6.91600000000017,3247.97282559331
6.91700000000014,3243.48429447072
6.91800000000012,3240.90279718985
6.9190000000001,3240.69739629327
6.92000000000007,3240.84396934697
6.92100000000005,3241.25919934701
6.92200000000003,3243.58518662978
6.923,3247.18738004707
6.92400000000021,3251.21257688695
6.92500000000018,3254.74479727779
6.92600000000016,3254.79642249326
6.92700000000013,3251.26036489974
6.92800000000011,3246.36581531392
6.92900000000009,3240.70915027508
6.93000000000006,3235.07319641092
6.93100000000004,3230.28109754928
6.93200000000002,3224.77570160785
6.93300000000022,3219.62340667378
6.9340000000002,3217.45753310305
6.93500000000017,3218.62408099676
6.93600000000015,3223.04450983789
6.93700000000013,3230.23722769043
6.9380000000001,3237.10767356528
6.93900000000008,3243.34820730635
6.94000000000005,3250.20672056395
6.94100000000003,3257.09917078873
6.94200000000001,3263.46987743109
6.94300000000021,3268.82381197624
6.94400000000019,3270.47284484786
6.94500000000016,3268.96316076945
6.94600000000014,3266.32027719092
6.94700000000012,3262.89245744741
6.94800000000009,3259.03058619363
6.94900000000007,3255.05945352909
6.95000000000005,3248.92991158621
6.95100000000002,3241.88876551226
6.95200000000023,3236.32680863573
6.9530000000002,3232.85518572592
6.95400000000018,3231.93715506885
6.95500000000015,3233.85392516534
6.95600000000013,3236.30573115097
6.95700000000011,3240.26985693128
6.95800000000008,3247.50573019002
6.95900000000006,3257.88984910606
6.96000000000004,3271.0128242569
6.96100000000001,3286.19807293105
6.96200000000022,3300.15446686491
6.96300000000019,3313.085570877
6.96400000000017,3325.94786128282
6.96500000000015,3338.14310479301
6.96600000000012,3349.11056046506
6.9670000000001,3358.37862321251
6.96800000000007,3363.14995148347
6.96900000000005,3364.60201739486
6.97000000000003,3364.67615305016
6.971,3363.88207884994
6.97200000000021,3362.71636582047
6.97300000000018,3361.60541239523
6.97400000000016,3358.34747404614
6.97500000000014,3354.64513631379
6.97600000000011,3352.5468263568
6.97700000000009,3352.52246963839
6.97800000000007,3354.90726246507
6.97900000000004,3359.9157000396
6.98000000000002,3365.09330841172
6.98100000000022,3372.04636011586
6.9820000000002,3382.52558756278
6.98300000000017,3396.67495965217
6.98400000000015,3414.32569511166
6.98500000000013,3434.93238926671
6.9860000000001,3454.93965539201
6.98700000000008,3474.73427904958
6.98800000000006,3494.45945927408
6.98900000000003,3512.65843241055
6.99000000000001,3527.71409623717
6.99100000000021,3538.01030384605
6.99200000000019,3539.41537154151
6.99300000000017,3532.69861698866
6.99400000000014,3519.06663650452
6.99500000000012,3498.96086808189
6.99600000000009,3473.30220096075
6.99700000000007,3443.40491545775
6.99800000000005,3407.86723648595
6.99900000000002,3370.43331133672
7,3334.68846650335
7.0010000000002,3302.67109987177
7.00200000000018,3275.94842634521
7.00300000000016,3255.44006584697
7.00400000000013,3238.10287514351
7.00500000000011,3225.64271352467
7.00600000000009,3218.9084750114
7.00700000000006,3216.98677063411
7.00800000000004,3218.62263316744
7.00900000000001,3222.3536169406
7.01000000000022,3223.36802107361
7.01100000000019,3222.60343992088
7.01200000000017,3220.76912778241
7.01300000000015,3217.60136006802
7.01400000000012,3213.04025890099
7.0150000000001,3207.14029140977
7.01600000000008,3196.65493901026
7.01700000000005,3184.17286362547
7.01800000000003,3171.64080965161
7.01900000000001,3159.81685279879
7.02000000000021,3149.36974389777
7.02100000000019,3140.81221299912
7.02200000000016,3131.64927824729
7.02300000000014,3124.33641943801
7.02400000000011,3120.05951926579
7.02500000000009,3118.73285763011
7.02600000000007,3120.00113641147
7.02700000000004,3123.32358057301
7.02800000000002,3126.27336332712
7.02900000000022,3130.20819307334
7.0300000000002,3135.04999737964
7.03100000000018,3139.91659093088
7.03200000000015,3143.94584080167
7.03300000000013,3146.48735459924
7.03400000000011,3145.38289247721
7.03500000000008,3142.84173889781
7.03600000000006,3139.8249944105
7.03700000000003,3136.61411195792
7.03800000000001,3133.35861490408
7.03900000000021,3130.0465114063
7.04000000000019,3123.79983135157
7.04100000000017,3117.04554357126
7.04200000000014,3110.67090982919
7.04300000000012,3104.86473410326
7.0440000000001,3100.01980455257
7.04500000000007,3096.86807127746
7.04600000000005,3093.20415676527
7.04700000000003,3093.71495678036
7.048,3101.63849930593
7.04900000000021,3119.39662929994
7.05000000000018,3149.0543620501
7.05100000000016,3191.94907813965
7.05200000000013,3245.02006442349
7.05300000000011,3310.5742432305
7.05400000000009,3387.66402178227
7.05500000000006,3473.38241331721
7.05600000000004,3563.88610142906
7.05700000000002,3654.79413638573
7.05800000000022,3738.46074428889
7.0590000000002,3814.00137740037
7.06000000000017,3879.19744722716
7.06100000000015,3932.13536571896
7.06200000000013,3972.00493190391
7.0630000000001,3999.13534349205
7.06400000000008,4011.78069482504
7.06500000000005,4015.42445312716
7.06600000000003,4014.01891158219
7.06700000000001,4011.11549292417
7.06800000000021,4009.9475413923
7.06900000000019,4012.8710927892
7.07000000000016,4017.54360655985
7.07100000000014,4026.18162586524
7.07200000000012,4036.28522665795
7.07300000000009,4042.19737674497
7.07400000000007,4035.79094930677
7.07500000000005,4007.06139838614
7.07600000000002,3941.87670027955
7.07700000000023,3833.3730617044
7.0780000000002,3674.36725529457
7.07900000000018,3460.84301102416
7.08000000000015,3193.63648907202
7.08100000000013,2879.10911974171
7.08200000000011,2525.84655294979
7.08300000000008,2153.82742978796
7.08400000000006,1783.59401203087
7.08500000000004,1436.33723280782
7.08600000000001,1132.04783416441
7.08700000000022,887.416861371455
7.08800000000019,710.936947016894
7.08900000000017,612.10914668864
7.09000000000015,591.781812804975
7.09100000000012,645.116926075925
7.0920000000001,763.13212098308
7.09300000000007,934.199256484721
7.09400000000005,1142.23220634999
7.09500000000003,1378.28150287419
7.096,1631.48828806547
7.09700000000021,1892.01052018651
7.09800000000018,2151.2768883902
7.09900000000016,2401.70229818392
7.10000000000014,2633.00964129347
7.10100000000011,2842.48858106392
7.10200000000009,3024.88210274624
7.10300000000007,3175.42322640518
7.10400000000004,3290.53755038237
7.10500000000002,3368.36290454821
7.10600000000022,3405.79403371601
7.1070000000002,3409.25490584473
7.10800000000017,3384.14682573776
7.10900000000015,3337.28111183619
7.11000000000013,3276.28022447254
7.1110000000001,3208.67519336913
7.11200000000008,3137.58213513226
7.11300000000006,3072.06838169365
7.11400000000003,3015.88928788128
7.11500000000001,2970.72706977961
7.11600000000021,2936.61907203357
7.11700000000019,2912.44599362668
7.11800000000017,2892.77986364131
7.11900000000014,2880.29691069976
7.12000000000012,2873.9746858112
7.12100000000009,2873.01651950325
7.12200000000007,2876.91201135451
7.12300000000005,2885.27324296253
7.12400000000002,2893.70751026203
7.125,2906.28274791285
7.1260000000002,2922.25016465823
7.12700000000018,2940.30978692465
7.12800000000016,2958.79880195053
7.12900000000013,2975.86735629693
7.13000000000011,2986.06869770471
7.13100000000009,2992.88594050096
7.13200000000006,2995.91863773992
7.13300000000004,2995.1277768681
7.13400000000001,2990.84392999993
7.13500000000022,2983.55631129231
7.13600000000019,2970.37487913951
7.13700000000017,2956.78588906688
7.13800000000015,2943.86636274602
7.13900000000012,2932.33568682226
7.1400000000001,2922.57585030149
7.14100000000008,2914.51150615902
7.14200000000005,2904.90270867842
7.14300000000003,2897.18989701191
7.14400000000001,2891.38487645624
7.14500000000021,2887.34083621034
7.14600000000019,2884.78475440701
7.14700000000016,2883.19465392175
7.14800000000014,2879.85867279639
7.14900000000011,2876.59290327032
7.15000000000009,2873.52243640879
7.15100000000007,2870.84283319079
7.15200000000004,2868.69859912212
7.15300000000002,2866.89076575092
7.15400000000022,2862.9607531404
7.1550000000002,2858.85055261338
7.15600000000018,2854.68438204965
7.15700000000015,2850.6604785856
7.15800000000013,2847.02715819257
7.15900000000011,2843.74433319342
7.16000000000008,2838.38474022924
7.16100000000006,2834.38536156073
7.16200000000003,2832.23518124334
7.16300000000001,2832.22730756768
7.16400000000021,2834.40159694347
7.16500000000019,2838.10487166171
7.16600000000017,2839.95961718117
7.16700000000014,2843.00563019049
7.16800000000012,2846.59544559133
7.1690000000001,2849.91348145443
7.17000000000007,2852.1552580419
7.17100000000005,2852.2486991223
7.17200000000003,2847.18464484616
7.173,2840.65642696165
7.17400000000021,2833.31905552388
7.17500000000018,2825.92963639541
7.17600000000016,2819.2399486112
7.17700000000013,2813.40255883635
7.17800000000011,2806.31505288207
7.17900000000009,2801.56048256497
7.18000000000006,2799.32237782134
7.18100000000004,2799.41771928107
7.18200000000002,2801.37763194765
7.18300000000022,2804.03401454132
7.1840000000002,2804.29662941949
7.18500000000017,2804.89564159092
7.18600000000015,2805.6548216952
7.18700000000013,2806.45440939019
7.1880000000001,2807.23336129482
7.18900000000008,2807.38992503638
7.19000000000005,2804.61918155833
7.19100000000003,2802.26382176656
7.19200000000001,2800.58787015174
7.19300000000021,2799.70440501198
7.19400000000019,2799.59776188354
7.19500000000016,2799.53575828205
7.19600000000014,2797.20146099459
7.19700000000012,2795.73031793705
7.19800000000009,2795.2862920649
7.19900000000007,2795.94494925863
7.20000000000005,2797.70565757339
7.20100000000002,2799.83593092585
7.20200000000023,2800.17656059232
7.2030000000002,2801.72703923318
7.20400000000018,2804.54416704701
7.20500000000015,2808.51573560541
7.20600000000013,2813.37973642024
7.20700000000011,2818.04416646856
7.20800000000008,2820.12081546316
7.20900000000006,2822.24857846622
7.21000000000004,2824.24549664954
7.21100000000001,2825.85218320872
7.21200000000022,2826.76612481198
7.21300000000019,2825.92287587359
7.21400000000017,2821.22985036034
7.21500000000015,2815.52266045959
7.21600000000012,2808.95893599715
7.2170000000001,2801.67916218821
7.21800000000007,2793.82458205298
7.21900000000005,2784.76640635502
7.22000000000003,2773.03002042407
7.221,2761.83214365514
7.22200000000021,2751.75874435351
7.22300000000018,2743.31764173764
7.22400000000016,2736.92446083272
7.22500000000014,2732.05606138711
7.22600000000011,2727.33891128277
7.22700000000009,2725.69638370561
7.22800000000007,2727.26218710828
7.22900000000004,2731.86923790856
7.23000000000002,2739.0644142679
7.23100000000022,2747.2765183328
7.2320000000002,2754.19479519621
7.23300000000017,2761.71886569871
7.23400000000015,2769.18891957019
7.23500000000013,2775.94113533477
7.2360000000001,2781.40311619572
7.23700000000008,2784.24959400743
7.23800000000006,2782.93984221037
7.23900000000003,2780.30685423142
7.24000000000001,2776.85637777863
7.24100000000021,2773.09976340809
7.24200000000019,2769.4762138443
7.24300000000017,2765.31576294957
7.24400000000014,2759.47302843631
7.24500000000012,2754.59555779992
7.24600000000009,2750.67448863157
7.24700000000007,2747.4421398272
7.24800000000005,2744.4525760896
7.24900000000002,2740.16743006275
7.25,2732.94201698768
7.2510000000002,2725.13434685724
7.25200000000018,2716.87108527201
7.25300000000016,2708.38472458912
7.25400000000013,2700.00557736112
7.25500000000011,2691.04962184576
7.25600000000009,2680.84306476945
7.25700000000006,2672.47381981718
7.25800000000004,2666.53743207454
7.25900000000001,2663.37161484325
7.26000000000022,2663.01926982563
7.26100000000019,2664.08865911238
7.26200000000017,2665.05463960375
7.26300000000015,2667.85981756233
7.26400000000012,2671.95273803784
7.2650000000001,2676.62334634949
7.26600000000008,2681.08718913862
7.26700000000005,2683.39886220256
7.26800000000003,2682.00878696761
7.26900000000001,2679.03040920559
7.27000000000021,2674.48135673837
7.27100000000019,2668.49686565182
7.27200000000016,2661.31553496631
7.27300000000014,2652.03902705613
7.27400000000011,2640.25396886951
7.27500000000009,2628.82488379015
7.27600000000007,2618.29691585213
7.27700000000004,2608.99686073579
7.27800000000002,2601.01851722177
7.27900000000022,2593.00368583729
7.2800000000002,2584.02576894363
7.28100000000018,2576.1697616823
7.28200000000015,2569.33615745263
7.28300000000013,2563.38077969282
7.28400000000011,2558.17939705423
7.28500000000008,2552.41094882166
7.28600000000006,2545.57131895514
7.28700000000003,2540.1557401424
7.28800000000001,2536.61242566704
7.28900000000021,2535.26863022452
7.29000000000019,2536.26858982893
7.29100000000017,2538.22608625666
7.29200000000014,2540.38897869169
7.29300000000012,2544.53560641573
7.2940000000001,2550.22757065907
7.29500000000007,2556.82317686184
7.29600000000005,2563.57610635891
7.29700000000003,2568.40597599485
7.298,2570.38020713045
7.29900000000021,2571.34848351073
7.30000000000018,2571.41443569376
7.30100000000016,2570.84586234299
7.30200000000013,2570.06021505264
7.30300000000011,2568.20939970352
7.30400000000009,2565.65811660705
7.30500000000006,2565.15262289436
7.30600000000004,2567.38629942319
7.30700000000002,2572.76605762131
7.30800000000022,2581.37388342398
7.3090000000002,2591.55731041557
7.31000000000017,2602.66522267318
7.31100000000015,2616.06376882791
7.31200000000013,2631.07980636525
7.3130000000001,2646.86510486382
7.31400000000008,2662.49313793351
7.31500000000005,2675.61404422684
7.31600000000003,2685.39195211662
7.31700000000001,2693.2513685918
7.31800000000021,2698.98518800654
7.31900000000019,2702.47064815615
7.32000000000016,2703.66009032345
7.32100000000014,2701.10930667706
7.32200000000012,2694.9635277233
7.32300000000009,2687.3467689675
7.32400000000007,2678.68063981787
7.32500000000005,2669.32762972366
7.32600000000002,2659.5950523975
7.32700000000023,2648.24915218722
7.3280000000002,2635.68609098507
7.32900000000018,2624.02050188221
7.33000000000015,2613.60142469874
7.33100000000013,2604.59513796028
7.33200000000011,2596.98334541696
7.33300000000008,2589.04998769222
7.33400000000006,2580.75017398965
7.33500000000004,2573.6010728614
7.33600000000001,2567.45946207684
7.33700000000022,2562.12806900556
7.33800000000019,2557.40833990821
7.33900000000017,2551.57823857139
7.34000000000015,2544.8716236134
7.34100000000012,2539.06065498943
7.3420000000001,2534.33492892348
7.34300000000007,2530.73495794262
7.34400000000005,2528.11146559618
7.34500000000003,2524.54933962695
7.346,2519.9649221521
7.34700000000021,2515.50429376228
7.34800000000018,2510.7999363083
7.34900000000016,2505.48687640243
7.35000000000014,2499.29836315682
7.35100000000011,2490.55506724429
7.35200000000009,2479.88021318868
7.35300000000007,2469.23931350035
7.35400000000004,2459.25277556065
7.35500000000002,2450.45011931756
7.35600000000022,2443.17393489451
7.3570000000002,2435.89269217975
7.35800000000017,2429.05404354555
7.35900000000015,2423.90438591141
7.36000000000013,2420.13119622615
7.3610000000001,2417.29504004182
7.36200000000008,2414.95478931445
7.36300000000006,2411.12500837926
7.36400000000003,2406.35903108361
7.36500000000001,2402.27246195531
7.36600000000021,2399.24240479192
7.36700000000019,2397.58694908404
7.36800000000017,2397.46628752963
7.36900000000014,2397.11956313381
7.37000000000012,2397.00669811556
7.37100000000009,2398.06667412479
7.37200000000007,2399.72115083274
7.37300000000005,2401.21670434173
7.37400000000002,2401.76764632565
7.375,2398.95652991485
7.3760000000002,2393.25866573597
7.37700000000018,2386.02182877423
7.37800000000016,2377.56587164175
7.37900000000013,2368.34636327658
7.38000000000011,2358.88644549851
7.38100000000009,2347.92992464965
7.38200000000006,2336.94063295531
7.38300000000004,2327.68748702236
7.38400000000001,2320.52070726611
7.38500000000022,2315.55710731036
7.38600000000019,2312.73392699836
7.38700000000017,2310.09755203893
7.38800000000015,2308.49895640976
7.38900000000012,2309.04169172836
7.3900000000001,2311.57985498744
7.39100000000008,2315.8089817181
7.39200000000005,2321.26290825821
7.39300000000003,2325.53376191253
7.39400000000001,2329.03910586648
7.39500000000021,2332.29971810193
7.39600000000019,2334.68914271624
7.39700000000016,2335.56768941183
7.39800000000014,2334.3840879315
7.39900000000011,2328.95113834772
7.40000000000009,2320.36408630796
7.40100000000007,2310.0332983205
7.40200000000004,2298.50612336991
7.40300000000002,2286.40139399365
7.40400000000022,2274.33807291423
7.4050000000002,2261.01725800801
7.40600000000018,2248.15632693491
7.40700000000015,2237.24263911389
7.40800000000013,2228.53027051018
7.40900000000011,2222.00029755881
7.41000000000008,2217.40392044849
7.41100000000006,2212.45052698523
7.41200000000003,2207.99950186165
7.41300000000001,2204.70446440686
7.41400000000021,2202.24114918237
7.41500000000019,2200.2466389259
7.41600000000017,2198.35256673485
7.41700000000014,2194.32306477454
7.41800000000012,2189.29592657929
7.4190000000001,2184.20189519436
7.42000000000007,2179.11647585603
7.42100000000005,2174.11212280073
7.42200000000003,2169.25858076096
7.423,2162.69542754836
7.42400000000021,2155.98015162338
7.42500000000018,2150.25662901205
7.42600000000016,2145.73005363197
7.42700000000013,2142.44829971538
7.42800000000011,2140.2877247622
7.42900000000009,2137.03728405672
7.43000000000006,2133.83066590712
7.43100000000004,2131.18590246516
7.43200000000002,2128.73786555809
7.43300000000022,2126.05593984335
7.4340000000002,2122.7127336512
7.43500000000017,2116.49288326278
7.43600000000015,2108.7609032462
7.43700000000013,2100.35416348281
7.4380000000001,2091.47295999168
7.43900000000008,2082.36487558054
7.44000000000005,2073.31217215894
7.44100000000003,2062.80730698414
7.44200000000001,2052.758072714
7.44300000000021,2044.23567232754
7.44400000000019,2037.4997874084
7.44500000000016,2032.61901890071
7.44600000000014,2029.48747879623
7.44700000000012,2026.07952949003
7.44800000000009,2023.7094888145
7.44900000000007,2022.75473979234
7.45000000000005,2022.90748318016
7.45100000000002,2023.80913376709
7.45200000000023,2025.11078601112
7.4530000000002,2024.74057035315
7.45400000000018,2024.2177067123
7.45500000000015,2024.15327264488
7.45600000000013,2024.59411322933
7.45700000000011,2025.5511748138
7.45800000000008,2026.99671663212
7.45900000000006,2027.08068719007
7.46000000000004,2027.47521350099
7.46100000000001,2028.70044108396
7.46200000000022,2030.64027422122
7.46300000000019,2033.07679255666
7.46400000000017,2035.74247028661
7.46500000000015,2036.62157517691
7.46600000000012,2037.2736763122
7.4670000000001,2038.12849860447
7.46800000000007,2039.1206256034
7.46900000000005,2040.15712123474
7.47000000000003,2041.14473860285
7.471,2040.29828071879
7.47200000000021,2039.39658279144
7.47300000000018,2039.01765625884
7.47400000000016,2039.28305276883
7.47500000000014,2040.27052279449
7.47600000000011,2042.01950698245
7.47700000000009,2042.80928158482
7.47800000000007,2044.38133614714
7.47900000000004,2047.00553969839
7.48000000000002,2050.30047408606
7.48100000000022,2053.59598530541
7.4820000000002,2055.97566359462
7.48300000000017,2054.64582297635
7.48400000000015,2050.35361162156
7.48500000000013,2042.52200836086
7.4860000000001,2030.37255242402
7.48700000000008,2013.40643425053
7.48800000000006,1991.52776584708
7.48900000000003,1963.26275381263
7.49000000000001,1931.43232364315
7.49100000000021,1897.71334822704
7.49200000000019,1863.58373761346
7.49300000000017,1830.44968369738
7.49400000000014,1799.47376334827
7.49500000000012,1769.17461578166
7.49600000000009,1742.2434828273
7.49700000000007,1719.28213572278
7.49800000000005,1700.15408420271
7.49900000000002,1684.37332642082
7.5,1671.20274846601
7.5010000000002,1656.99851765426
7.50200000000018,1643.63080650021
7.50300000000016,1631.230534821
7.50400000000013,1619.77147408017
7.50500000000011,1609.3141425184
7.50600000000009,1599.88877472847
7.50700000000006,1588.68422246627
7.50800000000004,1578.13749433878
7.50900000000001,1568.57191532615
7.51000000000022,1559.90755459734
7.51100000000019,1551.94552981136
7.51200000000017,1544.39766581892
7.51300000000015,1535.40505166638
7.51400000000012,1526.48904431152
7.5150000000001,1517.50905725185
7.51600000000008,1508.14753117534
7.51700000000005,1498.16282669903
7.51800000000003,1487.48647207489
7.51900000000001,1475.35356468607
7.52000000000021,1463.55834321891
7.52100000000019,1452.44975274694
7.52200000000016,1442.11885215193
7.52300000000014,1432.48111402138
7.52400000000011,1423.30751914873
7.52500000000009,1413.3609223241
7.52600000000007,1403.78502598358
7.52700000000004,1394.19501315546
7.52800000000002,1384.15296204991
7.52900000000022,1373.4316020985
7.5300000000002,1362.16036715188
7.53100000000018,1349.92869796845
7.53200000000015,1339.05168854712
7.53300000000013,1330.26273137846
7.53400000000011,1323.9028128415
7.53500000000008,1319.86074537204
7.53600000000006,1317.57401313311
7.53700000000003,1315.21715124598
7.53800000000001,1313.36730855486
7.53900000000021,1311.16670709321
7.54000000000019,1308.20673790304
7.54100000000017,1304.9729875702
7.54200000000014,1303.0896670962
7.54300000000012,1303.8545345225
7.5440000000001,1312.77841255467
7.54500000000007,1333.56996064372
7.54600000000005,1369.28977264414
7.54700000000003,1421.77183340409
7.548,1491.22586925903
7.54900000000021,1574.51314093571
7.55000000000018,1671.20758752619
7.55100000000016,1778.11354570687
7.55200000000013,1892.04060565083
7.55300000000011,2010.52651708403
7.55400000000009,2132.19060711044
7.55500000000006,2255.26200686203
7.55600000000004,2381.97133742614
7.55700000000002,2512.18951448483
7.55800000000022,2644.05315724726
7.5590000000002,2772.99329704732
7.56000000000017,2891.15352935783
7.56100000000015,2986.46397473731
7.56200000000013,3047.81270816731
7.5630000000001,3062.09454326205
7.56400000000008,3017.93181625997
7.56500000000005,2907.90048060871
7.56600000000003,2730.23700590277
7.56700000000001,2488.80199749726
7.56800000000021,2196.88390850312
7.56900000000019,1871.55132709934
7.57000000000016,1533.0058228386
7.57100000000014,1201.95421914999
7.57200000000012,896.833097255676
7.57300000000009,630.672905340797
7.57400000000007,413.52924990024
7.57500000000005,247.838280345943
7.57600000000002,130.541254231098
7.57700000000023,54.5648121904425
7.5780000000002,10.5705759305228
7.57900000000018,-12.0068925423845
7.58000000000015,-19.9153330871337
7.58100000000013,-19.3362556747165
7.58200000000011,-14.3278236337358
7.58300000000008,-7.19312046923758
7.58400000000006,0.673330047199611
7.58500000000004,7.32946007385111
7.58600000000001,13.0797914768374
7.58700000000022,16.459557133411
7.58800000000019,15.808461132746
7.58900000000017,9.86318387222059
7.59000000000015,-1.70331498276991
7.59100000000012,-18.3114833030457
7.5920000000001,-35.1891798758947
7.59300000000007,-47.1864019125851
7.59400000000005,-48.1854349185526
7.59500000000003,-32.0472712220893
7.596,6.14156344148894
7.59700000000021,68.5953015639156
7.59800000000018,156.973147728253
7.59900000000016,268.755088869182
7.60000000000014,398.671201305564
7.60100000000011,539.399605702645
7.60200000000009,682.348901272109
7.60300000000007,818.295374957159
7.60400000000004,941.032433483398
7.60500000000002,1044.79830897546
7.60600000000022,1125.83630264019
7.6070000000002,1182.50639837164
7.60800000000017,1214.89296110118
7.60900000000015,1224.08726164448
7.61000000000013,1214.51045327494
7.6110000000001,1189.91894288676
7.61200000000008,1154.26068979431
7.61300000000006,1111.39642072819
7.61400000000003,1064.59415964269
7.61500000000001,1016.12063882293
7.61600000000021,970.417548438909
7.61700000000019,929.608478015964
7.61800000000017,895.12442274809
7.61900000000014,867.772410046659
7.62000000000012,847.391648362943
7.62100000000009,832.777145608007
7.62200000000007,825.564140025946
7.62300000000005,824.816660232854
7.62400000000002,829.237770347003
7.625,837.377891202938
7.6260000000002,847.371274924206
7.62700000000018,857.019914993453
7.62800000000016,867.337986374432
7.62900000000013,877.414333650479
7.63000000000011,886.406127822127
7.63100000000009,893.639598455409
7.63200000000006,898.450761159297
7.63300000000004,900.129825910149
7.63400000000001,899.824113659054
7.63500000000022,898.017427489676
7.63600000000019,895.279469053722
7.63700000000017,892.152425138483
7.63800000000015,888.907539942978
7.63900000000012,885.309834120509
7.6400000000001,881.85045178663
7.64100000000008,878.539249258291
7.64200000000005,875.264133582706
7.64300000000003,871.811031023382
7.64400000000001,867.749155814421
7.64500000000021,862.346950077986
7.64600000000019,855.897581698201
7.64700000000016,848.526851148497
7.64800000000014,840.523193182061
7.64900000000011,832.270646499345
7.65000000000009,824.002262801648
7.65100000000007,815.622053188233
7.65200000000004,807.896691891632
7.65300000000002,801.201040005142
7.65400000000022,795.828349247077
7.6550000000002,791.949562818095
7.65600000000018,789.415410171593
7.65700000000015,787.688125634503
7.65800000000013,787.073028437521
7.65900000000011,787.525764447894
7.66000000000008,788.987426898793
7.66100000000006,791.346774903923
7.66200000000003,794.109900547305
7.66300000000001,796.543924865708
7.66400000000021,799.174616479464
7.66500000000019,801.833037292976
7.66600000000017,804.385580779756
7.66700000000014,806.761544835103
7.66800000000012,808.555020945411
7.6690000000001,809.407730370679
7.67000000000007,810.599135317315
7.67100000000005,812.438588946827
7.67200000000003,815.189444897338
7.673,819.034482590037
7.67400000000021,823.631970222213
7.67500000000018,828.504917154857
7.67600000000016,834.488508248988
7.67700000000013,841.366514387132
7.67800000000011,848.770949616872
7.67900000000009,856.223264246508
7.68000000000006,862.796285645518
7.68100000000004,867.585649041097
7.68200000000002,871.093583129639
7.68300000000022,873.185553415632
7.6840000000002,873.876433121051
7.68500000000017,873.327132890163
7.68600000000015,871.406601592658
7.68700000000013,868.132366564639
7.6880000000001,864.866306208385
7.68900000000008,862.213117487992
7.69000000000005,860.7112816004
7.69100000000003,860.771718734454
7.69200000000001,862.184769142988
7.69300000000021,864.668749488026
7.69400000000019,869.029066858066
7.69500000000016,875.129441029523
7.69600000000014,882.686621904247
7.69700000000012,891.304622674025
7.69800000000009,900.051101307421
7.69900000000007,908.143583511042
7.70000000000005,916.048367039894
7.70100000000002,923.530834996563
7.70200000000023,930.415577481448
7.7030000000002,936.581389526849
7.70400000000018,941.473696166887
7.70500000000015,944.796125678292
7.70600000000013,947.447595275752
7.70700000000011,949.624151021739
7.70800000000008,951.524862816163
7.70900000000006,953.33105550732
7.71000000000004,954.709540789372
7.71100000000001,955.546692454218
7.71200000000022,956.767992351125
7.71300000000019,958.563191236434
7.71400000000017,961.05310518138
7.71500000000015,964.270574517455
7.71600000000012,967.665476524844
7.7170000000001,970.896040767206
7.71800000000007,974.559399916754
7.71900000000005,978.553473265276
7.72000000000003,982.740490420512
7.721,986.958486528641
7.72200000000021,990.533013985796
7.72300000000018,993.155181471462
7.72400000000016,995.515995286388
7.72500000000014,997.712423878914
7.72600000000011,999.871545524516
7.72700000000009,1002.12524342323
7.72800000000007,1004.05413762883
7.72900000000004,1005.61470230983
7.73000000000002,1007.65487956288
7.73100000000022,1010.33526316121
7.7320000000002,1013.74685341886
7.73300000000017,1017.89528856385
7.73400000000015,1022.13477056461
7.73500000000013,1026.21721827466
7.7360000000001,1030.75164713273
7.73700000000008,1035.68093081938
7.73800000000006,1040.92086546138
7.73900000000003,1046.35774589874
7.74000000000001,1051.24199472451
7.74100000000021,1055.35969723936
7.74200000000019,1059.39406114378
7.74300000000017,1063.38446792298
7.74400000000014,1067.36217304076
7.74500000000012,1071.33039246172
7.74600000000009,1074.59681347184
7.74700000000007,1077.05720754779
7.74800000000005,1079.47269689532
7.74900000000002,1081.9301666119
7.75,1084.48619010154
7.7510000000002,1087.14851896411
7.75200000000018,1089.16983707429
7.75300000000016,1090.44579377053
7.75400000000013,1091.71495888715
7.75500000000011,1093.04108487201
7.75600000000009,1094.45203946963
7.75700000000006,1095.91658588842
7.75800000000004,1096.59523654741
7.75900000000001,1096.36922129551
7.76000000000022,1095.92332023117
7.76100000000019,1095.27548136483
7.76200000000017,1094.43274419059
7.76300000000015,1093.38103196936
7.76400000000012,1091.32039993648
7.7650000000001,1088.29580302197
7.76600000000008,1085.11518289327
7.76700000000005,1081.94199006864
7.76800000000003,1078.92347107707
7.76900000000001,1076.1654934585
7.77000000000021,1072.93568525048
7.77100000000019,1069.37848948692
7.77200000000016,1066.29775537345
7.77300000000014,1063.83560360562
7.77400000000011,1062.09416568848
7.77500000000009,1061.12161662436
7.77600000000007,1060.10453390418
7.77700000000004,1059.17677384624
7.77800000000002,1059.06825579771
7.77900000000022,1059.86297697764
7.7800000000002,1061.59888450686
7.78100000000018,1064.24976156718
7.78200000000015,1066.89636309482
7.78300000000013,1069.62677546653
7.78400000000011,1073.04677774851
7.78500000000008,1077.13410444795
7.78600000000006,1081.83616493665
7.78700000000003,1087.06794118398
7.78800000000001,1091.87942413057
7.78900000000021,1096.4480761827
7.79000000000019,1101.4526297081
7.79100000000017,1107.00790036709
7.79200000000014,1113.22962389127
7.79300000000012,1120.21212530296
7.7940000000001,1127.14681525868
7.79500000000007,1134.38703851849
7.79600000000005,1142.65953571661
7.79700000000003,1152.06143695013
7.798,1162.6053243915
7.79900000000021,1174.20569521661
7.80000000000018,1185.79381002439
7.80100000000016,1197.52157878236
7.80200000000013,1209.86081017752
7.80300000000011,1222.71719235832
7.80400000000009,1235.98987903017
7.80500000000006,1249.56897069524
7.80600000000004,1262.42361796425
7.80700000000002,1274.85697901841
7.80800000000022,1287.41075082446
7.8090000000002,1300.02054963982
7.81000000000017,1312.51637883329
7.81100000000015,1324.60361958252
7.81200000000013,1334.9549804206
7.8130000000001,1343.58322196898
7.81400000000008,1350.68372283777
7.81500000000005,1355.97496134934
7.81600000000003,1359.26280715144
7.81700000000001,1360.48274393454
7.81800000000021,1358.79323420845
7.81900000000019,1354.9945925558
7.82000000000016,1350.15409580543
7.82100000000014,1344.90900072561
7.82200000000012,1339.87026939146
7.82300000000009,1335.5346980296
7.82400000000007,1331.25980400789
7.82500000000005,1327.73893523011
7.82600000000002,1325.52774861021
7.82700000000023,1324.50999709528
7.8280000000002,1324.41061184657
7.82900000000018,1324.85190552697
7.83000000000015,1324.44259056296
7.83100000000013,1323.42632948127
7.83200000000011,1322.1436508993
7.83300000000008,1320.5657545179
7.83400000000006,1318.72485918713
7.83500000000004,1316.67717692067
7.83600000000001,1313.47331052655
7.83700000000022,1309.78934805353
7.83800000000019,1306.21930097073
7.83900000000017,1302.87033239362
7.84000000000015,1299.78715801416
7.84100000000012,1296.95725917827
7.8420000000001,1293.32201458788
7.84300000000007,1289.52508589632
7.84400000000005,1286.11212737328
7.84500000000003,1283.22114811664
7.846,1280.96943815957
7.84700000000021,1279.42556317301
7.84800000000018,1277.56056710218
7.84900000000016,1276.05237422792
7.85000000000014,1275.31792560784
7.85100000000011,1275.29198475522
7.85200000000009,1275.81839750067
7.85300000000007,1276.66094110821
7.85400000000004,1276.47798396588
7.85500000000002,1275.7763505917
7.85600000000022,1274.81856692733
7.8570000000002,1273.51197038421
7.85800000000017,1271.78653012884
7.85900000000015,1269.59109203162
7.86000000000013,1265.79736061241
7.8610000000001,1261.27351216248
7.86200000000008,1256.54972654278
7.86300000000006,1251.76537156036
7.86400000000003,1247.01490896374
7.86500000000001,1242.33708817095
7.86600000000021,1236.57012140505
7.86700000000019,1230.64705539781
7.86800000000017,1225.04575925062
7.86900000000014,1219.86487900919
7.87000000000012,1215.18989707286
7.87100000000009,1211.09799867634
7.87200000000007,1206.4611313427
7.87300000000005,1202.41145898576
7.87400000000002,1199.51548779313
7.875,1197.91581128098
7.8760000000002,1197.65252745393
7.87700000000018,1198.64768328949
7.87800000000016,1199.47722105624
7.87900000000013,1200.98709674974
7.88000000000011,1203.33205319061
7.88100000000009,1206.27787538496
7.88200000000006,1209.56797878117
7.88300000000004,1212.95966655747
7.88400000000001,1215.02933059802
7.88500000000022,1216.79381173781
7.88600000000019,1218.63846225827
7.88700000000017,1220.64323812409
7.88800000000015,1222.84792041092
7.88900000000012,1225.22198725855
7.8900000000001,1226.41438158165
7.89100000000008,1227.42344460123
7.89200000000005,1228.43707190336
7.89300000000003,1229.2995369904
7.89400000000001,1229.82255398914
7.89500000000021,1229.82435771325
7.89600000000019,1227.89597144857
7.89700000000016,1225.2170387956
7.89800000000014,1222.23106262551
7.89900000000011,1219.15055670146
7.90000000000009,1216.17513190069
7.90100000000007,1213.45068378174
7.90200000000004,1209.72453350858
7.90300000000002,1206.26359364712
7.90400000000022,1203.36987483554
7.9050000000002,1201.00253646445
7.90600000000018,1199.03386470392
7.90700000000015,1197.28048017949
7.90800000000013,1194.1817594332
7.90900000000011,1190.93078601364
7.91000000000008,1187.84725126251
7.91100000000006,1185.08132640561
7.91200000000003,1182.80727270523
7.91300000000001,1181.18733767963
7.91400000000021,1178.92571225873
7.91500000000019,1177.49019265569
7.91600000000017,1177.24715883785
7.91700000000014,1178.24042726116
7.91800000000012,1180.37325571412
7.9190000000001,1183.41074921227
7.92000000000007,1185.56716148407
7.92100000000005,1187.9106632502
7.92200000000003,1190.42299884252
7.923,1192.93007534094
7.92400000000021,1195.29419673039
7.92500000000018,1197.4183545734
7.92600000000016,1197.82836788041
7.92700000000013,1197.97840830146
7.92800000000011,1198.21494450388
7.92900000000009,1198.70318218449
7.93000000000006,1199.53062727566
7.93100000000004,1200.67253697014
7.93200000000002,1200.65432929741
7.93300000000022,1200.64843837373
7.9340000000002,1200.60869626742
7.93500000000017,1200.30884064484
7.93600000000015,1199.50250653757
7.93700000000013,1197.96898561333
7.9380000000001,1194.26579957059
7.93900000000008,1189.77973995289
7.94000000000005,1184.83529065994
7.94100000000003,1179.73575327498
7.94200000000001,1174.81803354606
7.94300000000021,1170.40640723915
7.94400000000019,1165.47937521417
7.94500000000016,1161.69577269984
7.94600000000014,1159.37719357313
7.94700000000012,1158.64308021352
7.94800000000009,1159.49215754562
7.94900000000007,1161.82392451491
7.95000000000005,1164.18917045517
7.95100000000002,1167.87256476911
7.95200000000023,1172.84725593237
7.9530000000002,1178.99550756995
7.95400000000018,1186.16344477856
7.95500000000015,1194.16315912714
7.95600000000013,1201.48716411356
7.95700000000011,1209.43920080806
7.95800000000008,1217.96925450145
7.95900000000006,1226.97782901371
7.96000000000004,1236.36028553346
7.96100000000001,1246.0153730535
7.96200000000022,1254.55383303646
7.96300000000019,1263.43552150666
7.96400000000017,1272.70890611901
7.96500000000015,1282.34210908562
7.96600000000012,1292.21772332281
7.9670000000001,1302.11050800898
7.96800000000007,1310.50901439359
7.96900000000005,1318.61207634805
7.97000000000003,1326.26824505398
7.971,1333.33324965508
7.97200000000021,1339.71309955388
7.97300000000018,1345.33823002478
7.97400000000016,1349.04423721361
7.97500000000014,1352.34310513515
7.97600000000011,1355.37566334501
7.97700000000009,1358.12684817303
7.97800000000007,1360.38028969705
7.97900000000004,1361.63612880302
7.98000000000002,1360.09894915833
7.98100000000022,1356.45500839095
7.9820000000002,1350.05554410853
7.98300000000017,1340.31719340989
7.98400000000015,1326.86310889696
7.98500000000013,1309.54877218135
7.9860000000001,1287.49964040302
7.98700000000008,1262.9353275571
7.98800000000006,1237.04839398475
7.98900000000003,1211.18195374012
7.99000000000001,1186.66704811769
7.99100000000021,1164.51762838878
7.99200000000019,1144.04503984366
7.99300000000017,1127.44061637337
7.99400000000014,1114.92708858015
7.99500000000012,1106.26926184049
7.99600000000009,1100.81827830923
7.99700000000007,1097.40339354251
7.99800000000005,1092.94439382013
7.99900000000002,1088.47750535926
8,1083.45270345174
8.0010000000002,1077.59468478392
8.00200000000018,1070.88539122864
8.00300000000016,1063.23124874131
8.00400000000013,1052.73356013903
8.00500000000011,1042.14686124984
8.00600000000009,1032.33217143291
8.00700000000006,1024.081620566
8.00800000000004,1017.95993038866
8.00900000000001,1013.97548450255
8.01000000000022,1010.63620366169
8.01100000000019,1008.97552533046
8.01200000000017,1008.38266429664
8.01300000000015,1008.1537038859
8.01400000000012,1007.68366537201
8.0150000000001,1006.52235391628
8.01600000000008,1004.29228358115
8.01700000000005,1002.02336601168
8.01800000000003,1000.01134962524
8.01900000000001,998.46861684827
8.02000000000021,997.43681160005
8.02100000000019,996.635687712577
8.02200000000016,995.384602698129
8.02300000000014,993.998462556839
8.02400000000011,991.920480685888
8.02500000000009,988.721117416981
8.02600000000007,984.315977343142
8.02700000000004,978.964623829782
8.02800000000002,973.189142674433
8.02900000000022,968.874082524079
8.0300000000002,966.926839103676
8.03100000000018,967.805870500173
8.03200000000015,971.345744283342
8.03300000000013,976.58463001549
8.03400000000011,981.89790255775
8.03500000000008,986.549670272422
8.03600000000006,989.073453154977
8.03700000000003,988.600336495136
8.03800000000001,985.319321113667
8.03900000000021,980.538667310283
8.04000000000019,976.587584269868
8.04100000000017,978.089604106768
8.04200000000014,988.888333718819
8.04300000000012,1012.27937542104
8.0440000000001,1050.39814365734
8.04500000000007,1103.52347213891
8.04600000000005,1169.81678223705
8.04700000000003,1248.33689490922
8.048,1336.18471661667
8.04900000000021,1430.45567496364
8.05000000000018,1528.97263437701
8.05100000000016,1630.46454568464
8.05200000000013,1734.54423287165
8.05300000000011,1844.12051093039
8.05400000000009,1961.30023670636
8.05500000000006,2087.53692745755
8.05600000000004,2222.54356283819
8.05700000000002,2363.05119401768
8.05800000000022,2502.22565677318
8.0590000000002,2631.9447006583
8.06000000000017,2740.50236606214
8.06100000000015,2814.84656874189
8.06200000000013,2842.21278253997
8.0630000000001,2811.61068436358
8.06400000000008,2715.5602964042
8.06500000000005,2553.48326466105
8.06600000000003,2329.64322701285
8.06700000000001,2054.07702272037
8.06800000000021,1741.77699292209
8.06900000000019,1410.83515581634
8.07000000000016,1080.53719040996
8.07100000000014,771.21559789395
8.07200000000012,499.369116889798
8.07300000000009,276.897700251927
8.07400000000007,110.00571903
8.07500000000005,-1.48407090963532
8.07600000000002,-63.4605932057768
8.07700000000023,-84.3086012119456
8.0780000000002,-75.9094864842219
8.07900000000018,-50.7620152818865
8.08000000000015,-20.1847804468324
8.08100000000013,6.68555090406754
8.08200000000011,23.9111500096755
8.08300000000008,30.6558855008769
8.08400000000006,28.0589192972522
8.08500000000004,19.1571461054132
8.08600000000001,7.69898922966363
8.08700000000022,-3.34116305787132
8.08800000000019,-12.1908020543068
8.08900000000017,-16.8488163920347
8.09000000000015,-17.3093386570767
8.09100000000012,-14.0389321087481
8.0920000000001,-7.1790213907346
8.09300000000007,3.73417080627075
8.09400000000005,20.543214048991
8.09500000000003,47.9948585612355
8.096,90.7007968850614
8.09700000000021,153.040803382769
8.09800000000018,238.007866527725
8.09900000000016,345.701543123877
8.10000000000014,473.142379952978
8.10100000000011,615.756202788604
8.10200000000009,765.434523378593
8.10300000000007,912.49297041805
8.10400000000004,1047.06175618716
8.10500000000002,1160.0180180423
8.10600000000022,1244.812022318
8.1070000000002,1299.74157092977
8.10800000000017,1325.56667969485
8.10900000000015,1326.01987634528
8.11000000000013,1306.90604982782
8.1110000000001,1274.31581445437
8.11200000000008,1234.41901841249
8.11300000000006,1194.02550122102
8.11400000000003,1157.0892983014
8.11500000000001,1125.77507719305
8.11600000000021,1100.7298408071
8.11700000000019,1080.75674572405
8.11800000000017,1064.77856135579
8.11900000000014,1053.7220827896
8.12000000000012,1047.24590723121
8.12100000000009,1045.31420474011
8.12200000000007,1048.10746581212
8.12300000000005,1054.81674377978
8.12400000000002,1065.17340104803
8.125,1080.49739184171
8.1260000000002,1099.70960037641
8.12700000000018,1121.13778460984
8.12800000000016,1142.79901647956
8.12900000000013,1161.99458889852
8.13000000000011,1176.8397225867
8.13100000000009,1187.59435021898
8.13200000000006,1193.9999729353
8.13300000000004,1196.31554270262
8.13400000000001,1195.168117989
8.13500000000022,1190.92345475985
8.13600000000019,1183.99800363161
8.13700000000017,1175.86989763105
8.13800000000015,1167.47432498626
8.13900000000012,1159.59254304373
8.1400000000001,1152.78502902249
8.14100000000008,1146.917989501
8.14200000000005,1141.72095067785
8.14300000000003,1137.89875855803
8.14400000000001,1135.70961536419
8.14500000000021,1135.39193673565
8.14600000000019,1137.09701233973
8.14700000000016,1140.35644029417
8.14800000000014,1144.66945041653
8.14900000000011,1150.51912881875
8.15000000000009,1157.95358110204
8.15100000000007,1167.01117531701
8.15200000000004,1177.65878921963
8.15300000000002,1189.23540376672
8.15400000000022,1201.10523760604
8.1550000000002,1213.58683066125
8.15600000000018,1226.53126173086
8.15700000000015,1239.72987359201
8.15800000000013,1252.85806048521
8.15900000000011,1264.84323049822
8.16000000000008,1274.8853084115
8.16100000000006,1283.30308149858
8.16200000000003,1290.00778837253
8.16300000000001,1295.08772491624
8.16400000000021,1298.77377276146
8.16500000000019,1300.52060406886
8.16600000000017,1300.65682251358
8.16700000000014,1300.72703743796
8.16800000000012,1301.38183565167
8.1690000000001,1303.17263876465
8.17000000000007,1306.47797037251
8.17100000000005,1310.50512427676
8.17200000000003,1315.22187291443
8.173,1321.55318425078
8.17400000000021,1329.35319915397
8.17500000000018,1338.35346516306
8.17600000000016,1348.2048382285
8.17700000000013,1357.59835179623
8.17800000000011,1366.23220089514
8.17900000000009,1374.97501926689
8.18000000000006,1383.99421540631
8.18100000000004,1393.53724674108
8.18200000000002,1403.85439989196
8.18300000000022,1414.16468019961
8.1840000000002,1424.59241707908
8.18500000000017,1436.1130660432
8.18600000000015,1448.73957364963
8.18700000000013,1462.28532471854
8.1880000000001,1476.34943914262
8.18900000000008,1489.32606813932
8.19000000000005,1500.67839877558
8.19100000000003,1510.80781407219
8.19200000000001,1519.40118571451
8.19300000000021,1526.28812913626
8.19400000000019,1531.45375040947
8.19500000000016,1533.96339086165
8.19600000000014,1534.31433025393
8.19700000000012,1533.99038789174
8.19800000000009,1533.71786780121
8.19900000000007,1534.16514968485
8.20000000000005,1535.83178619884
8.20100000000002,1537.86851998697
8.20200000000023,1540.52567087274
8.2030000000002,1544.63284247166
8.20400000000018,1550.05404141262
8.20500000000015,1556.49992840141
8.20600000000013,1563.5673574249
8.20700000000011,1569.67031706662
8.20800000000008,1574.69903936282
8.20900000000006,1579.3929803013
8.21000000000004,1583.89409597089
8.21100000000001,1588.46856881947
8.21200000000022,1593.43744736061
8.21300000000019,1597.92974716742
8.21400000000017,1602.56616905505
8.21500000000015,1608.51212881057
8.21600000000012,1616.04517924465
8.2170000000001,1625.24009226061
8.21800000000007,1635.92945917235
8.21900000000005,1646.48022478629
8.22000000000003,1656.79104077418
8.221,1667.24165630107
8.22200000000021,1677.47379401372
8.22300000000018,1687.17511084349
8.22400000000016,1696.10050147341
8.22500000000014,1702.80304171157
8.22600000000011,1707.77247442557
8.22700000000009,1712.0810443104
8.22800000000007,1716.13597920838
8.22900000000004,1720.32819078719
8.23000000000002,1724.94448843943
8.23100000000022,1728.76587269597
8.2320000000002,1732.368483793
8.23300000000017,1736.59786110989
8.23400000000015,1741.47045780404
8.23500000000013,1746.89862875727
8.2360000000001,1752.69803152868
8.23700000000008,1757.19139028988
8.23800000000006,1760.80921097359
8.23900000000003,1764.3415942145
8.24000000000001,1767.90314456202
8.24100000000021,1771.60754703634
8.24200000000019,1775.51431091184
8.24300000000017,1778.08688238288
8.24400000000014,1780.03203928489
8.24500000000012,1782.26867057019
8.24600000000009,1784.98789700212
8.24700000000007,1788.35266467617
8.24800000000005,1792.47338589376
8.24900000000002,1795.78820809154
8.25,1799.20741584247
8.2510000000002,1803.75202855677
8.25200000000018,1809.6629423193
8.25300000000016,1817.04687456684
8.25400000000013,1825.80733852717
8.25500000000011,1833.94219459131
8.25600000000009,1841.93572096667
8.25700000000006,1850.18418362535
8.25800000000004,1858.32418365207
8.25900000000001,1865.97414776512
8.26000000000022,1872.769881918
8.26100000000019,1876.69581360337
8.26200000000017,1878.65080689666
8.26300000000015,1879.61636576975
8.26400000000012,1880.02376323436
8.2650000000001,1880.33340411162
8.26600000000008,1880.92816758818
8.26700000000005,1880.27597662682
8.26800000000003,1879.59833177175
8.26900000000001,1879.77096029296
8.27000000000021,1880.87261328812
8.27100000000019,1882.83283431501
8.27200000000016,1885.44833147361
8.27300000000014,1886.61872864452
8.27400000000011,1887.30691557261
8.27500000000009,1888.23730607441
8.27600000000007,1889.58581293108
8.27700000000004,1891.55761507039
8.27800000000002,1894.32650515628
8.27900000000022,1896.13043888828
8.2800000000002,1898.34935538026
8.28100000000018,1901.87146475788
8.28200000000015,1906.90612264875
8.28300000000013,1913.54652749219
8.28400000000011,1921.74510521423
8.28500000000008,1929.39296974369
8.28600000000006,1937.68434024664
8.28700000000003,1947.20971880709
8.28800000000001,1957.9390777816
8.28900000000021,1969.76918067095
8.29000000000019,1982.49877496447
8.29100000000017,1993.85613453984
8.29200000000014,2005.06675461565
8.29300000000012,2016.69022318969
8.2940000000001,2028.76850631828
8.29500000000007,2041.35736076723
8.29600000000005,2054.50138318849
8.29700000000003,2066.20266648219
8.298,2078.10674271385
8.29900000000021,2091.02174103786
8.30000000000018,2105.1487107216
8.30100000000016,2120.51941033959
8.30200000000013,2136.93819969027
8.30300000000011,2151.91535475895
8.30400000000009,2166.58428970189
8.30500000000006,2181.0584016147
8.30600000000004,2194.93289653927
8.30700000000002,2207.81058937285
8.30800000000022,2219.33879893538
8.3090000000002,2227.12550880917
8.31000000000017,2232.87644615315
8.31100000000015,2237.39115245469
8.31200000000013,2241.09624501228
8.3130000000001,2244.39848909619
8.31400000000008,2247.58651680516
8.31500000000005,2248.5962661324
8.31600000000003,2249.31899990734
8.31700000000001,2250.33356361792
8.31800000000021,2251.68520430657
8.31900000000019,2253.32623002346
8.32000000000016,2255.14149394952
8.32100000000014,2254.74215041533
8.32200000000012,2254.08011592122
8.32300000000009,2253.83686035248
8.32400000000007,2254.30687547853
8.32500000000005,2255.70807437824
8.32600000000002,2258.10040468507
8.32700000000023,2259.05302182935
8.3280000000002,2260.40022183938
8.32900000000018,2262.401079465
8.33000000000015,2264.85865501512
8.33100000000013,2267.50906943774
8.33200000000011,2270.06056358956
8.33300000000008,2269.93476183605
8.33400000000006,2269.18161045895
8.33500000000004,2268.40881539553
8.33600000000001,2267.97488984134
8.33700000000022,2268.2209551407
8.33800000000019,2269.37863995416
8.33900000000017,2269.16666057904
8.34000000000015,2269.78563339047
8.34100000000012,2271.60413606814
8.3420000000001,2274.5576835196
8.34300000000007,2278.43749289967
8.34400000000005,2282.91031587892
8.34500000000003,2285.14843141543
8.346,2287.14896829397
8.34700000000021,2289.11710344518
8.34800000000018,2291.01958055961
8.34900000000016,2292.78773248413
8.35000000000014,2294.27544959104
8.35100000000011,2292.76295977461
8.35200000000009,2290.54933605932
8.35300000000007,2287.97009679917
8.35400000000004,2285.18966107452
8.35500000000002,2282.42127602305
8.35600000000022,2279.91773434176
8.3570000000002,2275.42502809072
8.35800000000017,2271.92003155424
8.35900000000015,2270.20151857507
8.36000000000013,2270.75080359117
8.3610000000001,2273.80135547472
8.36200000000008,2279.25630681294
8.36300000000006,2284.077848435
8.36400000000003,2290.34420625458
8.36500000000001,2297.61915328407
8.36600000000021,2305.21764636011
8.36700000000019,2312.45312848278
8.36800000000017,2318.73642973428
8.36900000000014,2320.9902280917
8.37000000000012,2322.02924641221
8.37100000000009,2322.40612401523
8.37200000000007,2322.71334221939
8.37300000000005,2323.55981972026
8.37400000000002,2325.43307377825
8.375,2325.86020363449
8.3760000000002,2327.91492699493
8.37700000000018,2331.72628074298
8.37800000000016,2337.06163535006
8.37900000000013,2343.4327929069
8.38000000000011,2350.1679549824
8.38100000000009,2353.73085308764
8.38200000000006,2356.5921894968
8.38300000000004,2358.54927835191
8.38400000000001,2359.49928340003
8.38500000000022,2359.44246330978
8.38600000000019,2358.39593099364
8.38700000000017,2353.71320658132
8.38800000000015,2348.64187482944
8.38900000000012,2343.6356867332
8.3900000000001,2339.04623261577
8.39100000000008,2335.11284386406
8.39200000000005,2331.86255381712
8.39300000000003,2326.61096684955
8.39400000000001,2322.46561667041
8.39500000000021,2319.73596465114
8.39600000000019,2318.65268921972
8.39700000000016,2319.36030486735
8.39800000000014,2321.75204523564
8.39900000000011,2323.07009734292
8.40000000000009,2326.21717372164
8.40100000000007,2331.21171172147
8.40200000000004,2337.8770882486
8.40300000000002,2345.84279808949
8.40400000000022,2354.37108943944
8.4050000000002,2360.16934533144
8.40600000000018,2365.58364906368
8.40700000000015,2370.23220675757
8.40800000000013,2373.74512880951
8.40900000000011,2375.8135514665
8.41000000000008,2375.9891281383
8.41100000000006,2371.61956121633
8.41200000000003,2365.84687924051
8.41300000000001,2359.21754112928
8.41400000000021,2352.30936853359
8.41500000000019,2345.6691016249
8.41600000000017,2339.4696192905
8.41700000000014,2331.55239193733
8.41800000000012,2325.10643717974
8.4190000000001,2320.48585365781
8.42000000000007,2317.83722621172
8.42100000000005,2317.11699009987
8.42200000000003,2317.81138977007
8.423,2317.33239638353
8.42400000000021,2318.18129648694
8.42500000000018,2320.2565329811
8.42600000000016,2323.38759577327
8.42700000000013,2327.35309412536
8.42800000000011,2331.54598511749
8.42900000000009,2333.53475317106
8.43000000000006,2335.88452269497
8.43100000000004,2338.62735378749
8.43200000000002,2341.74150148652
8.43300000000022,2345.16149735509
8.4340000000002,2348.40235477479
8.43500000000017,2349.30066315361
8.43600000000015,2350.54006844819
8.43700000000013,2352.31667493803
8.4380000000001,2354.76995408872
8.43900000000008,2357.98874071198
8.44000000000005,2361.59180168807
8.44100000000003,2363.64756357461
8.44200000000001,2366.86137370748
8.44300000000021,2371.43811913945
8.44400000000019,2377.45714258337
8.44500000000016,2384.8762505829
8.44600000000014,2393.0820093157
8.44700000000012,2400.0045294529
8.44800000000009,2408.02819856415
8.44900000000007,2417.08789302087
8.45000000000005,2427.02811174351
8.45100000000002,2437.632038105
8.45200000000023,2448.14651032412
8.4530000000002,2456.55671002729
8.45400000000018,2465.18891168343
8.45500000000015,2473.98599213907
8.45600000000013,2482.78009848847
8.45700000000011,2491.30929790561
8.45800000000008,2498.71676797168
8.45900000000006,2503.02722392239
8.46000000000004,2506.62883426029
8.46100000000001,2509.74443083889
8.46200000000022,2512.72416431497
8.46300000000019,2516.05428401843
8.46400000000017,2519.72995382385
8.46500000000015,2522.73862635535
8.46600000000012,2528.11766415631
8.4670000000001,2536.29925621426
8.46800000000007,2547.19676449213
8.46900000000005,2560.11911178168
8.47000000000003,2573.14867746423
8.471,2583.00143149915
8.47200000000021,2590.18343489419
8.47300000000018,2592.92926371323
8.47400000000016,2589.71821124885
8.47500000000014,2579.56974233971
8.47600000000011,2561.57422529349
8.47700000000009,2534.86798153953
8.47800000000007,2503.49168214571
8.47900000000004,2469.8231795284
8.48000000000002,2436.46331876876
8.48100000000022,2405.85981311006
8.4820000000002,2379.12756332838
8.48300000000017,2355.74086731571
8.48400000000015,2338.87708972014
8.48500000000013,2328.43739194088
8.4860000000001,2323.53548853885
8.48700000000008,2322.68540299515
8.48800000000006,2323.04806102893
8.48900000000003,2320.7845619939
8.49000000000001,2317.54063988297
8.49100000000021,2312.79626286757
8.49200000000019,2306.51540436855
8.49300000000017,2299.01956333744
8.49400000000014,2289.70815624909
8.49500000000012,2277.14809707451
8.49600000000009,2264.95302527761
8.49700000000007,2253.90833642961
8.49800000000005,2244.5169516443
8.49900000000002,2236.94060995331
8.5,2230.13253089771
8.5010000000002,2222.46284454612
8.50200000000018,2215.77231441715
8.50300000000016,2209.73381760609
8.50400000000013,2204.07062833186
8.50500000000011,2198.6754118467
8.50600000000009,2193.14305618709
8.50700000000006,2187.50625724899
8.50800000000004,2183.65925516177
8.50900000000001,2181.91026484994
8.51000000000022,2182.33837738365
8.51100000000019,2184.82780629543
8.51200000000017,2188.67694471833
8.51300000000015,2193.50688045193
8.51400000000012,2200.0769571345
8.5150000000001,2207.67438565005
8.51600000000008,2215.45874205485
8.51700000000005,2222.64332083171
8.51800000000003,2228.00156799984
8.51900000000001,2230.96560698368
8.52000000000021,2233.07102673651
8.52100000000019,2234.39960388505
8.52200000000016,2234.99964882879
8.52300000000014,2234.87746674516
8.52400000000011,2233.05106915487
8.52500000000009,2228.89308840782
8.52600000000007,2224.74875008167
8.52700000000004,2221.21874681552
8.52800000000002,2219.11238666934
8.52900000000022,2219.51496946306
8.5300000000002,2222.66844485471
8.53100000000018,2229.47971257934
8.53200000000015,2244.18118917113
8.53300000000013,2268.93697978766
8.53400000000011,2305.65782800712
8.53500000000008,2355.81122366712
8.53600000000006,2419.14154813896
8.53700000000003,2495.26137452324
8.53800000000001,2585.9049257391
8.53900000000021,2690.17011554917
8.54000000000019,2806.50757750254
8.54100000000017,2932.84872240432
8.54200000000014,3065.64080277515
8.54300000000012,3201.64890812277
8.5440000000001,3339.82743799758
8.54500000000007,3476.97729157809
8.54600000000005,3609.36695779886
8.54700000000003,3732.6347531389
8.548,3840.60412372362
8.54900000000021,3927.17408946639
8.55000000000018,3988.1152590162
8.55100000000016,4017.20090751196
8.55200000000013,4008.28347200989
8.55300000000011,3955.82732703131
8.55400000000009,3854.339023546
8.55500000000006,3701.03839390831
8.55600000000004,3497.89730492426
8.55700000000002,3247.97069277446
8.55800000000022,2957.16964856352
8.5590000000002,2634.09324827424
8.56000000000017,2288.35567725396
8.56100000000015,1932.01519477429
8.56200000000013,1579.87857635157
8.5630000000001,1244.6684599322
8.56400000000008,937.633276219817
8.56500000000005,667.766678522997
8.56600000000003,440.097112448648
8.56700000000001,257.864450269472
8.56800000000021,123.737043999879
8.56900000000019,36.7024617341932
8.57000000000016,-5.73693925832218
8.57100000000014,-6.85731069210691
8.57200000000012,28.61968265358
8.57300000000009,97.3932322517241
8.57400000000007,198.472764534778
8.57500000000005,329.546758507914
8.57600000000002,488.103037564841
8.57700000000023,670.963842507035
8.5780000000002,872.544022705976
8.57900000000018,1087.25888349346
8.58000000000015,1310.03473233187
8.58100000000013,1533.25012216526
8.58200000000011,1748.72659408668
8.58300000000008,1948.42087589403
8.58400000000006,2123.81507435533
8.58500000000004,2269.40505892394
8.58600000000001,2383.43189102763
8.58700000000022,2464.93143443967
8.58800000000019,2515.08374330279
8.58900000000017,2536.88480189264
8.59000000000015,2533.24767960188
8.59100000000012,2509.3956794463
8.5920000000001,2472.30590338966
8.59300000000007,2427.21765216367
8.59400000000005,2378.66864828627
8.59500000000003,2330.30468501797
8.596,2283.34782395862
8.59700000000021,2239.97023571351
8.59800000000018,2203.13070063657
8.59900000000016,2173.77064723374
8.60000000000014,2152.35626113709
8.60100000000011,2138.96750757121
8.60200000000009,2131.62242469509
8.60300000000007,2130.31647569297
8.60400000000004,2136.15410005779
8.60500000000002,2148.26025160006
8.60600000000022,2165.4181991238
8.6070000000002,2186.14912247839
8.60800000000017,2206.81164745573
8.60900000000015,2226.60140485744
8.61000000000013,2246.02975748108
8.6110000000001,2263.80935068712
8.61200000000008,2278.79777529255
8.61300000000006,2290.14394053028
8.61400000000003,2295.29699576852
8.61500000000001,2295.25332663451
8.61600000000021,2292.49221109401
8.61700000000019,2287.83467198549
8.61800000000017,2282.14957591401
8.61900000000014,2276.28872863523
8.62000000000012,2269.30564344619
8.62100000000009,2262.46719082961
8.62200000000007,2257.83281938047
8.62300000000005,2255.8429736309
8.62400000000002,2256.58250627505
8.625,2259.79739898096
8.6260000000002,2263.79344757319
8.62700000000018,2267.96470228358
8.62800000000016,2272.6888623853
8.62900000000013,2277.74420845311
8.63000000000011,2282.95378052175
8.63100000000009,2288.08922253924
8.63200000000006,2291.75527297662
8.63300000000004,2293.47355815804
8.63400000000001,2293.78866813553
8.63500000000022,2292.87721769104
8.63600000000019,2291.04274217512
8.63700000000017,2288.62289442182
8.63800000000015,2284.58196905275
8.63900000000012,2279.46472323365
8.6400000000001,2274.64196668104
8.64100000000008,2270.74918662118
8.64200000000005,2268.31908183166
8.64300000000003,2267.66015556774
8.64400000000001,2267.0018826847
8.64500000000021,2266.93501429557
8.64600000000019,2268.40829673701
8.64700000000016,2271.18989990809
8.64800000000014,2274.99146822968
8.64900000000011,2279.5388715845
8.65000000000009,2282.62212615655
8.65100000000007,2285.29498993381
8.65200000000004,2289.06597902416
8.65300000000002,2294.28279087247
8.65400000000022,2301.16854922542
8.6550000000002,2309.73022271893
8.65600000000018,2317.72009586259
8.65700000000015,2325.75925944512
8.65800000000013,2334.53622113718
8.65900000000011,2343.52056998817
8.66000000000008,2352.0849752283
8.66100000000006,2359.60249735594
8.66200000000003,2363.5708975503
8.66300000000001,2364.85464387935
8.66400000000021,2364.79785659577
8.66500000000019,2364.01793309779
8.66600000000017,2363.27008814001
8.66700000000014,2363.3052495953
8.66800000000012,2362.65932879843
8.6690000000001,2362.99009289634
8.67000000000007,2365.71673792377
8.67100000000005,2370.93634702313
8.67200000000003,2378.35123872265
8.673,2387.29978622825
8.67400000000021,2394.67971397279
8.67500000000018,2400.88902637633
8.67600000000016,2406.30238354793
8.67700000000013,2410.52184588983
8.67800000000011,2413.37860039765
8.67900000000009,2414.9496796531
8.68000000000006,2413.3208251269
8.68100000000004,2410.51378705459
8.68200000000002,2408.45655182635
8.68300000000022,2408.14894474496
8.6840000000002,2410.39194951178
8.68500000000017,2415.64169894725
8.68600000000015,2421.63597660643
8.68700000000013,2429.59016092642
8.6880000000001,2440.01161124398
8.68900000000008,2452.23526718646
8.69000000000005,2465.36147633815
8.69100000000003,2478.35791696191
8.69200000000001,2487.84756738298
8.69300000000021,2494.66784765569
8.69400000000019,2499.43422089707
8.69500000000016,2502.23088321448
8.69600000000014,2503.3930594316
8.69700000000012,2503.4251543127
8.69800000000009,2500.51957835544
8.69900000000007,2497.07836648555
8.70000000000005,2494.79618389532
8.70100000000002,2494.3886117055
8.70200000000023,2496.2649342805
8.7030000000002,2500.46553481894
8.70400000000018,2504.21065801673
8.70500000000015,2508.83128890974
8.70600000000013,2514.75485697395
8.70700000000011,2521.59900809305
8.70800000000008,2528.96558511337
8.70900000000006,2536.47658988613
8.71000000000004,2541.2848712227
8.71100000000001,2545.19229146058
8.71200000000022,2549.20545860434
8.71300000000019,2553.66806187723
8.71400000000017,2558.86435149191
8.71500000000015,2564.93064533785
8.71600000000012,2569.24363875289
8.7170000000001,2573.73907439135
8.71800000000007,2579.1962487684
8.71900000000005,2585.65944746566
8.72000000000003,2593.10958364675
8.721,2601.4708127162
8.72200000000021,2607.93725867047
8.72300000000018,2614.67760404708
8.72400000000016,2622.62202292221
8.72500000000014,2631.97930598212
8.72600000000011,2642.76569680148
8.72700000000009,2654.72319065245
8.72800000000007,2664.51424332796
8.72900000000004,2673.8154064708
8.73000000000002,2682.84163403967
8.73100000000022,2691.22471795223
8.7320000000002,2698.68147119265
8.73300000000017,2705.06817593267
8.73400000000015,2707.52276523855
8.73500000000013,2708.87613068468
8.7360000000001,2710.59081333303
8.73700000000008,2713.60322028781
8.73800000000006,2718.67576517819
8.73900000000003,2726.20001833562
8.74000000000001,2733.06867803782
8.74100000000021,2741.43522379719
8.74200000000019,2751.33778848846
8.74300000000017,2762.0051069251
8.74400000000014,2772.49506653607
8.74500000000012,2781.83216005993
8.74600000000009,2786.06228570807
8.74700000000007,2787.48425651793
8.74800000000005,2786.88573397584
8.74900000000002,2784.91100307641
8.75,2782.38947319897
8.7510000000002,2780.15155717674
8.75200000000018,2775.68902546126
8.75300000000016,2772.4910905874
8.75400000000013,2771.71539917637
8.75500000000011,2773.80645271419
8.75600000000009,2778.89823373618
8.75700000000006,2786.81111847039
8.75800000000004,2793.83233554898
8.75900000000001,2802.49316330293
8.76000000000022,2812.94904987188
8.76100000000019,2824.85069532011
8.76200000000017,2837.67713146463
8.76300000000015,2850.69368741631
8.76400000000012,2859.65352096719
8.7650000000001,2866.83532013403
8.76600000000008,2872.15862360439
8.76700000000005,2875.37699634713
8.76800000000003,2876.46853862455
8.76900000000001,2875.65822593129
8.77000000000021,2870.05282212918
8.77100000000019,2863.7854917802
8.77200000000016,2858.55575240112
8.77300000000014,2855.7706572043
8.77400000000011,2856.59670152939
8.77500000000009,2861.74593454351
8.77600000000007,2867.92261489481
8.77700000000004,2878.23538365774
8.77800000000002,2892.52767102335
8.77900000000022,2910.034344253
8.7800000000002,2929.73730302178
8.78100000000018,2950.50211981475
8.78200000000015,2967.72039683014
8.78300000000013,2984.19197876547
8.78400000000011,3000.02458144035
8.78500000000008,3015.39460095666
8.78600000000006,3030.60847080397
8.78700000000003,3045.94935598246
8.78800000000001,3057.94647959721
8.78900000000021,3070.44159673317
8.79000000000019,3083.89969204087
8.79100000000017,3098.45729366898
8.79200000000014,3114.04587656067
8.79300000000012,3130.40243712735
8.7940000000001,3143.41456238709
8.79500000000007,3156.67433766364
8.79600000000005,3170.37649125524
8.79700000000003,3184.62651507349
8.798,3199.44762451903
8.79900000000021,3214.69539962086
8.80000000000018,3226.26251520211
8.80100000000016,3237.78585408848
8.80200000000013,3249.18812051
8.80300000000011,3260.26246126407
8.80400000000009,3270.71705817501
8.80500000000006,3280.14463231367
8.80600000000004,3284.50694931028
8.80700000000002,3287.70220079812
8.80800000000022,3290.16664655473
8.8090000000002,3292.39871934438
8.81000000000017,3294.89302508855
8.81100000000015,3297.91782660852
8.81200000000013,3298.06134526789
8.8130000000001,3299.4433212558
8.81400000000008,3302.41093716834
8.81500000000005,3307.0369791943
8.81600000000003,3313.11734186175
8.81700000000001,3320.00212084531
8.81800000000021,3323.49441990097
8.81900000000019,3326.87929292703
8.82000000000016,3329.92424567544
8.82100000000014,3332.41009756827
8.82200000000012,3334.15791996482
8.82300000000009,3334.78632718831
8.82400000000007,3330.74598514872
8.82500000000005,3326.06869665813
8.82600000000002,3321.32217337197
8.82700000000023,3317.04720982634
8.8280000000002,3313.69650885445
8.82900000000018,3311.26819988077
8.83000000000015,3306.53133485199
8.83100000000013,3303.4184559119
8.83200000000011,3302.20626302816
8.83300000000008,3302.96186697336
8.83400000000006,3305.5573312872
8.83500000000004,3309.33854791566
8.83600000000001,3310.68534245433
8.83700000000022,3313.05813444552
8.83800000000019,3316.51416981213
8.83900000000017,3321.09043376192
8.84000000000015,3326.79320700187
8.84100000000012,3333.15175705452
8.8420000000001,3336.90648152248
8.84300000000007,3341.78575792106
8.84400000000005,3347.98534706806
8.84500000000003,3355.52469155651
8.846,3364.22407385536
8.84700000000021,3373.21436593834
8.84800000000018,3378.8836619979
8.84900000000016,3384.50440982866
8.85000000000014,3389.83651883539
8.85100000000011,3394.57953807096
8.85200000000009,3398.42302120426
8.85300000000007,3400.54883916658
8.85400000000004,3397.84278662214
8.85500000000002,3394.17423087381
8.85600000000022,3390.10322743905
8.8570000000002,3386.23946073444
8.85800000000017,3383.19502301204
8.85900000000015,3380.91595105574
8.86000000000013,3377.03029671376
8.8610000000001,3375.66527648399
8.86200000000008,3377.25987698205
8.86300000000006,3381.88054273481
8.86400000000003,3389.21507928493
8.86500000000001,3397.93844343851
8.86600000000021,3404.43283028038
8.86700000000019,3411.55426450655
8.86800000000017,3418.70653197515
8.86900000000014,3425.31838288457
8.87000000000012,3430.94333632128
8.87100000000009,3434.59313829249
8.87200000000007,3433.6352424904
8.87300000000005,3432.10416108935
8.87400000000002,3430.76216227394
8.875,3430.31617843975
8.8760000000002,3431.30583982096
8.87700000000018,3433.21631015893
8.87800000000016,3433.53854078726
8.87900000000013,3435.70043335512
8.88000000000011,3439.465988121
8.88100000000009,3444.2730432586
8.88200000000006,3449.3404118794
8.88300000000004,3452.94597505927
8.88400000000001,3451.92063460094
8.88500000000022,3449.37818773587
8.88600000000019,3445.35825710896
8.88700000000017,3440.07874757392
8.88800000000015,3433.91859040825
8.88900000000012,3426.45537520332
8.8900000000001,3415.98498286785
8.89100000000008,3406.70405684901
8.89200000000005,3399.42937839263
8.89300000000003,3394.69114005694
8.89400000000001,3392.6905191581
8.89500000000021,3392.32596779843
8.89600000000019,3391.06282379876
8.89700000000016,3391.94361879885
8.89800000000014,3394.67699441122
8.89900000000011,3398.83305554844
8.90000000000009,3403.90698990501
8.90100000000007,3408.33879763707
8.90200000000004,3409.62400435836
8.90300000000002,3410.86626830165
8.90400000000022,3412.02577364114
8.9050000000002,3412.96192935892
8.90600000000018,3413.41806343976
8.90700000000015,3411.95836900247
8.90800000000013,3406.34582833956
8.90900000000011,3399.61211515343
8.91000000000008,3391.75668118101
8.91100000000006,3382.80181600848
8.91200000000003,3372.8664456487
8.91300000000001,3361.11792385242
8.91400000000021,3346.39235296004
8.91500000000019,3332.6459397211
8.91600000000017,3320.9051570337
8.91700000000014,3312.05550818706
8.91800000000012,3306.74470003303
8.9190000000001,3304.16246544355
8.92000000000007,3302.81602599531
8.92100000000005,3305.50947010637
8.92200000000003,3311.76570947099
8.923,3320.69474927636
8.92400000000021,3331.12980227306
8.92500000000018,3340.62665699207
8.92600000000016,3346.6951648784
8.92700000000013,3351.43771838216
8.92800000000011,3354.42540515309
8.92900000000009,3355.45532643256
8.93000000000006,3354.58148707813
8.93100000000004,3350.88622835009
8.93200000000002,3343.72375846291
8.93300000000022,3336.74353410663
8.9340000000002,3330.79940280341
8.93500000000017,3326.50578870332
8.93600000000015,3324.19519390633
8.93700000000013,3322.65642206286
8.9380000000001,3320.68313764431
8.93900000000008,3320.8540161499
8.94000000000005,3322.90348951649
8.94100000000003,3326.39538994621
8.94200000000001,3330.8411505137
8.94300000000021,3334.50215946146
8.94400000000019,3336.19729175792
8.94500000000016,3338.65380287741
8.94600000000014,3342.0464267231
8.94700000000012,3346.46995145424
8.94800000000009,3351.91065437856
8.94900000000007,3356.88165907452
8.95000000000005,3360.35763066528
8.95100000000002,3364.75038650228
8.95200000000023,3369.76404547869
8.9530000000002,3374.89068392026
8.95400000000018,3379.49850467924
8.95500000000015,3381.54506022496
8.95600000000013,3379.78193615945
8.95700000000011,3376.38579247098
8.95800000000008,3371.10143323643
8.95900000000006,3363.60645455429
8.96000000000004,3353.54110321371
8.96100000000001,3339.13433884263
8.96200000000022,3319.61177128271
8.96300000000019,3297.49457784302
8.96400000000017,3273.04652732529
8.96500000000015,3246.64348634975
8.96600000000012,3218.83643684878
8.9670000000001,3188.85909256599
8.96800000000007,3157.1892033294
8.96900000000005,3127.46216389416
8.97000000000003,3100.75474768927
8.971,3077.71985555595
8.97200000000021,3058.47539983144
8.97300000000018,3040.82552998093
8.97400000000016,3023.32461041733
8.97500000000014,3007.61842455448
8.97600000000011,2992.67713282929
8.97700000000009,2977.42735881018
8.97800000000007,2960.95121765676
8.97900000000004,2940.68991408913
8.98000000000002,2915.97280269135
8.98100000000022,2890.29123751352
8.9820000000002,2864.96414473191
8.98300000000017,2841.44584923612
8.98400000000015,2821.05519600095
8.98500000000013,2802.69038155595
8.9860000000001,2786.3434208029
8.98700000000008,2774.85052977062
8.98800000000006,2767.91484639291
8.98900000000003,2764.65331098478
8.99000000000001,2763.74857804168
8.99100000000021,2762.03120957175
8.99200000000019,2758.03311090037
8.99300000000017,2752.75851589419
8.99400000000014,2745.49125566181
8.99500000000012,2735.94429114309
8.99600000000009,2724.36355853524
8.99700000000007,2710.45915905837
8.99800000000005,2695.8926924975
8.99900000000002,2683.28104235647
9,2673.40140993626
9.0010000000002,2666.47753038709
9.00200000000018,2662.20625580584
9.00300000000016,2658.98066489957
9.00400000000013,2656.54636297884
9.00500000000011,2654.96931270286
9.00600000000009,2652.95874009047
9.00700000000006,2649.41740587991
9.00800000000004,2643.76107446356
9.00900000000001,2634.85170417134
9.01000000000022,2624.08423874854
9.01100000000019,2614.11653869561
9.01200000000017,2605.97959679632
9.01300000000015,2600.21162402255
9.01400000000012,2596.68558009568
9.0150000000001,2592.88534440401
9.01600000000008,2588.10646367555
9.01700000000005,2582.98818104891
9.01800000000003,2576.65292499754
9.01900000000001,2568.93622410453
9.02000000000021,2560.79865515452
9.02100000000019,2552.63077386625
9.02200000000016,2548.49099766557
9.02300000000014,2554.63741338275
9.02400000000011,2575.49228369492
9.02500000000009,2614.61656634748
9.02600000000007,2674.04035105113
9.02700000000004,2752.05793524773
9.02800000000002,2847.38393815443
9.02900000000022,2958.10038096584
9.0300000000002,3079.38833337656
9.03100000000018,3205.92009794676
9.03200000000015,3332.71933274181
9.03300000000013,3454.12466558425
9.03400000000011,3568.33859202981
9.03500000000008,3675.79339258196
9.03600000000006,3776.14787168525
9.03700000000003,3869.00994631203
9.03800000000001,3953.16053859556
9.03900000000021,4024.16312923929
9.04000000000019,4078.36944662041
9.04100000000017,4111.25597224084
9.04200000000014,4115.61487291935
9.04300000000012,4083.8467749302
9.0440000000001,4009.09638014074
9.04500000000007,3884.63957308545
9.04600000000005,3709.17840639055
9.04700000000003,3485.4515930735
9.048,3218.19302686495
9.04900000000021,2915.05852254798
9.05000000000018,2585.91795920996
9.05100000000016,2240.19135624016
9.05200000000013,1890.35274062843
9.05300000000011,1548.92401947398
9.05400000000009,1225.94839122804
9.05500000000006,929.86069107418
9.05600000000004,667.402498347131
9.05700000000002,441.979036612393
9.05800000000022,258.403861279757
9.0590000000002,120.73352872457
9.06000000000017,30.7365954408914
9.06100000000015,-10.8850926221335
9.06200000000013,-4.51458609105833
9.0630000000001,46.5539254514451
9.06400000000008,140.602483282004
9.06500000000005,274.84188927966
9.06600000000003,443.95116439688
9.06700000000001,641.290089209477
9.06800000000021,859.148514036621
9.06900000000019,1087.3254502545
9.07000000000016,1318.26401750499
9.07100000000014,1544.69268718642
9.07200000000012,1758.77545835561
9.07300000000009,1953.56802196244
9.07400000000007,2123.381288122
9.07500000000005,2262.26952308665
9.07600000000002,2369.02544822734
9.07700000000023,2444.22549878571
9.0780000000002,2489.04413774025
9.07900000000018,2506.07045691805
9.08000000000015,2499.05032140974
9.08100000000013,2470.75450964147
9.08200000000011,2427.51844991408
9.08300000000008,2375.6528857887
9.08400000000006,2320.1476494611
9.08500000000004,2265.32104782848
9.08600000000001,2214.62873675822
9.08700000000022,2168.6961206883
9.08800000000019,2130.51169666825
9.08900000000017,2101.89462447933
9.09000000000015,2082.85462220747
9.09100000000012,2072.68738977235
9.0920000000001,2070.17179543036
9.09300000000007,2071.60832170237
9.09400000000005,2077.14631565098
9.09500000000003,2086.29126056836
9.096,2097.43967827525
9.09700000000021,2109.03776133823
9.09800000000018,2119.71522807397
9.09900000000016,2125.96964688419
9.10000000000014,2129.30237898018
9.10100000000011,2130.59994247492
9.10200000000009,2129.76688793995
9.10300000000007,2126.84915841018
9.10400000000004,2122.06283933106
9.10500000000002,2113.32948137134
9.10600000000022,2103.46531049997
9.1070000000002,2094.17603833933
9.10800000000017,2085.82607417711
9.10900000000015,2078.47300527005
9.11000000000013,2071.92215572205
9.1110000000001,2063.86609196112
9.11200000000008,2055.49665441685
9.11300000000006,2047.3174899366
9.11400000000003,2039.07418628789
9.11500000000001,2030.53410417183
9.11600000000021,2021.54673262822
9.11700000000019,2010.82166868294
9.11800000000017,1999.22478966943
9.11900000000014,1987.76806298502
9.12000000000012,1977.22762332023
9.12100000000009,1968.33658450573
9.12200000000007,1961.60642819238
9.12300000000005,1956.13685629363
9.12400000000002,1952.21183810935
9.125,1949.99982518687
9.1260000000002,1949.29952442742
9.12700000000018,1949.8074193757
9.12800000000016,1951.12151903945
9.12900000000013,1951.31117711591
9.13000000000011,1950.94356659327
9.13100000000009,1950.3301214431
9.13200000000006,1949.51315146497
9.13300000000004,1948.58404278873
9.13400000000001,1947.5953595467
9.13500000000022,1944.51727660438
9.13600000000019,1940.98187462969
9.13700000000017,1937.49653597126
9.13800000000015,1933.91132952146
9.13900000000012,1930.01342272944
9.1400000000001,1925.60484208642
9.14100000000008,1918.43065794696
9.14200000000005,1910.60011964285
9.14300000000003,1903.0744581224
9.14400000000001,1896.29944119472
9.14500000000021,1890.68267076298
9.14600000000019,1886.53404248189
9.14700000000016,1881.95702966842
9.14800000000014,1878.93017924511
9.14900000000011,1878.00650367649
9.15000000000009,1879.05116939093
9.15100000000007,1881.73300244761
9.15200000000004,1885.57998674266
9.15300000000002,1888.0097344453
9.15400000000022,1890.47280439554
9.1550000000002,1893.19840014257
9.15600000000018,1896.04218365889
9.15700000000015,1898.88594619047
9.15800000000013,1901.61771566377
9.15900000000011,1902.03666607458
9.16000000000008,1902.10006338418
9.16100000000006,1902.34272271736
9.16200000000003,1902.87495379716
9.16300000000001,1903.76366913692
9.16400000000021,1905.03899187513
9.16500000000019,1904.60025664437
9.16600000000017,1904.57674371974
9.16700000000014,1905.53450509329
9.16800000000012,1907.58314957164
9.1690000000001,1910.68183733876
9.17000000000007,1914.62123324696
9.17100000000005,1916.9224163566
9.17200000000003,1919.30401200878
9.173,1921.83534934492
9.17400000000021,1924.25841561752
9.17500000000018,1926.34396700194
9.17600000000016,1927.93484211166
9.17700000000013,1926.8506627633
9.17800000000011,1925.36677426293
9.17900000000009,1924.15321520163
9.18000000000006,1923.5824433385
9.18100000000004,1923.90893784257
9.18200000000002,1925.20171102568
9.18300000000022,1925.18815774206
9.1840000000002,1925.79485949216
9.18500000000017,1927.07063540726
9.18600000000015,1928.74005773729
9.18700000000013,1930.49799672465
9.1880000000001,1932.07541906383
9.18900000000008,1931.15722810063
9.19000000000005,1929.99531752333
9.19100000000003,1929.11370312338
9.19200000000001,1928.86118401671
9.19300000000021,1929.51404640179
9.19400000000019,1931.19510773867
9.19500000000016,1931.68780615884
9.19600000000014,1933.07145401986
9.19700000000012,1935.33270542392
9.19800000000009,1938.1592939763
9.19900000000007,1941.16435387404
9.20000000000005,1943.96318365015
9.20100000000002,1944.09504344697
9.20200000000023,1943.78305787555
9.2030000000002,1943.37700275151
9.20400000000018,1943.16441759958
9.20500000000015,1943.41131765837
9.20600000000013,1944.2776809836
9.20700000000011,1943.59077279476
9.20800000000008,1943.60193867555
9.20900000000006,1944.30254652883
9.21000000000004,1945.420170868
9.21100000000001,1946.55569263063
9.21200000000022,1947.254107101
9.21300000000019,1944.87685359171
9.21400000000017,1941.6375086328
9.21500000000015,1937.71742543731
9.21600000000012,1933.36991382833
9.2170000000001,1928.92528144105
9.21800000000007,1924.72123873249
9.21900000000005,1918.74664783826
9.22000000000003,1913.82376831927
9.221,1910.30966216528
9.22200000000021,1908.34635861142
9.22300000000018,1907.86536068031
9.22400000000016,1908.56483143472
9.22500000000014,1907.74285735203
9.22600000000011,1907.57341088773
9.22700000000009,1907.89574449734
9.22800000000007,1908.54425820288
9.22900000000004,1909.3786163015
9.23000000000002,1910.20816690696
9.23100000000022,1908.68372100586
9.2320000000002,1907.38294352383
9.23300000000017,1906.56723912243
9.23400000000015,1906.42767144708
9.23500000000013,1907.05435928787
9.2360000000001,1908.29008325118
9.23700000000008,1907.76182911731
9.23800000000006,1907.76066503693
9.23900000000003,1908.1783543646
9.24000000000001,1908.78438122441
9.24100000000021,1909.26486713605
9.24200000000019,1909.11156905241
9.24300000000017,1905.87931802237
9.24400000000014,1901.80439888335
9.24500000000012,1896.96422274072
9.24600000000009,1891.48842104852
9.24700000000007,1885.55873650043
9.24800000000005,1879.20533174683
9.24900000000002,1870.64856758367
9.25,1862.58153640158
9.2510000000002,1855.43661937507
9.25200000000018,1849.51063599564
9.25300000000016,1844.94698883572
9.25400000000013,1841.51329838881
9.25500000000011,1837.14757997626
9.25600000000009,1834.01305523721
9.25700000000006,1832.04353376933
9.25800000000004,1831.09256076289
9.25900000000001,1830.97706137308
9.26000000000022,1831.26271015956
9.26100000000019,1829.98711803787
9.26200000000017,1829.37917987313
9.26300000000015,1829.57475990239
9.26400000000012,1830.65989371603
9.2650000000001,1832.6626862448
9.26600000000008,1835.27042924653
9.26700000000005,1836.68986589122
9.26800000000003,1839.10244896669
9.26900000000001,1842.59634083715
9.27000000000021,1847.2023376086
9.27100000000019,1852.92496067013
9.27200000000016,1859.45396388789
9.27300000000014,1865.16728576646
9.27400000000011,1872.35186449629
9.27500000000009,1881.2294639685
9.27600000000007,1891.90309468281
9.27700000000004,1904.33157494111
9.27800000000002,1917.97485930191
9.27900000000022,1930.94275208576
9.2800000000002,1944.92796028839
9.28100000000018,1959.53661615629
9.28200000000015,1974.25590988821
9.28300000000013,1988.52565974753
9.28400000000011,2001.44752490883
9.28500000000008,2011.15049035863
9.28600000000006,2019.40772027279
9.28700000000003,2026.19832615932
9.28800000000001,2031.54051817136
9.28900000000021,2035.47544923207
9.29000000000019,2037.65654582091
9.29100000000017,2036.77612285658
9.29200000000014,2034.90656253529
9.29300000000012,2032.21192972731
9.2940000000001,2028.77066536257
9.29500000000007,2024.61172573875
9.29600000000005,2019.33536901566
9.29700000000003,2011.72335306505
9.298,2003.89754201777
9.29900000000021,1996.17536277678
9.30000000000018,1988.82750067919
9.30100000000016,1982.06285829252
9.30200000000013,1975.56332180545
9.30300000000011,1968.1778454429
9.30400000000009,1961.81617559044
9.30500000000006,1956.46759043089
9.30600000000004,1951.94952952386
9.30700000000002,1947.9492261049
9.30800000000022,1943.6066365555
9.3090000000002,1937.41015824424
9.31000000000017,1930.89648014801
9.31100000000015,1923.91212639738
9.31200000000013,1916.3178150402
9.3130000000001,1908.0176242018
9.31400000000008,1898.48667294434
9.31500000000005,1886.74417234855
9.31600000000003,1874.77462084455
9.31700000000001,1862.93130927199
9.31800000000021,1851.54297785226
9.31900000000019,1840.90597427943
9.32000000000016,1830.75536984223
9.32100000000014,1820.33822097493
9.32200000000012,1811.62118035805
9.32300000000009,1804.82855951539
9.32400000000007,1800.01311565123
9.32500000000005,1797.05763065965
9.32600000000002,1795.13781631034
9.32700000000023,1792.9521745592
9.3280000000002,1791.78044272949
9.32900000000018,1791.20156858907
9.33000000000015,1790.69389642315
9.33100000000013,1789.694913313
9.33200000000011,1787.09178378925
9.33300000000008,1781.62031764317
9.33400000000006,1774.69940030064
9.33500000000004,1766.30784808513
9.33600000000001,1756.52558445576
9.33700000000022,1745.54963438883
9.33800000000019,1733.08656125689
9.33900000000017,1718.81063328272
9.34000000000015,1704.92862810996
9.34100000000012,1692.0495844294
9.3420000000001,1680.65020836692
9.34300000000007,1671.04586396358
9.34400000000005,1662.72267092638
9.34500000000003,1654.96648242839
9.346,1649.347507957
9.34700000000021,1645.68290319719
9.34800000000018,1643.62199776457
9.34900000000016,1642.71930516997
9.35000000000014,1641.81191349723
9.35100000000011,1639.84281444247
9.35200000000009,1638.19812609665
9.35300000000007,1636.7200894329
9.35400000000004,1635.23884258053
9.35500000000002,1633.58422506934
9.35600000000022,1630.86692488008
9.3570000000002,1626.37938009345
9.35800000000017,1621.74989926917
9.35900000000015,1617.05621809349
9.36000000000013,1612.34372358151
9.3610000000001,1607.65407987035
9.36200000000008,1602.29023959805
9.36300000000006,1595.82693380843
9.36400000000003,1590.06181287301
9.36500000000001,1585.24088320339
9.36600000000021,1581.48872524622
9.36700000000019,1578.79937475511
9.36800000000017,1576.25928158145
9.36900000000014,1573.18807291303
9.37000000000012,1570.94827212779
9.37100000000009,1569.39308980278
9.37200000000007,1568.33430274618
9.37300000000005,1567.60013906229
9.37400000000002,1566.26677115007
9.375,1563.90312989703
9.3760000000002,1562.15548116357
9.37700000000018,1561.24394948699
9.37800000000016,1561.27812791245
9.37900000000013,1562.21038478315
9.38000000000011,1562.96874689988
9.38100000000009,1562.79131510072
9.38200000000006,1562.71141774855
9.38300000000004,1562.29212051631
9.38400000000001,1561.03682313345
9.38500000000022,1558.48556933758
9.38600000000019,1553.46029109482
9.38700000000017,1545.55636947041
9.38800000000015,1536.39184763725
9.38900000000012,1526.48591781204
9.3900000000001,1516.47557746009
9.39100000000008,1507.0434973461
9.39200000000005,1498.00143860724
9.39300000000003,1489.69519171866
9.39400000000001,1483.84571869373
9.39500000000021,1480.67117462406
9.39600000000019,1480.069484775
9.39700000000016,1481.66285706629
9.39800000000014,1484.05822462292
9.39900000000011,1486.49073414666
9.40000000000009,1489.60682374106
9.40100000000007,1492.96466473568
9.40200000000004,1496.21934037912
9.40300000000002,1499.17658626322
9.40400000000022,1500.98663740274
9.4050000000002,1501.73634704566
9.40600000000018,1502.92516817055
9.40700000000015,1504.96924811272
9.40800000000013,1508.18316133931
9.40900000000011,1512.72543443972
9.41000000000008,1517.73289508365
9.41100000000006,1523.00831280886
9.41200000000003,1529.39636145456
9.41300000000001,1536.56537978647
9.41400000000021,1544.08998933181
9.41500000000019,1551.53330286303
9.41600000000017,1557.66988026907
9.41700000000014,1562.30538262472
9.41800000000012,1566.4628725242
9.4190000000001,1570.2352307288
9.42000000000007,1573.72502395219
9.42100000000005,1577.01223863295
9.42200000000003,1579.27178703009
9.423,1580.60885822399
9.42400000000021,1582.07992970228
9.42500000000018,1583.73483336261
9.42600000000016,1585.59427234723
9.42700000000013,1587.70513404248
9.42800000000011,1589.30949671145
9.42900000000009,1590.78197024431
9.43000000000006,1593.46869145075
9.43100000000004,1597.76352589368
9.43200000000002,1603.9255168843
9.43300000000022,1612.00475530813
9.4340000000002,1620.88824120988
9.43500000000017,1630.29795334765
9.43600000000015,1640.52258456751
9.43700000000013,1650.7127003507
9.4380000000001,1659.84654968856
9.43900000000008,1666.85451239873
9.44000000000005,1669.81690314103
9.44100000000003,1668.20866003066
9.44200000000001,1662.54150019719
9.44300000000021,1652.71682329991
9.44400000000019,1638.86655469789
9.44500000000016,1621.32287427413
9.44600000000014,1599.59404537727
9.44700000000012,1574.60959759727
9.44800000000009,1548.12153698591
9.44900000000007,1521.04710979318
9.45000000000005,1494.28333322792
9.45100000000002,1468.68386095349
9.45200000000023,1443.88063606807
9.4530000000002,1420.89367840143
9.45400000000018,1401.47413137604
9.45500000000015,1386.24550759179
9.45600000000013,1375.50235281091
9.45700000000011,1369.12539844436
9.45800000000008,1365.07116098632
9.45900000000006,1362.74730748707
9.46000000000004,1362.4587205749
9.46100000000001,1363.38821745843
9.46200000000022,1364.72966357721
9.46300000000019,1365.74841361854
9.46400000000017,1364.04946703239
9.46500000000015,1359.61980626563
9.46600000000012,1353.99213140994
9.4670000000001,1347.79178997815
9.46800000000007,1341.72537739916
9.46900000000005,1336.37320866429
9.47000000000003,1330.58303759002
9.471,1324.77881217528
9.47200000000021,1319.82954890426
9.47300000000018,1315.46456011951
9.47400000000016,1311.32547646333
9.47500000000014,1307.11114682778
9.47600000000011,1302.06024198991
9.47700000000009,1296.81355975206
9.47800000000007,1292.05210430933
9.47900000000004,1287.95005861998
9.48000000000002,1284.61312742336
9.48100000000022,1282.06892341353
9.4820000000002,1279.75022311489
9.48300000000017,1278.16543383594
9.48400000000015,1277.50753507486
9.48500000000013,1277.44015283011
9.4860000000001,1277.62501559463
9.48700000000008,1277.84419257492
9.48800000000006,1277.53833981628
9.48900000000003,1277.510604951
9.49000000000001,1278.35189397615
9.49100000000021,1280.15050929292
9.49200000000019,1282.86511758205
9.49300000000017,1286.3471480058
9.49400000000014,1289.80540608539
9.49500000000012,1293.68891048564
9.49600000000009,1298.1084015403
9.49700000000007,1302.73341524722
9.49800000000005,1307.3208490973
9.49900000000002,1311.86389729551
9.5,1315.61508469975
9.5010000000002,1320.2147725731
9.50200000000018,1327.64980198071
9.50300000000016,1339.63785501358
9.50400000000013,1358.0860816233
9.50500000000011,1384.91904659689
9.50600000000009,1420.46474808392
9.50700000000006,1467.04408427791
9.50800000000004,1526.4666943766
9.50900000000001,1599.235369114
9.51000000000022,1685.16645135221
9.51100000000019,1783.44388351019
9.51200000000017,1891.45416349832
9.51300000000015,2008.49868780276
9.51400000000012,2133.69313036392
9.5150000000001,2265.55584279753
9.51600000000008,2402.52485074822
9.51700000000005,2542.73508888715
9.51800000000003,2682.45133129567
9.51900000000001,2818.86009917431
9.52000000000021,2947.37263299318
9.52100000000019,3060.99213258255
9.52200000000016,3150.81514049307
9.52300000000014,3206.47010441881
9.52400000000011,3215.79629315275
9.52500000000009,3169.58090565132
9.52600000000007,3060.72520316924
9.52700000000004,2885.56848131267
9.52800000000002,2645.63941423763
9.52900000000022,2348.36582551813
9.5300000000002,2005.72020747604
9.53100000000018,1636.86638820975
9.53200000000015,1263.84535189482
9.53300000000013,909.047157742548
9.53400000000011,593.0379101107
9.53500000000008,332.072517911577
9.53600000000006,134.84754287583
9.53700000000003,5.08871687722142
9.53800000000001,-61.1741878284125
9.53900000000021,-74.68953157837
9.54000000000019,-50.7037274754415
9.54100000000017,-6.55385600508588
9.54200000000014,39.6046214298197
9.54300000000012,74.8316966816513
9.5440000000001,90.3781124587158
9.54500000000007,82.6548763046029
9.54600000000005,53.6710642206437
9.54700000000003,10.247066068799
9.548,-38.7267857811588
9.54900000000021,-80.2997013165788
9.55000000000018,-102.245077582811
9.55100000000016,-94.6046195462113
9.55200000000013,-50.5909076950734
9.55300000000011,32.6668261376299
9.55400000000009,152.581866255351
9.55500000000006,305.372301886937
9.55600000000004,483.695567870775
9.55700000000002,677.869078773069
9.55800000000022,877.312153395522
9.5590000000002,1071.59911574813
9.56000000000017,1249.96027006107
9.56100000000015,1406.06135505242
9.56200000000013,1535.10680810696
9.5630000000001,1634.31726815152
9.56400000000008,1703.1535636664
9.56500000000005,1743.01176780701
9.56600000000003,1755.30437962481
9.56700000000001,1745.34664395303
9.56800000000021,1718.23434161663
9.56900000000019,1678.87196894666
9.57000000000016,1631.93953845837
9.57100000000014,1581.63699960635
9.57200000000012,1529.82734408814
9.57300000000009,1481.09686159892
9.57400000000007,1438.23223841925
9.57500000000005,1402.96740193552
9.57600000000002,1376.36052455795
9.57700000000023,1358.82723584512
9.5780000000002,1348.11386337948
9.57900000000018,1345.7456893118
9.58000000000015,1351.10402661302
9.58100000000013,1362.71194476295
9.58200000000011,1378.80321776366
9.58300000000008,1397.52311284071
9.58400000000006,1414.74598171188
9.58500000000004,1431.73205286149
9.58600000000001,1447.90620410475
9.58700000000022,1462.51131823885
9.58800000000019,1475.0573683727
9.58900000000017,1485.31589872976
9.59000000000015,1491.2510159668
9.59100000000012,1495.17780818457
9.5920000000001,1497.74903504932
9.59300000000007,1499.19611535269
9.59400000000005,1499.60236803936
9.59500000000003,1498.93110205198
9.596,1495.88260582633
9.59700000000021,1491.32736612434
9.59800000000018,1485.77590021548
9.59900000000016,1479.78991709497
9.60000000000014,1473.99824331817
9.60100000000011,1468.9660403259
9.60200000000009,1463.94442647204
9.60300000000007,1459.94481384394
9.60400000000004,1457.4448267331
9.60500000000002,1456.72699527397
9.60600000000022,1457.90202034515
9.6070000000002,1460.84988697531
9.60800000000017,1464.00345132398
9.60900000000015,1467.70334881732
9.61000000000013,1471.80424014867
9.6110000000001,1476.15917002789
9.61200000000008,1480.6732345377
9.61300000000006,1485.26093308317
9.61400000000003,1488.54799863605
9.61500000000001,1491.42620458562
9.61600000000021,1494.31581735541
9.61700000000019,1497.67109639358
9.61800000000017,1501.9216008058
9.61900000000014,1507.3360681472
9.62000000000012,1512.15700739642
9.62100000000009,1517.95391753117
9.62200000000007,1524.71066449955
9.62300000000005,1532.19585924499
9.62400000000002,1540.09205900137
9.625,1548.03410606548
9.6260000000002,1553.53996143413
9.62700000000018,1558.64738272396
9.62800000000016,1563.4936564566
9.62900000000013,1568.17976653888
9.63000000000011,1572.80960520499
9.63100000000009,1577.44137470187
9.63200000000006,1579.967444458
9.63300000000004,1582.60098346989
9.63400000000001,1585.54463316795
9.63500000000022,1588.88538826052
9.63600000000019,1592.6321604831
9.63700000000017,1596.71223821993
9.63800000000015,1598.9431748457
9.63900000000012,1601.37775182837
9.6400000000001,1604.18558844477
9.64100000000008,1607.50342252256
9.64200000000005,1611.39351066143
9.64300000000003,1615.76087316655
9.64400000000001,1618.36414573939
9.64500000000021,1621.14569010662
9.64600000000019,1624.09832633096
9.64700000000016,1627.20187452678
9.64800000000014,1630.45068823426
9.64900000000011,1633.79497866117
9.65000000000009,1635.25474839791
9.65100000000007,1637.20531168791
9.65200000000004,1640.10191987282
9.65300000000002,1644.36319038042
9.65400000000022,1650.29810175765
9.6550000000002,1657.93247571652
9.65600000000018,1665.20426150203
9.65700000000015,1674.06152964114
9.65800000000013,1684.35806056378
9.65900000000011,1695.81262781616
9.66000000000008,1708.0572077968
9.66100000000006,1720.54955339958
9.66200000000003,1730.98264034065
9.66300000000001,1741.20062282163
9.66400000000021,1751.23727234704
9.66500000000019,1761.15806181362
9.66600000000017,1771.00643563755
9.66700000000014,1780.58039088016
9.66800000000012,1787.86724981755
9.6690000000001,1794.79205936928
9.67000000000007,1801.34298468863
9.67100000000005,1807.44983591671
9.67200000000003,1813.010351097
9.673,1817.7168551777
9.67400000000021,1819.64900343773
9.67500000000018,1820.99130533738
9.67600000000016,1822.13471750884
9.67700000000013,1823.50415986776
9.67800000000011,1825.49260471408
9.67900000000009,1828.1542857224
9.68000000000006,1829.83290663373
9.68100000000004,1832.67137415731
9.68200000000002,1836.78601374054
9.68300000000022,1842.12675363982
9.6840000000002,1848.49501265348
9.68500000000017,1855.3069657362
9.68600000000015,1860.44322834808
9.68700000000013,1865.71010205116
9.6880000000001,1871.09717424087
9.68900000000008,1876.64047975088
9.69000000000005,1882.40298244139
9.69100000000003,1888.13244699309
9.69200000000001,1892.12861478307
9.69300000000021,1896.59102015654
9.69400000000019,1901.78346176679
9.69500000000016,1907.87863172883
9.69600000000014,1914.92515995504
9.69700000000012,1922.47083080682
9.69800000000009,1928.54558012826
9.69900000000007,1935.05484597048
9.70000000000005,1941.91564037989
9.70100000000002,1948.96477706434
9.70200000000023,1955.95528032931
9.7030000000002,1962.15954568522
9.70400000000018,1965.47761040422
9.70500000000015,1967.82506185253
9.70600000000013,1969.24214950878
9.70700000000011,1969.82634625399
9.70800000000008,1969.71573089468
9.70900000000006,1968.6137127179
9.71000000000004,1964.95932255776
9.71100000000001,1961.21613824514
9.71200000000022,1957.87903900715
9.71300000000019,1955.36215050866
9.71400000000017,1953.93520205083
9.71500000000015,1953.18686596303
9.71600000000012,1951.34780048234
9.7170000000001,1950.50791227791
9.71800000000007,1950.73993542288
9.71900000000005,1952.07556533563
9.72000000000003,1954.51832125298
9.721,1957.509913865
9.72200000000021,1959.41035510669
9.72300000000018,1962.50336213597
9.72400000000016,1967.08991764736
9.72500000000014,1973.37149042076
9.72600000000011,1981.37186908848
9.72700000000009,1990.29282761656
9.72800000000007,1998.13007696539
9.72900000000004,2006.58166804023
9.73000000000002,2015.25019942753
9.73100000000022,2023.66404883007
9.7320000000002,2031.33399057175
9.73300000000017,2037.17586784495
9.73400000000015,2039.34938829031
9.73500000000013,2040.01998147663
9.7360000000001,2039.55400033358
9.73700000000008,2038.43227618897
9.73800000000006,2037.16891726859
9.73900000000003,2035.55708914013
9.74000000000001,2032.55424292224
9.74100000000021,2030.72617537728
9.74200000000019,2030.5827361051
9.74300000000017,2032.49240768062
9.74400000000014,2036.6723102315
9.74500000000012,2042.47555819916
9.74600000000009,2048.51299423851
9.74700000000007,2056.93187038214
9.74800000000005,2067.87353863552
9.74900000000002,2081.35239079123
9.75,2097.21321187668
9.7510000000002,2114.33818233247
9.75200000000018,2130.92361834194
9.75300000000016,2148.61659382475
9.75400000000013,2167.08631292286
9.75500000000011,2185.97828238535
9.75600000000009,2204.95171297004
9.75700000000006,2222.89534397084
9.75800000000004,2238.39282793643
9.75900000000001,2253.64323319996
9.76000000000022,2269.01980854639
9.76100000000019,2284.89620917559
9.76200000000017,2301.54818818536
9.76300000000015,2318.19931763421
9.76400000000012,2333.58267937794
9.7650000000001,2349.62942306726
9.76600000000008,2366.16623706304
9.76700000000005,2382.83271480696
9.76800000000003,2399.12188968536
9.76900000000001,2413.52318264501
9.77000000000021,2424.37954283141
9.77100000000019,2433.45807464326
9.77200000000016,2440.77386264468
9.77300000000014,2446.45345401041
9.77400000000011,2450.69484966999
9.77500000000009,2452.75282927912
9.77600000000007,2451.85452237556
9.77700000000004,2450.49659487155
9.77800000000002,2449.30311941004
9.77900000000022,2448.82963193884
9.7800000000002,2449.50978351296
9.78100000000018,2450.60507984857
9.78200000000015,2451.30155527294
9.78300000000013,2453.75962444364
9.78400000000011,2458.15351856306
9.78500000000008,2464.45220367922
9.78600000000006,2472.39073857132
9.78700000000003,2480.41937527444
9.78800000000001,2487.03611965348
9.78900000000021,2493.63564231611
9.79000000000019,2499.79545501604
9.79100000000017,2505.10754936518
9.79200000000014,2509.2170386492
9.79300000000012,2510.74797293771
9.7940000000001,2508.82807064532
9.79500000000007,2505.6677660168
9.79600000000005,2501.83410933805
9.79700000000003,2497.95456427861
9.798,2494.62395545671
9.79900000000021,2491.16204676537
9.80000000000018,2487.22615842837
9.80100000000016,2485.10993507635
9.80200000000013,2485.15960642628
9.80300000000011,2487.49667975454
9.80400000000009,2492.00978064886
9.80500000000006,2497.17862598886
9.80600000000004,2501.96409289205
9.80700000000002,2507.92756344713
9.80800000000022,2514.88907654183
9.8090000000002,2522.63930500004
9.81000000000017,2530.92928074313
9.81100000000015,2538.21086345412
9.81200000000013,2543.68909488782
9.8130000000001,2549.11700805837
9.81400000000008,2554.53022847458
9.81500000000005,2559.91659212961
9.81600000000003,2565.19776970344
9.81700000000001,2568.91141403469
9.81800000000021,2570.52985260107
9.81900000000019,2572.00969551451
9.82000000000016,2573.6349760342
9.82100000000014,2575.70727716747
9.82200000000012,2578.52328419429
9.82300000000009,2580.9538405611
9.82400000000007,2582.95989950414
9.82500000000005,2586.80200359694
9.82600000000002,2592.88881953354
9.82700000000023,2601.4080988013
9.8280000000002,2612.2667947364
9.82900000000018,2623.58331875371
9.83000000000015,2634.52179561776
9.83100000000013,2646.32547644023
9.83200000000011,2658.34526780942
9.83300000000008,2669.82187572436
9.83400000000006,2679.96230051547
9.83500000000004,2686.47118712986
9.83600000000001,2688.69617424921
9.83700000000022,2688.40533862074
9.83800000000019,2685.88208292275
9.83900000000017,2681.59377524772
9.84000000000015,2676.12831917743
9.84100000000012,2668.5102182068
9.8420000000001,2659.39567405802
9.84300000000007,2651.44574255498
9.84400000000005,2645.48922657252
9.84500000000003,2642.10979218531
9.846,2641.58847410599
9.84700000000021,2642.19936039026
9.84800000000018,2643.74319235019
9.84900000000016,2647.75909001493
9.85000000000014,2653.93316090129
9.85100000000011,2661.77775249499
9.85200000000009,2670.66513584958
9.85300000000007,2678.12491927253
9.85400000000004,2683.65029096778
9.85500000000002,2688.61796283999
9.85600000000022,2692.84210525413
9.8570000000002,2696.19270134378
9.85800000000017,2698.58160956813
9.85900000000015,2698.16778168199
9.86000000000013,2695.26477225153
9.8610000000001,2691.89725594349
9.86200000000008,2688.51064147777
9.86300000000006,2685.47796055031
9.86400000000003,2683.04824219507
9.86500000000001,2679.51846431469
9.86600000000021,2675.28627327168
9.86700000000019,2672.11352116835
9.86800000000017,2670.13171758246
9.86900000000014,2669.34232458017
9.87000000000012,2669.62726201392
9.87100000000009,2668.95725002878
9.87200000000007,2667.63466090897
9.87300000000005,2667.23458435858
9.87400000000002,2667.85243453362
9.875,2669.53284852214
9.8760000000002,2672.25940433186
9.87700000000018,2674.11902437371
9.87800000000016,2675.67473542881
9.87900000000013,2678.56600544919
9.88000000000011,2682.97818892529
9.88100000000009,2689.011625999
9.88200000000006,2696.66836859484
9.88300000000004,2703.97271888548
9.88400000000001,2711.50531756276
9.88500000000022,2720.68863484203
9.88600000000019,2731.44010475676
9.88700000000017,2743.48958256845
9.88800000000015,2756.38325023279
9.88900000000012,2767.59074209543
9.8900000000001,2777.3370915907
9.89100000000008,2786.66308882402
9.89200000000005,2795.34307114521
9.89300000000003,2803.24098575171
9.89400000000001,2810.34569355027
9.89500000000021,2814.80002795191
9.89600000000019,2817.87607695838
9.89700000000016,2821.55855948322
9.89800000000014,2826.48734475281
9.89900000000011,2833.12151697728
9.90000000000009,2841.65376194296
9.90100000000007,2849.957007257
9.90200000000004,2858.72766278017
9.90300000000002,2868.89887359907
9.90400000000022,2879.95867346029
9.9050000000002,2891.25732746793
9.90600000000018,2902.11204440874
9.90700000000015,2909.8734305336
9.90800000000013,2915.26552584546
9.90900000000011,2919.52384603303
9.91000000000008,2922.81069055825
9.91100000000006,2925.30110009507
9.91200000000003,2927.10358207433
9.91300000000001,2926.11179135757
9.91400000000021,2923.45678452722
9.91500000000019,2920.30514636052
9.91600000000017,2916.51276150244
9.91700000000014,2911.79091564808
9.91800000000012,2905.77686612498
9.9190000000001,2895.92262643282
9.92000000000007,2883.38992414394
9.92100000000005,2869.54974150818
9.92200000000003,2854.74040124932
9.923,2839.31624759555
9.92400000000021,2823.58114562195
9.92500000000018,2805.24901133467
9.92600000000016,2785.98514851556
9.92700000000013,2767.41366064422
9.92800000000011,2749.86756156812
9.92900000000009,2733.50265377864
9.93000000000006,2718.28306325095
9.93100000000004,2701.12258335474
9.93200000000002,2683.52502979385
9.93300000000022,2667.08933869061
9.9340000000002,2652.26025649706
9.93500000000017,2639.46906571007
9.93600000000015,2629.02908728636
9.93700000000013,2618.04374007975
9.9380000000001,2608.32496964364
9.93900000000008,2601.39767985071
9.94000000000005,2597.41447393927
9.94100000000003,2596.2765171587
9.94200000000001,2597.59292664375
9.94300000000021,2598.08254022925
9.94400000000019,2598.75667890452
9.94500000000016,2600.08535806602
9.94600000000014,2601.51739493652
9.94700000000012,2602.54450897253
9.94800000000009,2602.76642711817
9.94900000000007,2600.21131300391
9.95000000000005,2596.43353826592
9.95100000000002,2592.18994313461
9.95200000000023,2587.4895596398
9.9530000000002,2582.31774267375
9.95400000000018,2576.70924137227
9.95500000000015,2569.70871792573
9.95600000000013,2563.0345654972
9.95700000000011,2557.24893155967
9.95800000000008,2552.21495336218
9.95900000000006,2547.66784861978
9.96000000000004,2543.34632842963
9.96100000000001,2537.63639537621
9.96200000000022,2532.26874560327
9.96300000000019,2527.89505169188
9.96400000000017,2524.52582053637
9.96500000000015,2522.07939839359
9.96600000000012,2520.41133965879
9.9670000000001,2517.00251518467
9.96800000000007,2513.92974687642
9.96900000000005,2512.11212946445
9.97000000000003,2511.77050112938
9.971,2513.17862753064
9.97200000000021,2516.72690543232
9.97300000000018,2520.27391319967
9.97400000000016,2527.14309057423
9.97500000000014,2539.60799172997
9.97600000000011,2559.425401014
9.97700000000009,2588.46444518338
9.97800000000007,2628.5569342356
9.97900000000004,2678.66077826272
9.98000000000002,2742.43372937767
9.98100000000022,2821.35961367951
9.9820000000002,2915.30646172757
9.98300000000017,3023.03585838766
9.98400000000015,3142.17242937097
9.98500000000013,3266.77120492523
9.9860000000001,3395.07544576129
9.98700000000008,3523.21140769556
9.98800000000006,3646.46791254962
9.98900000000003,3760.21182674064
9.99000000000001,3860.18604545736
9.99100000000021,3940.16532946505
9.99200000000019,3999.66935790071
9.99300000000017,4037.15914891164
9.99400000000014,4050.95235182896
9.99500000000012,4039.52278106464
9.99600000000009,4001.30668794813
9.99700000000007,3932.01343744928
9.99800000000005,3832.42593753687
9.99900000000002,3701.64060203381
10,3538.58793823689
10.0010000000002,3342.86751063669
10.0020000000002,3115.13866500673
10.0030000000002,2854.86714523836
10.0040000000001,2568.42946217803
10.0050000000001,2262.05604205361
10.0060000000001,1943.11231891985
10.0070000000001,1620.2302973134
10.008,1302.89875169581
10.009,998.373128056785
10.0100000000002,719.158387766041
10.0110000000002,475.180156319144
10.0120000000002,274.915073200461
10.0130000000001,125.364627986936
10.0140000000001,31.7075347510477
10.0150000000001,-5.61046551857302
10.0160000000001,16.915183414538
10.0170000000001,98.158968494352
10.018,234.017437833155
10.019,417.794999517589
10.0200000000002,640.451094122604
10.0210000000002,888.450139112328
10.0220000000002,1152.48677631085
10.0230000000001,1420.64158768264
10.0240000000001,1681.13786261528
10.0250000000001,1923.46700826006
10.0260000000001,2139.10603233668
10.027,2319.3857273355
10.028,2463.88078789889
10.0290000000002,2572.4662317771
10.0300000000002,2646.98722595598
10.0310000000002,2690.93053244143
10.0320000000002,2708.77634813276
10.0330000000001,2702.71506161686
10.0340000000001,2680.4652113913
10.0350000000001,2646.84060646005
10.0360000000001,2605.79227190756
10.037,2560.59249644399
10.038,2513.93407318807
10.0390000000002,2465.32539321172
10.0400000000002,2419.8767072947
10.0410000000002,2379.77902780746
10.0420000000001,2346.71620390951
10.0430000000001,2321.91280862247
10.0440000000001,2306.00329659917
10.0450000000001,2295.90999881613
10.046,2294.49221455689
10.047,2300.73274347503
10.048,2312.88201026916
10.0490000000002,2328.83327094796
10.0500000000002,2346.40887411925
10.0510000000002,2360.24124976062
10.0520000000001,2373.01982382026
10.0530000000001,2383.98377248563
10.0540000000001,2392.62963316856
10.0550000000001,2398.77723756712
10.056,2402.49825766648
10.057,2400.5300418131
10.0580000000002,2397.60264488587
10.0590000000002,2394.18978989009
10.0600000000002,2390.47292721712
10.0610000000001,2386.43935271429
10.0620000000001,2381.93471104173
10.0630000000001,2373.89451372803
10.0640000000001,2365.9729503094
10.0650000000001,2358.49734985161
10.066,2351.68625086672
10.067,2345.63441351425
10.0680000000002,2340.21588711909
10.0690000000002,2333.11341291232
10.0700000000002,2326.23824353615
10.0710000000001,2319.56631553075
10.0720000000001,2313.04001369689
10.0730000000001,2306.57785922599
10.0740000000001,2300.0152444688
10.075,2291.7197714759
10.076,2282.97638161916
10.0770000000002,2274.32413850914
10.0780000000002,2266.43393434246
10.0790000000002,2259.93029077766
10.0800000000002,2255.10556985021
10.0810000000001,2250.28111896778
10.0820000000001,2246.97076156328
10.0830000000001,2245.10433220699
10.0840000000001,2244.48782810896
10.085,2244.8334510436
10.086,2245.58430090397
10.0870000000002,2244.12930265916
10.0880000000002,2242.89893125382
10.0890000000002,2241.91122004605
10.0900000000001,2241.18990225552
10.0910000000001,2240.75997167073
10.0920000000001,2240.35240615523
10.0930000000001,2237.58774733624
10.0940000000001,2235.49314141956
10.095,2234.16689736117
10.096,2233.54578632895
10.0970000000002,2233.46048683491
10.0980000000002,2233.38729525441
10.0990000000002,2230.9125961153
10.1000000000001,2228.82286258756
10.1010000000001,2227.27923138731
10.1020000000001,2226.39346141589
10.1030000000001,2226.22176323538
10.104,2226.4176098187
10.105,2224.8362161926
10.1060000000002,2224.08784924262
10.1070000000002,2224.2288859757
10.1080000000002,2225.18327495703
10.1090000000002,2226.77130401641
10.1100000000001,2228.36861107987
10.1110000000001,2227.72908253499
10.1120000000001,2227.31208953837
10.1130000000001,2227.13463765325
10.114,2227.16665275331
10.115,2227.34294867324
10.1160000000002,2227.15179086884
10.1170000000002,2224.59295815611
10.1180000000002,2222.24463679358
10.1190000000001,2220.20353865625
10.1200000000001,2218.46498174903
10.1210000000001,2216.94870134663
10.1220000000001,2215.07668027556
10.123,2210.93255489866
10.124,2207.04633303331
10.125,2203.57812812814
10.1260000000002,2200.64036336142
10.1270000000002,2198.31141942092
10.1280000000002,2196.15599274576
10.1290000000001,2192.51910708976
10.1300000000001,2189.96751825162
10.1310000000001,2188.68598204912
10.1320000000001,2188.70632851557
10.133,2189.91041146274
10.134,2191.52578891859
10.1350000000002,2191.60996975267
10.1360000000002,2192.24430302198
10.1370000000002,2193.22053556641
10.1380000000001,2194.26385792254
10.1390000000001,2195.08641466129
10.1400000000001,2194.88764780653
10.1410000000001,2192.01074469431
10.1420000000001,2188.79996962905
10.143,2185.50606220162
10.144,2182.37323391356
10.1450000000002,2179.62196806574
10.1460000000002,2176.85381444339
10.1470000000002,2172.82202272712
10.1480000000001,2169.94363867079
10.1490000000001,2168.43941315148
10.1500000000001,2168.38157380322
10.1510000000001,2169.71506848654
10.152,2171.67815372136
10.153,2172.77441892929
10.1540000000002,2175.00593232793
10.1550000000002,2178.25407262927
10.1560000000002,2182.27408881815
10.1570000000002,2186.71685677815
10.1580000000001,2190.52064152631
10.1590000000001,2192.04803460289
10.1600000000001,2193.08506755433
10.1610000000001,2193.43679751027
10.162,2192.91002882088
10.163,2191.36051466254
10.1640000000002,2188.05137517045
10.1650000000002,2181.91634382076
10.1660000000002,2175.3210250134
10.1670000000001,2168.7036547013
10.1680000000001,2162.44298546611
10.1690000000001,2156.81885251439
10.1700000000001,2151.25735445652
10.171,2144.70931737037
10.172,2139.26051490061
10.173,2134.904640777
10.1740000000002,2131.47738607829
10.1750000000002,2128.71251231582
10.1760000000002,2125.53229926074
10.1770000000001,2120.64771978615
10.1780000000001,2116.03647441825
10.1790000000001,2111.79954491704
10.1800000000001,2108.03413254861
10.181,2104.81809865325
10.182,2101.3751733139
10.1830000000002,2096.75193144043
10.1840000000002,2093.05087103321
10.1850000000002,2090.38295900372
10.1860000000001,2088.71981645562
10.1870000000001,2087.91009769708
10.1880000000001,2086.85288722168
10.1890000000001,2084.37687152384
10.1900000000001,2082.30499200426
10.191,2080.57941045315
10.192,2079.08535127371
10.1930000000002,2077.6578499229
10.1940000000002,2075.1984157667
10.1950000000002,2070.68545092747
10.1960000000001,2065.98225077285
10.1970000000001,2061.11253194089
10.1980000000001,2056.04474206887
10.1990000000001,2050.70507137307
10.2,2044.0730793217
10.201,2035.35120054435
10.2020000000002,2026.4995687721
10.2030000000002,2017.6965596974
10.2040000000002,2009.06489273101
10.2050000000002,2000.67214811442
10.2060000000001,1991.59557549945
10.2070000000001,1981.22436708672
10.2080000000001,1971.50677003453
10.2090000000001,1962.64887813079
10.21,1954.79196058454
10.211,1948.02667418611
10.2120000000002,1941.44248216713
10.2130000000002,1934.57007417176
10.2140000000002,1929.34727807803
10.2150000000001,1926.0014797358
10.2160000000001,1924.65185995968
10.2170000000001,1925.30343278847
10.2180000000001,1926.85143393739
10.2190000000001,1928.67816155532
10.22,1932.38468764174
10.221,1937.86187497505
10.2220000000002,1944.89516519763
10.2230000000002,1953.19842804228
10.2240000000002,1961.41451613854
10.2250000000001,1968.88305805522
10.2260000000001,1977.15228622825
10.2270000000001,1986.17991248567
10.2280000000001,1995.87587655974
10.229,2006.10122096661
10.23,2015.61985793693
10.2310000000002,2023.95654390535
10.2320000000002,2032.64124742292
10.2330000000002,2041.63620855004
10.2340000000002,2050.83352585813
10.2350000000001,2060.07964541153
10.2360000000001,2068.13156956873
10.2370000000001,2074.65119745951
10.2380000000001,2081.21171659025
10.239,2087.90458835491
10.24,2094.75644413056
10.2410000000002,2101.72167135696
10.2420000000002,2107.57919280364
10.2430000000002,2112.04490215776
10.2440000000001,2116.57135050517
10.2450000000001,2121.12555349281
10.2460000000001,2125.59378350632
10.2470000000001,2129.80555671434
10.248,2132.44557889078
10.249,2133.28457032721
10.25,2133.72205190426
10.2510000000002,2133.76106063734
10.2520000000002,2133.33384476716
10.2530000000002,2132.30818109011
10.2540000000001,2129.35353698094
10.2550000000001,2124.32267750541
10.2560000000001,2118.61427828947
10.2570000000001,2112.30162973261
10.258,2105.44802581019
10.259,2098.12169676951
10.2600000000002,2089.20618121321
10.2610000000002,2078.90536342106
10.2620000000002,2068.887182627
10.2630000000001,2059.46752767409
10.2640000000001,2050.84612896409
10.2650000000001,2043.0846239504
10.2660000000001,2034.92821266845
10.2670000000001,2026.36842931103
10.268,2018.59308043392
10.269,2011.5159882196
10.2700000000002,2005.01673131811
10.2710000000002,1998.99649911132
10.2720000000002,1992.27093003946
10.2730000000001,1985.15709926001
10.2740000000001,1979.14485972624
10.2750000000001,1974.58837146801
10.2760000000001,1971.74675198554
10.277,1970.72132852528
10.278,1970.29677545486
10.2790000000002,1970.4791916522
10.2800000000002,1971.93871314471
10.2810000000002,1974.06787975927
10.2820000000002,1976.09227738692
10.2830000000001,1977.19759264665
10.2840000000001,1975.52777256008
10.2850000000001,1971.00774953627
10.2860000000001,1964.64963785848
10.287,1956.71910747012
10.288,1947.71369582524
10.2890000000002,1938.30728583324
10.2900000000002,1928.09134092721
10.2910000000002,1918.31455056768
10.2920000000001,1910.76899901872
10.2930000000001,1905.96484195676
10.2940000000001,1904.0544544232
10.2950000000001,1904.83062144059
10.296,1906.554525821
10.297,1909.01670047645
10.298,1912.38018395747
10.2990000000002,1915.66268430668
10.3000000000002,1917.81079941035
10.3010000000002,1917.84470062069
10.3020000000001,1913.7584029721
10.3030000000001,1905.82859938409
10.3040000000001,1895.26981647393
10.3050000000001,1882.79330294581
10.306,1869.54445635751
10.307,1857.02949699429
10.3080000000002,1845.63399367246
10.3090000000002,1837.75673616061
10.3100000000002,1835.84962138972
10.3110000000001,1840.70933471208
10.3120000000001,1852.19385597527
10.3130000000001,1869.14867929686
10.3140000000001,1887.94715525558
10.3150000000001,1906.68474645125
10.316,1923.69519738954
10.317,1936.45306620618
10.3180000000002,1942.98822086641
10.3190000000002,1942.20110277994
10.3200000000002,1932.11344032236
10.3210000000001,1914.55134004224
10.3220000000001,1892.76832509616
10.3230000000001,1869.25700591589
10.3240000000001,1846.31739432367
10.325,1825.55151987544
10.326,1805.338319755
10.3270000000002,1786.12985130981
10.3280000000002,1768.18456677845
10.3290000000002,1750.06141035575
10.3300000000002,1730.19321284299
10.3310000000001,1707.30342641025
10.3320000000001,1679.09797464678
10.3330000000001,1646.7651718537
10.3340000000001,1612.56060908836
10.335,1578.51910593813
10.336,1547.00009993804
10.3370000000002,1520.28280651602
10.3380000000002,1499.35391332798
10.3390000000002,1486.02216165494
10.3400000000001,1480.58129459907
10.3410000000001,1481.62283562822
10.3420000000001,1486.81666149403
10.3430000000001,1493.38759615857
10.3440000000001,1497.9558682932
10.345,1499.32017148869
10.346,1496.63547971256
10.3470000000002,1489.56521329446
10.3480000000002,1478.76111243075
10.3490000000002,1465.7314418776
10.3500000000001,1451.8334156169
10.3510000000001,1440.12528099018
10.3520000000001,1432.67575947791
10.3530000000001,1430.2398571236
10.354,1432.53508067453
10.355,1438.34830607172
10.3560000000002,1445.13120633329
10.3570000000002,1451.73290530854
10.3580000000002,1456.58099735134
10.3590000000002,1458.25234881345
10.3600000000001,1456.27232051408
10.3610000000001,1451.37511731865
10.3620000000001,1444.33695679543
10.3630000000001,1439.25727117366
10.364,1440.24757104677
10.365,1450.78938828787
10.3660000000002,1473.6876640886
10.3670000000002,1510.64567837357
10.3680000000002,1560.52782034663
10.3690000000001,1623.7433461771
10.3700000000001,1699.25743548394
10.3710000000001,1784.94500864424
10.3720000000001,1878.70901354847
10.373,1978.98517004514
10.374,2083.62385547866
10.375,2194.09508252117
10.3760000000002,2311.84004319879
10.3770000000002,2437.73871340235
10.3780000000002,2571.85420821197
10.3790000000001,2712.64445539669
10.3800000000001,2854.86564208375
10.3810000000001,2993.46012014322
10.3820000000001,3120.0420174106
10.383,3223.60739504612
10.384,3291.99554796379
10.3850000000002,3313.23726541025
10.3860000000002,3275.63342595986
10.3870000000002,3173.52032349628
10.3880000000001,3004.90237516823
10.3890000000001,2772.49712250598
10.3900000000001,2484.36601899428
10.3910000000001,2153.47343463069
10.3920000000001,1795.1934563742
10.393,1429.99176354576
10.394,1077.94540138698
10.3950000000002,757.122438727825
10.3960000000002,482.178821806077
10.3970000000002,262.970615660174
10.3980000000001,102.382245930741
10.3990000000001,0.22565645266379
10.4000000000001,-49.6574151286703
10.4010000000001,-57.8622834242086
10.402,-37.5254929450545
10.403,-2.55176825988514
10.4040000000002,32.791714904564
10.4050000000002,59.3748678238224
10.4060000000002,70.76394767272
10.4070000000002,64.2464241223997
10.4080000000001,41.1094805107715
10.4090000000001,6.12164745117322
10.4100000000001,-34.7156755506559
10.4110000000001,-71.2395593622251
10.412,-93.9257398452339
10.413,-94.4378287098325
10.4140000000002,-66.2957925430956
10.4150000000002,-5.55586643325336
10.4160000000002,87.4104582661166
10.4170000000001,212.033984645569
10.4180000000001,363.964788265914
10.4190000000001,536.157054666973
10.4200000000001,719.728031554494
10.421,904.717402985465
10.422,1079.51822136982
10.423,1236.11856357916
10.4240000000002,1367.01335119913
10.4250000000002,1466.70131942636
10.4260000000002,1532.4156999895
10.4270000000001,1564.33503773294
10.4280000000001,1563.98451382701
10.4290000000001,1538.32877567616
10.4300000000001,1494.83348445263
10.431,1441.46449866648
10.432,1385.93692624752
10.4330000000002,1334.8430598279
10.4340000000002,1291.29428739486
10.4350000000002,1259.93860393111
10.4360000000001,1241.73520057252
10.4370000000001,1235.52594650087
10.4380000000001,1238.81326485967
10.4390000000001,1248.43206597078
10.4400000000001,1259.14445649763
10.441,1270.79860633531
10.442,1281.88008679311
10.4430000000002,1291.40766675932
10.4440000000002,1299.11554787161
10.4450000000002,1305.26050517683
10.4460000000001,1308.01077586004
10.4470000000001,1310.84328775675
10.4480000000001,1314.29457351349
10.4490000000001,1318.15503573335
10.45,1321.80515861429
10.451,1324.41827737419
10.4520000000002,1323.33101654331
10.4530000000002,1320.13573871827
10.4540000000002,1314.82484365261
10.4550000000002,1307.49182277214
10.4560000000001,1298.44156376234
10.4570000000001,1288.1238230138
10.4580000000001,1275.99193770546
10.4590000000001,1263.47144476523
10.46,1251.37787686417
10.461,1240.44439783492
10.4620000000002,1231.28361103743
10.4630000000002,1224.32471854095
10.4640000000002,1218.83377212643
10.4650000000001,1215.61999271331
10.4660000000001,1214.92302426729
10.4670000000001,1216.88796399712
10.4680000000001,1221.51625700611
10.4690000000001,1228.58711034126
10.47,1236.63465922893
10.471,1245.75687444658
10.4720000000002,1255.43393415284
10.4730000000002,1265.13996325311
10.4740000000002,1274.38206361499
10.4750000000001,1282.71686898384
10.4760000000001,1288.73342641346
10.4770000000001,1293.05241470162
10.4780000000001,1295.89270841208
10.479,1297.64585857854
10.48,1298.74981468207
10.4810000000002,1299.5320725539
10.4820000000002,1298.71852236131
10.4830000000002,1297.87016122025
10.4840000000002,1297.08523697247
10.4850000000001,1296.36671355282
10.4860000000001,1295.67405246802
10.4870000000001,1294.90436369716
10.4880000000001,1292.3565002807
10.489,1290.08065937417
10.49,1288.34386443876
10.4910000000002,1287.36129988036
10.4920000000002,1287.26572349763
10.4930000000002,1287.99392082555
10.4940000000001,1287.89191417087
10.4950000000001,1288.55201050012
10.4960000000001,1289.87406115127
10.4970000000001,1291.67360897841
10.498,1293.7298659081
10.499,1295.72961064636
10.5,1296.05833098728
10.5010000000002,1296.40027843526
10.5020000000002,1297.0327499275
10.5030000000002,1298.29309045431
10.5040000000001,1300.52626125795
10.5050000000001,1303.88486572673
10.5060000000001,1307.08599017126
10.5070000000001,1311.87805209393
10.508,1318.27204504639
10.509,1326.04799979126
10.5100000000002,1334.77433542778
10.5110000000002,1343.69444018923
10.5120000000002,1350.70860730193
10.5130000000001,1356.86085371989
10.5140000000001,1361.73235998979
10.5150000000001,1365.0138606215
10.5160000000001,1366.54961059895
10.5170000000001,1366.17545551068
10.518,1362.73418684719
10.519,1358.26745537534
10.5200000000002,1353.43805313415
10.5210000000002,1348.92796135691
10.5220000000002,1345.36690461802
10.5230000000001,1343.06551475334
10.5240000000001,1341.09689421512
10.5250000000001,1341.249640617
10.5260000000001,1343.70374744185
10.527,1348.43137796053
10.528,1355.21425397751
10.5290000000002,1363.45054638743
10.5300000000002,1371.42783602699
10.5310000000002,1380.19740872222
10.5320000000002,1389.39945582885
10.5330000000001,1398.66682442119
10.5340000000001,1407.64290144591
10.5350000000001,1415.74252638675
10.5360000000001,1421.48944316747
10.537,1426.2570809206
10.538,1430.07555098778
10.5390000000002,1433.01777595768
10.5400000000002,1435.19479704816
10.5410000000002,1436.46934721193
10.5420000000001,1435.86618035501
10.5430000000001,1435.14025951931
10.5440000000001,1434.62415056894
10.5450000000001,1434.56590133902
10.546,1435.10013524487
10.547,1435.93348512554
10.548,1435.87520263502
10.5490000000002,1436.26952092849
10.5500000000002,1437.02933385639
10.5510000000002,1438.01477069768
10.5520000000001,1439.07300205734
10.5530000000001,1439.74709357069
10.5540000000001,1438.9140654078
10.5550000000001,1438.11101174958
10.556,1437.56806627033
10.557,1437.50005063508
10.5580000000002,1438.06048433567
10.5590000000002,1438.93632091632
10.5600000000002,1439.01169767652
10.5610000000001,1439.71949827219
10.5620000000001,1441.03344641967
10.5630000000001,1442.84768031247
10.5640000000001,1445.00319673011
10.5650000000001,1446.91076776614
10.566,1447.34514328811
10.567,1447.79843187931
10.5680000000002,1448.41244687148
10.5690000000002,1449.32331567727
10.5700000000002,1450.61827968412
10.5710000000001,1451.85680698514
10.5720000000001,1451.9257767666
10.5730000000001,1452.26972920982
10.5740000000001,1452.86615393736
10.575,1453.6246965523
10.576,1454.40984438897
10.5770000000002,1454.59723668978
10.5780000000002,1453.0881685929
10.5790000000002,1451.40035152418
10.5800000000002,1449.7044947609
10.5810000000001,1448.1649136732
10.5820000000001,1446.90249311605
10.5830000000001,1445.46880218292
10.5840000000001,1442.92329189102
10.585,1440.73862877378
10.586,1438.98007565557
10.5870000000002,1437.64871196305
10.5880000000002,1436.69436620225
10.5890000000002,1435.5040811265
10.5900000000001,1433.12458457209
10.5910000000001,1431.05564892013
10.5920000000001,1429.45819829714
10.5930000000001,1428.45056492888
10.5940000000001,1428.06864156586
10.595,1427.6756697282
10.596,1426.28325264301
10.5970000000002,1425.17572782489
10.5980000000002,1424.22969396746
10.5990000000002,1423.27109468943
10.6000000000001,1422.11786258989
10.6010000000001,1420.04139997384
10.6020000000001,1416.25795253577
10.6030000000001,1412.37511486964
10.604,1408.79693300247
10.605,1405.98937932492
10.6060000000002,1404.43109008644
10.6070000000002,1403.9498697356
10.6080000000002,1404.23896495786
10.6090000000002,1407.0758231211
10.6100000000001,1412.81297233684
10.6110000000001,1421.62860949448
10.6120000000001,1433.51628918564
10.6130000000001,1447.64430455814
10.614,1463.04532995423
10.615,1480.74398786531
10.6160000000002,1500.36578826246
10.6170000000002,1521.39889056185
10.6180000000002,1543.20500981532
10.6190000000001,1564.37301401128
10.6200000000001,1583.55402258307
10.6210000000001,1601.47311605401
10.6220000000001,1617.68272778971
10.623,1631.84156547387
10.624,1643.74419955402
10.625,1652.63252027572
10.6260000000002,1658.09127976675
10.6270000000002,1661.7935605677
10.6280000000002,1664.24305813165
10.6290000000001,1665.9062968328
10.6300000000001,1667.1400858799
10.6310000000001,1667.41460693709
10.6320000000001,1666.32552637042
10.633,1665.23683948919
10.634,1664.22794550926
10.6350000000002,1663.33456190598
10.6360000000002,1662.59744123056
10.6370000000002,1661.33782220829
10.6380000000001,1659.30809599586
10.6390000000001,1658.12556542829
10.6400000000001,1658.21418306869
10.6410000000001,1659.88630032265
10.6420000000001,1663.25640232047
10.643,1667.39849443498
10.644,1671.57283505082
10.6450000000002,1676.52978283781
10.6460000000002,1681.70821658752
10.6470000000002,1686.45889965094
10.6480000000001,1690.14614806228
10.6490000000001,1691.42989734364
10.6500000000001,1689.70286190375
10.6510000000001,1686.25490494423
10.652,1681.46898308386
10.653,1675.86111039673
10.6540000000002,1669.97836436254
10.6550000000002,1663.43961584314
10.6560000000002,1656.34817188972
10.6570000000002,1650.24793099139
10.6580000000001,1645.3900252786
10.6590000000001,1641.84347213525
10.6600000000001,1639.52727142567
10.6610000000001,1637.38531367218
10.662,1635.03069883729
10.663,1633.59617377801
10.6640000000002,1633.17233632044
10.6650000000002,1633.84856954946
10.6660000000002,1635.67105601868
10.6670000000001,1637.70676960012
10.6680000000001,1639.69952741209
10.6690000000001,1642.6888181667
10.6700000000001,1646.56951556994
10.671,1651.12366924034
10.672,1656.03847328104
10.673,1659.98714295304
10.6740000000002,1662.53111378756
10.6750000000002,1664.64517947634
10.6760000000002,1666.32435223978
10.6770000000001,1667.60733759489
10.6780000000001,1668.54982854438
10.6790000000001,1668.16732498588
10.6800000000001,1666.50775294805
10.681,1664.93555418353
10.682,1663.70866053502
10.6830000000002,1663.02447331425
10.6840000000002,1663.00294156623
10.6850000000002,1662.57810394891
10.6860000000001,1661.80663713271
10.6870000000001,1661.95579407617
10.6880000000001,1663.12031020258
10.6890000000001,1665.28221167348
10.6900000000001,1668.29298696538
10.691,1670.71891278808
10.692,1672.33491508681
10.6930000000002,1674.05816205675
10.6940000000002,1675.68994074349
10.6950000000002,1677.01201020201
10.6960000000001,1677.81607440285
10.6970000000001,1676.76557861061
10.6980000000001,1674.01633313308
10.6990000000001,1670.94043570489
10.7,1667.98083406778
10.701,1665.64634548819
10.7020000000002,1664.45691539703
10.7030000000002,1663.70378750623
10.7040000000002,1664.05449461033
10.7050000000002,1666.97517077907
10.7060000000001,1672.70381931087
10.7070000000001,1681.18187313433
10.7080000000001,1692.03008264175
10.7090000000001,1703.35248789783
10.71,1714.60340591062
10.711,1725.94806777643
10.7120000000002,1736.51498364395
10.7130000000002,1745.45232501374
10.7140000000002,1752.02171017351
10.7150000000001,1754.45648430983
10.7160000000001,1752.92525307137
10.7170000000001,1748.65976235603
10.7180000000001,1742.24062792356
10.7190000000001,1734.45423337149
10.72,1726.2048763013
10.721,1717.19790411323
10.7220000000002,1708.78413263707
10.7230000000002,1702.79398262329
10.7240000000002,1699.93562642885
10.7250000000001,1700.59992760246
10.7260000000001,1704.83491863274
10.7270000000001,1711.13345205151
10.7280000000001,1719.50343609748
10.729,1730.27884043076
10.73,1742.8223186944
10.7310000000002,1756.42397396142
10.7320000000002,1770.37204015106
10.7330000000002,1782.76479897036
10.7340000000002,1793.70364017696
10.7350000000001,1803.8622695835
10.7360000000001,1813.23843039618
10.7370000000001,1821.92729243298
10.7380000000001,1830.0865863128
10.739,1836.61988910042
10.74,1842.40652096939
10.7410000000002,1848.61802875548
10.7420000000002,1855.55369231349
10.7430000000002,1863.37403334155
10.7440000000001,1872.07550179665
10.7450000000001,1880.1857172302
10.7460000000001,1888.12102232103
10.7470000000001,1896.38002482682
10.748,1904.56815120747
10.749,1912.15968679699
10.75,1918.54058818653
10.7510000000002,1921.76037970399
10.7520000000002,1922.04209236042
10.7530000000002,1919.85194575747
10.7540000000001,1915.09393287852
10.7550000000001,1907.84689373995
10.7560000000001,1898.38136627589
10.7570000000001,1885.80178029151
10.758,1871.61345856259
10.759,1857.46768290081
10.7600000000002,1844.31496497308
10.7610000000002,1832.98011656103
10.7620000000002,1824.06410983859
10.7630000000001,1816.40407883637
10.7640000000001,1810.94693311368
10.7650000000001,1808.32704913226
10.7660000000001,1808.17972125129
10.7670000000001,1809.86399335387
10.768,1812.52877289272
10.769,1813.34953123087
10.7700000000002,1812.52372690249
10.7710000000002,1810.45024712259
10.7720000000002,1806.94975621796
10.7730000000001,1802.00610662711
10.7740000000001,1795.6880882666
10.7750000000001,1785.78186506584
10.7760000000001,1773.74169768766
10.777,1761.11639652183
10.778,1748.61118374659
10.7790000000002,1736.85998679106
10.7800000000002,1726.31400616406
10.7810000000002,1714.80336849329
10.7820000000002,1703.73736829425
10.7830000000001,1694.29291550564
10.7840000000001,1686.6852209152
10.7850000000001,1680.95913332328
10.7860000000001,1676.94329129556
10.787,1672.87087790991
10.788,1669.29794577577
10.7890000000002,1666.21518701352
10.7900000000002,1663.09602391352
10.7910000000002,1659.57192523854
10.7920000000001,1655.58132365842
10.7930000000001,1650.73423130295
10.7940000000001,1646.57324110802
10.7950000000001,1643.99028101736
10.796,1643.29994596157
10.797,1644.39171297241
10.798,1646.67342252691
10.7990000000002,1648.41622552901
10.8000000000002,1649.34037862473
10.8010000000002,1648.34548583456
10.8020000000001,1644.24758499568
10.8030000000001,1636.47151002082
10.8040000000001,1625.34561957865
10.8050000000001,1611.43236174586
10.806,1597.83241738421
10.807,1587.03603187191
10.8080000000002,1580.81912443842
10.8090000000002,1580.05912430459
10.8100000000002,1584.47236159641
10.8110000000001,1591.51357787661
10.8120000000001,1600.25201440541
10.8130000000001,1608.61652124787
10.8140000000001,1614.63170696847
10.8150000000001,1617.52308291719
10.816,1618.25961590953
10.817,1617.97845305725
10.8180000000002,1622.75431299572
10.8190000000002,1638.49248565931
10.8200000000002,1670.36918043503
10.8210000000001,1722.15557371197
10.8220000000001,1795.35878073108
10.8230000000001,1887.13213638908
10.8240000000001,1995.54553752291
10.825,2115.97928301423
10.826,2242.88454804773
10.8270000000002,2371.41571463138
10.8280000000002,2498.4447363835
10.8290000000002,2621.45821397251
10.8300000000002,2743.11073004336
10.8310000000001,2865.9724073089
10.8320000000001,2991.79183304597
10.8330000000001,3120.20969932595
10.8340000000001,3247.40932680645
10.835,3363.84218224643
10.836,3459.27309362257
10.8370000000002,3519.57924294467
10.8380000000002,3529.62060670684
10.8390000000002,3476.0646152576
10.8400000000001,3349.91282403981
10.8410000000001,3146.91384388019
10.8420000000001,2873.51863362474
10.8430000000001,2542.27175080207
10.8440000000001,2171.43071948748
10.845,1782.99282597119
10.846,1399.92057850211
10.8470000000002,1041.71333372989
10.8480000000002,726.955786440748
10.8490000000002,467.122528713608
10.8500000000001,266.954253348925
10.8510000000001,125.03796176688
10.8520000000001,34.9433637656411
10.8530000000001,-14.7294650132248
10.854,-33.68210592737
10.855,-32.9163295942664
10.8560000000002,-22.36121289014
10.8570000000002,-9.82069710806474
10.8580000000002,-0.540392965245635
10.8590000000002,1.3448612955582
10.8600000000001,-2.49839501894853
10.8610000000001,-9.54563862473311
10.8620000000001,-15.6073225266148
10.8630000000001,-15.1059367787739
10.864,-1.63343363094633
10.865,29.8041723303738
10.8660000000002,86.8048659207771
10.8670000000002,173.89952753307
10.8680000000002,292.934700413662
10.8690000000001,442.548252441862
10.8700000000001,617.871780204806
10.8710000000001,809.158960904476
10.8720000000001,1007.41179280473
10.873,1200.69618000568
10.874,1376.94425961879
10.875,1525.59967284348
10.8760000000002,1638.9549649678
10.8770000000002,1711.44677825148
10.8780000000002,1745.10828980157
10.8790000000001,1744.16152235396
10.8800000000001,1715.63752550501
10.8810000000001,1668.24581034189
10.8820000000001,1611.01770607101
10.883,1550.31728890517
10.884,1494.504504728
10.8850000000002,1447.75836418354
10.8860000000002,1411.77418195056
10.8870000000002,1386.22395142138
10.8880000000001,1369.4081771974
10.8890000000001,1356.90590926981
10.8900000000001,1349.11374306328
10.8910000000001,1344.41887740083
10.8920000000001,1341.76827176389
10.893,1340.74460546171
10.894,1341.40453539925
10.8950000000002,1341.53936668577
10.8960000000002,1344.67448043498
10.8970000000002,1350.79075612161
10.8980000000001,1359.29826681402
10.8990000000001,1369.18259264219
10.9000000000001,1379.18054344163
10.9010000000001,1385.64282212423
10.902,1390.96192598677
10.903,1394.55789981025
10.9040000000002,1395.98986101356
10.9050000000002,1395.00930897223
10.9060000000002,1391.49585837109
10.9070000000002,1383.92538598928
10.9080000000001,1374.31648457653
10.9090000000001,1363.06828456853
10.9100000000001,1350.53360567708
10.9110000000001,1337.01786753409
10.912,1322.75583488095
10.913,1307.01369122795
10.9140000000002,1291.0311457382
10.9150000000002,1275.56688082515
10.9160000000002,1261.46473499154
10.9170000000001,1249.49533422689
10.9180000000001,1240.13543763117
10.9190000000001,1232.55923480112
10.9200000000001,1227.47690921377
10.921,1224.7533600307
10.922,1224.09763873392
10.923,1225.10015810458
10.9240000000002,1227.20345229183
10.9250000000002,1228.8824014062
10.9260000000002,1230.61152204715
10.9270000000001,1232.43127032804
10.9280000000001,1234.56380892625
10.9290000000001,1237.30095458787
10.9300000000001,1240.7567752591
10.931,1243.78376766148
10.932,1247.67078048649
10.9330000000002,1252.50610816078
10.9340000000002,1258.26998596131
10.9350000000002,1264.82497742552
10.9360000000001,1271.70325032338
10.9370000000001,1276.99698080364
10.9380000000001,1282.3242864696
10.9390000000001,1287.47303129902
10.9400000000001,1292.20677314336
10.941,1296.30790329047
10.942,1299.36955998187
10.9430000000002,1299.80830447671
10.9440000000002,1299.59739419412
10.9450000000002,1299.02247443922
10.9460000000001,1298.37735984743
10.9470000000001,1297.94264968868
10.9480000000001,1297.71438609764
10.9490000000001,1296.52081333482
10.95,1296.33628382289
10.951,1297.52599595495
10.9520000000002,1300.37528601392
10.9530000000002,1305.06854470266
10.9540000000002,1311.38886076843
10.9550000000002,1317.92597823261
10.9560000000001,1326.28476295314
10.9570000000001,1336.41124382623
10.9580000000001,1348.11090447638
10.9590000000001,1361.04501196187
10.96,1374.42593210823
10.961,1386.36359980685
10.9620000000002,1398.04256518227
10.9630000000002,1409.10745173068
10.9640000000002,1419.24158483393
10.9650000000001,1428.20027219387
10.9660000000001,1435.49069152976
10.9670000000001,1439.81146368871
10.9680000000001,1443.04400125729
10.9690000000001,1445.63723776475
10.97,1448.08113376396
10.971,1450.84337726166
10.9720000000002,1453.94233730919
10.9730000000002,1456.43258733105
10.9740000000002,1460.15319529035
10.9750000000001,1465.32035684737
10.9760000000001,1471.9811132157
10.9770000000001,1480.01847814619
10.9780000000001,1488.79216047344
10.979,1496.81582320581
10.98,1505.34130735855
10.9810000000002,1514.23296805413
10.9820000000002,1523.36572557013
10.9830000000002,1532.6182750646
10.9840000000002,1541.4515245672
10.9850000000001,1548.63859270398
10.9860000000001,1555.66524913915
10.9870000000001,1562.64445412045
10.9880000000001,1569.65607540928
10.989,1576.71651725245
10.99,1583.3192106364
10.9910000000002,1588.27744217526
10.9920000000002,1593.00148609333
10.9930000000002,1597.5095265726
10.9940000000001,1601.78238989938
10.9950000000001,1605.76195394341
10.9960000000001,1608.88605330082
10.9970000000001,1610.06380226429
10.998,1610.82842019147
10.999,1611.40189784422
11,1612.03184303543
11.0010000000002,1612.96586871176
11.0020000000002,1613.91475217464
11.0030000000002,1614.09987562088
11.0040000000001,1615.27992013116
11.0050000000001,1617.78896472848
11.0060000000001,1621.85409365449
11.0070000000001,1627.55545866027
11.008,1634.25192540534
11.009,1640.7550467013
11.0100000000002,1648.31009242068
11.0110000000002,1656.7033291466
11.0120000000002,1665.63188479781
11.0130000000001,1674.71757266978
11.0140000000001,1682.93721066441
11.0150000000001,1688.95467174492
11.0160000000001,1694.0673568113
11.0170000000001,1698.30895446089
11.018,1701.80955521203
11.019,1704.7606279764
11.0200000000002,1706.71740184028
11.0210000000002,1706.98434454582
11.0220000000002,1707.42150511124
11.0230000000001,1708.40793687039
11.0240000000001,1710.18349120586
11.0250000000001,1712.79499018557
11.0260000000001,1715.36604956807
11.027,1716.69562185878
11.028,1718.07271277248
11.0290000000002,1719.32437111808
11.0300000000002,1720.29547006019
11.0310000000002,1720.88116117351
11.0320000000002,1720.30065978212
11.0330000000001,1717.82119137326
11.0340000000001,1715.33797898936
11.0350000000001,1713.39242895591
11.0360000000001,1712.50286257647
11.037,1713.06287445286
11.038,1714.47583799605
11.0390000000002,1715.96336733735
11.0400000000002,1718.94112395748
11.0410000000002,1723.21761943984
11.0420000000001,1728.42393249252
11.0430000000001,1734.06146479561
11.0440000000001,1738.74882852662
11.0450000000001,1741.30806199737
11.046,1743.018613395
11.047,1743.92162012758
11.048,1744.19900711333
11.0490000000002,1744.12997276992
11.0500000000002,1743.17367349477
11.0510000000002,1741.07348930324
11.0520000000001,1739.79558628291
11.0530000000001,1739.8330308778
11.0540000000001,1741.53065065516
11.0550000000001,1745.0465584949
11.056,1749.44625550251
11.057,1754.02880292042
11.0580000000002,1760.15130244876
11.0590000000002,1767.73543789735
11.0600000000002,1776.64631094052
11.0610000000001,1786.70455141006
11.0620000000001,1796.77230544545
11.0630000000001,1806.20442258925
11.0640000000001,1816.4294403556
11.0650000000001,1827.54933979341
11.066,1839.63503958601
11.067,1852.6922623678
11.0680000000002,1865.67416477384
11.0690000000002,1878.0612098758
11.0700000000002,1891.24586821525
11.0710000000001,1905.25017287381
11.0720000000001,1920.02457234439
11.0730000000001,1935.44141686929
11.0740000000001,1950.28232005513
11.075,1964.0118543104
11.076,1977.98253240784
11.0770000000002,1992.21869603484
11.0780000000002,2006.70048264377
11.0790000000002,2021.33794330876
11.0800000000002,2034.89291600397
11.0810000000001,2046.89123026634
11.0820000000001,2058.61267447096
11.0830000000001,2069.97710436776
11.0840000000001,2080.82383816553
11.085,2090.91118421783
11.086,2098.8414058481
11.0870000000002,2104.14650998746
11.0880000000002,2108.09096919237
11.0890000000002,2110.72069157541
11.0900000000001,2112.11581470506
11.0910000000001,2112.37912085745
11.0920000000001,2110.49634046226
11.0930000000001,2106.52628134674
11.0940000000001,2102.14876722636
11.095,2097.78845155096
11.096,2093.79701966391
11.0970000000002,2090.41223922063
11.0980000000002,2086.56435681646
11.0990000000002,2082.22757490489
11.1000000000001,2078.80671817263
11.1010000000001,2076.40931539972
11.1020000000001,2075.04542740791
11.1030000000001,2074.62531688292
11.104,2073.74666520397
11.105,2072.23558012934
11.1060000000002,2071.3277220306
11.1070000000002,2071.03347227352
11.1080000000002,2071.30387087266
11.1090000000002,2072.00964030086
11.1100000000001,2071.68455575947
11.1110000000001,2070.19838239975
11.1120000000001,2068.72258829855
11.1130000000001,2067.25995461463
11.114,2065.79891787656
11.115,2064.3143277486
11.1160000000002,2061.48236151845
11.1170000000002,2057.50485824545
11.1180000000002,2053.8431949294
11.1190000000001,2050.83161045357
11.1200000000001,2048.75347747798
11.1210000000001,2047.79109744942
11.1220000000001,2046.63907663998
11.123,2045.52198853517
11.124,2045.70897043195
11.125,2047.25081099602
11.1260000000002,2050.09812626294
11.1270000000002,2054.10489842006
11.1280000000002,2057.62052425847
11.1290000000001,2060.75975323576
11.1300000000001,2064.66276757028
11.1310000000001,2069.30869154522
11.1320000000001,2074.59531291232
11.133,2080.30941084689
11.134,2084.62248743513
11.1350000000002,2087.6139555943
11.1360000000002,2090.27909709164
11.1370000000002,2092.48244546092
11.1380000000001,2094.09188724769
11.1390000000001,2094.99889607838
11.1400000000001,2093.56099587313
11.1410000000001,2090.39009968707
11.1420000000001,2087.02889323416
11.143,2083.92952803523
11.144,2081.49949982183
11.1450000000002,2080.03783587891
11.1460000000002,2078.06164254588
11.1470000000002,2076.28015664348
11.1480000000001,2075.99612777038
11.1490000000001,2077.28480408632
11.1500000000001,2080.10149939672
11.1510000000001,2084.30596638509
11.152,2088.05660415018
11.153,2091.90996617468
11.1540000000002,2096.96400470251
11.1550000000002,2103.20114143338
11.1560000000002,2110.48571545335
11.1570000000002,2118.5340289336
11.1580000000001,2125.2636260393
11.1590000000001,2130.9894978862
11.1600000000001,2136.39770820512
11.1610000000001,2141.14202670099
11.162,2144.88240929527
11.163,2147.34149420287
11.1640000000002,2146.6689631914
11.1650000000002,2143.81366071746
11.1660000000002,2140.23243278937
11.1670000000001,2136.53381547261
11.1680000000001,2133.34832915335
11.1690000000001,2131.23783057955
11.1700000000001,2128.91566508752
11.171,2127.62444907483
11.172,2128.59063078142
11.173,2131.87577277902
11.1740000000002,2137.29077355501
11.1750000000002,2144.4365432342
11.1760000000002,2151.08444688638
11.1770000000001,2157.72104121349
11.1780000000001,2164.90696018207
11.1790000000001,2172.37408668173
11.1800000000001,2179.8895157929
11.181,2187.26029670418
11.182,2192.65425217865
11.1830000000002,2197.10899896319
11.1840000000002,2201.62870175443
11.1850000000002,2206.392654705
11.1860000000001,2211.52735033548
11.1870000000001,2217.09579545806
11.1880000000001,2221.4065849931
11.1890000000001,2225.64370864276
11.1900000000001,2230.77020773078
11.191,2236.91117687155
11.192,2244.09453550028
11.1930000000002,2252.24019361038
11.1940000000002,2259.44348571066
11.1950000000002,2266.70986029406
11.1960000000001,2274.62523170829
11.1970000000001,2282.90246195006
11.1980000000001,2291.10444782286
11.1990000000001,2298.66784420108
11.2,2303.21990059266
11.201,2305.46335623414
11.2020000000002,2305.69582737116
11.2030000000002,2303.56466578924
11.2040000000002,2298.79362089877
11.2050000000002,2291.23315717523
11.2060000000001,2279.1660679899
11.2070000000001,2264.2593942155
11.2080000000001,2247.851104023
11.2090000000001,2230.76877239618
11.21,2213.91169286741
11.211,2198.18187460305
11.2120000000002,2182.57028168266
11.2130000000002,2169.30108874192
11.2140000000002,2159.74218070944
11.2150000000001,2154.29471428165
11.2160000000001,2152.95660018912
11.2170000000001,2155.30626212595
11.2180000000001,2158.34955774045
11.2190000000001,2162.7747901553
11.22,2168.40376781923
11.221,2174.31720543158
11.2220000000002,2179.58349866726
11.2230000000002,2183.30841456589
11.2240000000002,2182.02453610835
11.2250000000001,2177.1777913286
11.2260000000001,2169.64800489897
11.2270000000001,2159.82522489756
11.2280000000001,2148.21941396815
11.229,2135.32502797941
11.23,2118.62688873242
11.2310000000002,2100.61696441079
11.2320000000002,2082.73192124891
11.2330000000002,2065.59658633303
11.2340000000002,2049.66669296718
11.2350000000001,2035.16822784248
11.2360000000001,2020.12279742572
11.2370000000001,2006.10745214099
11.2380000000001,1993.42521002081
11.239,1981.78304763017
11.24,1970.9038679166
11.2410000000002,1960.65114239506
11.2420000000002,1950.16899792098
11.2430000000002,1941.01569013372
11.2440000000001,1933.57243551824
11.2450000000001,1927.70118342916
11.2460000000001,1922.9967962938
11.2470000000001,1918.84160386154
11.248,1913.59023430257
11.249,1907.9012838593
11.25,1901.29424513032
11.2510000000002,1893.18250725939
11.2520000000002,1883.33624394275
11.2530000000002,1872.03232476066
11.2540000000001,1859.1181042179
11.2550000000001,1847.15986582193
11.2560000000001,1837.40966589583
11.2570000000001,1830.4624396274
11.258,1826.32485866719
11.259,1824.40137720944
11.2600000000002,1822.14153782538
11.2610000000002,1820.12564569885
11.2620000000002,1817.56202756132
11.2630000000001,1813.79691240042
11.2640000000001,1808.94972731885
11.2650000000001,1804.13016611217
11.2660000000001,1799.31178579952
11.2670000000001,1799.65808726039
11.268,1808.93549479526
11.269,1830.31310782296
11.2700000000002,1866.13760604667
11.2710000000002,1917.53605885865
11.2720000000002,1982.10721791837
11.2730000000001,2060.64974932275
11.2740000000001,2151.28054692079
11.2750000000001,2251.41744762185
11.2760000000001,2358.62309649804
11.277,2471.08075162486
11.278,2585.89476100483
11.2790000000002,2705.11355364753
11.2800000000002,2829.36016515885
11.2810000000002,2958.65599730996
11.2820000000002,3091.81856883928
11.2830000000001,3225.67881931882
11.2840000000001,3352.56199421938
11.2850000000001,3466.27650690098
11.2860000000001,3556.27797342814
11.287,3610.14671881979
11.288,3615.09522132844
11.2890000000002,3559.63252212326
11.2900000000002,3433.34689384646
11.2910000000002,3234.84358703414
11.2920000000001,2966.62151674908
11.2930000000001,2637.34877215121
11.2940000000001,2261.72326233415
11.2950000000001,1859.33424830862
11.296,1450.78527019305
11.297,1061.54079574073
11.298,712.972225068166
11.2990000000002,421.710142627863
11.3000000000002,197.861629778759
11.3010000000002,44.00256371717
11.3020000000001,-46.7007845049978
11.3030000000001,-83.1528443866714
11.3040000000001,-80.5502868390638
11.3050000000001,-55.8672124280324
11.306,-24.9933603130127
11.307,-0.267230411497525
11.3080000000002,9.34486341308005
11.3090000000002,5.14885720038343
11.3100000000002,-7.93691508240553
11.3110000000001,-20.7574641761505
11.3120000000001,-21.8981951892912
11.3130000000001,6.20913498830692e-15
11.3140000000001,52.1678997841939
11.3150000000001,142.176391478375
11.316,270.735111266143
11.317,433.710599152984
11.3180000000002,622.92553079594
11.3190000000002,827.480781256921
11.3200000000002,1033.62341931318
11.3210000000001,1232.12746807889
11.3220000000001,1413.46074642581
11.3230000000001,1570.51042370836
11.3240000000001,1698.86265537219
11.325,1796.57617665604
11.326,1862.1087044698
11.3270000000002,1899.35200739709
11.3280000000002,1911.19183535016
11.3290000000002,1901.03069619428
11.3300000000002,1872.58517961568
11.3310000000001,1829.71477706118
11.3320000000001,1774.8527184051
11.3330000000001,1714.56896521053
11.3340000000001,1653.3973897604
11.335,1595.56610850095
11.336,1544.70103505564
11.3370000000002,1503.36724712732
11.3380000000002,1471.20865250142
11.3390000000002,1451.11630204989
11.3400000000001,1442.28705226301
11.3410000000001,1442.83551601121
11.3420000000001,1450.22849392913
11.3430000000001,1461.54567061013
11.3440000000001,1472.21476676796
11.345,1483.44498336994
11.346,1494.05980038027
11.3470000000002,1503.35550963825
11.3480000000002,1511.05668786187
11.3490000000002,1516.9152991999
11.3500000000001,1518.94716584889
11.3510000000001,1520.60117338315
11.3520000000001,1521.9390971319
11.3530000000001,1522.69045955984
11.354,1522.42194683199
11.355,1520.51026634821
11.3560000000002,1515.19387131513
11.3570000000002,1508.58135023437
11.3580000000002,1501.09475244481
11.3590000000002,1493.23182922173
11.3600000000001,1485.47108190124
11.3610000000001,1478.05713772875
11.3620000000001,1470.23058918177
11.3630000000001,1462.87071469173
11.364,1456.15071342673
11.365,1450.16937298304
11.3660000000002,1444.91883231184
11.3670000000002,1440.1355239248
11.3680000000002,1434.65392462167
11.3690000000001,1429.05240687737
11.3700000000001,1423.40291594247
11.3710000000001,1417.88199107112
11.3720000000001,1412.70547630036
11.373,1407.90513353759
11.374,1402.65280224992
11.375,1397.8293659841
11.3760000000002,1393.70334372506
11.3770000000002,1390.51319208456
11.3780000000002,1388.39212722023
11.3790000000001,1387.06634137972
11.3800000000001,1385.22632646721
11.3810000000001,1383.96204495402
11.3820000000001,1383.18634854325
11.383,1382.82033736406
11.384,1382.80596363545
11.3850000000002,1382.73287498278
11.3860000000002,1381.28709862218
11.3870000000002,1380.4632303075
11.3880000000001,1380.46921155994
11.3890000000001,1381.44598773068
11.3900000000001,1383.46423382532
11.3910000000001,1386.10780737049
11.3920000000001,1388.0382125756
11.393,1391.1096953258
11.394,1395.30228377478
11.3950000000002,1400.46742916722
11.3960000000002,1406.35428789084
11.3970000000002,1412.23605830581
11.3980000000001,1416.61440845102
11.3990000000001,1420.97846866618
11.4000000000001,1425.31170926821
11.4010000000001,1429.62732190929
11.402,1433.95683009381
11.403,1437.89577786545
11.4040000000002,1440.352735984
11.4050000000002,1443.06517808974
11.4060000000002,1446.21403703162
11.4070000000002,1449.88623626462
11.4080000000001,1454.05855099131
11.4090000000001,1458.12669635729
11.4100000000001,1460.8159535325
11.4110000000001,1463.62197576101
11.412,1466.51150288874
11.413,1469.44323183525
11.4140000000002,1472.38691955871
11.4150000000002,1474.83018547766
11.4160000000002,1475.78585620229
11.4170000000001,1477.05149659158
11.4180000000001,1478.92357368262
11.4190000000001,1481.63633127391
11.4200000000001,1485.32146404796
11.421,1489.4523476336
11.422,1492.95156469107
11.423,1497.29447803259
11.4240000000002,1502.42568120912
11.4250000000002,1508.22212991158
11.4260000000002,1514.52145501997
11.4270000000001,1520.59846434913
11.4280000000001,1525.40891733692
11.4290000000001,1530.49763322541
11.4300000000001,1536.03426486447
11.431,1542.16796505127
11.432,1548.98209683702
11.4330000000002,1555.88610683587
11.4340000000002,1561.92458873003
11.4350000000002,1568.46570218946
11.4360000000001,1575.43965366317
11.4370000000001,1582.70105736105
11.4380000000001,1590.05655060965
11.4390000000001,1596.70456053282
11.4400000000001,1601.7030828621
11.441,1606.49504225242
11.442,1611.2662109774
11.4430000000002,1616.21807228998
11.4440000000002,1621.52272955088
11.4450000000002,1626.65743291479
11.4460000000001,1630.92486287133
11.4470000000001,1635.79619535012
11.4480000000001,1641.36418194979
11.4490000000001,1647.62599355058
11.45,1654.48856483833
11.451,1661.12369254083
11.4520000000002,1666.65083724189
11.4530000000002,1672.36858264673
11.4540000000002,1678.27933022407
11.4550000000002,1684.33799347417
11.4560000000001,1690.42716975517
11.4570000000001,1695.64222109276
11.4580000000001,1699.09671914585
11.4590000000001,1702.0525316162
11.46,1704.50467114741
11.461,1706.4749381443
11.4620000000002,1708.02293380194
11.4630000000002,1708.4964404479
11.4640000000002,1707.46099962736
11.4650000000001,1706.67250143678
11.4660000000001,1706.59564559182
11.4670000000001,1707.61139771394
11.4680000000001,1709.94171190755
11.4690000000001,1712.79210934533
11.47,1715.41933830864
11.471,1719.03903211534
11.4720000000002,1723.45311748211
11.4730000000002,1728.38096849626
11.4740000000002,1733.50269568385
11.4750000000001,1737.65300474862
11.4760000000001,1740.07874350315
11.4770000000001,1742.18163428132
11.4780000000001,1744.15283234291
11.479,1746.19241117158
11.48,1748.43579286388
11.4810000000002,1750.00810649164
11.4820000000002,1750.35087817361
11.4830000000002,1750.76518556921
11.4840000000002,1751.18815065623
11.4850000000001,1751.47460422118
11.4860000000001,1751.42900103408
11.4870000000001,1749.9270296225
11.4880000000001,1746.45980540772
11.489,1742.5069997531
11.49,1738.39834328217
11.4910000000002,1734.50989228702
11.4920000000002,1731.199169462
11.4930000000002,1727.78462817914
11.4940000000001,1724.14416357784
11.4950000000001,1721.82540945933
11.4960000000001,1720.99824380337
11.4970000000001,1721.66554014918
11.498,1723.66909592329
11.499,1725.72640088982
11.5,1727.27502235576
11.5010000000002,1729.45269147775
11.5020000000002,1732.21401166901
11.5030000000002,1735.54216624995
11.5040000000001,1739.4379522201
11.5050000000001,1742.8746783077
11.5060000000001,1745.71863338246
11.5070000000001,1749.42382465765
11.508,1754.20163490272
11.509,1760.16590918019
11.5100000000002,1767.30605269431
11.5110000000002,1774.41741576814
11.5120000000002,1781.21320995088
11.5130000000001,1788.86673072405
11.5140000000001,1797.35269818485
11.5150000000001,1806.62861602834
11.5160000000001,1816.64355463837
11.5170000000001,1826.2351627558
11.518,1835.37572783465
11.519,1845.45406258701
11.5200000000002,1856.65646074403
11.5210000000002,1869.06212194193
11.5220000000002,1882.59762688214
11.5230000000001,1895.86651940758
11.5240000000001,1908.55717830023
11.5250000000001,1921.57276501972
11.5260000000001,1934.59769902868
11.527,1947.26292833475
11.528,1959.1881058621
11.5290000000002,1968.83867913935
11.5300000000002,1976.10729620626
11.5310000000002,1982.23148505807
11.5320000000002,1987.42029545855
11.5330000000001,1991.90529772315
11.5340000000001,1995.88220135442
11.5350000000001,1998.23607605585
11.5360000000001,1999.2165922373
11.537,2000.11877785272
11.538,2001.04689196564
11.5390000000002,2002.0000144514
11.5400000000002,2002.89148367388
11.5410000000002,2002.31582940811
11.5420000000001,2000.43630732948
11.5430000000001,1998.48733735254
11.5440000000001,1996.65774413346
11.5450000000001,1995.11349898387
11.546,1993.95922221335
11.547,1991.90421464933
11.548,1989.2448281853
11.5490000000002,1987.13660136841
11.5500000000002,1985.6037035819
11.5510000000002,1984.56426388346
11.5520000000001,1983.84286644993
11.5530000000001,1981.86014526531
11.5540000000001,1978.80342582502
11.5550000000001,1975.7471956968
11.556,1972.79717844992
11.557,1970.06358217907
11.5580000000002,1967.6315259785
11.5590000000002,1964.15930510469
11.5600000000002,1960.14081464748
11.5610000000001,1956.78254740467
11.5620000000001,1954.24910510501
11.5630000000001,1952.60308990523
11.5640000000001,1951.79111146478
11.5650000000001,1950.23102182443
11.566,1948.27360813112
11.567,1946.89846653269
11.5680000000002,1946.11659380285
11.5690000000002,1945.90548037443
11.5700000000002,1946.20247542627
11.5710000000001,1945.42888717297
11.5720000000001,1944.13595377944
11.5730000000001,1943.44303857771
11.5740000000001,1943.52251583289
11.575,1944.49011173461
11.576,1946.37355535847
11.5770000000002,1947.55502256434
11.5780000000002,1948.6315970465
11.5790000000002,1950.59601963937
11.5800000000002,1953.44806319543
11.5810000000001,1957.09411315806
11.5820000000001,1961.34411167385
11.5830000000001,1964.31309568228
11.5840000000001,1966.55321341739
11.585,1968.96779526425
11.586,1971.54880176249
11.5870000000002,1974.26403719104
11.5880000000002,1977.04300816205
11.5890000000002,1978.07858216307
11.5900000000001,1978.21271103851
11.5910000000001,1978.5226442605
11.5920000000001,1979.157753067
11.5930000000001,1980.2072216854
11.5940000000001,1981.68118543529
11.595,1981.76704607098
11.596,1981.40503052314
11.5970000000002,1981.61944098285
11.5980000000002,1982.51354647169
11.5990000000002,1984.11993863845
11.6000000000001,1986.39301808711
11.6010000000001,1987.46819271118
11.6020000000001,1988.32920073197
11.6030000000001,1989.92633921611
11.604,1992.34569112642
11.605,1995.61123789943
11.6060000000002,1999.6724396468
11.6070000000002,2002.63113258025
11.6080000000002,2005.51616772355
11.6090000000002,2009.17976861624
11.6100000000001,2013.61024379931
11.6110000000001,2018.68953868669
11.6120000000001,2024.18691689353
11.6130000000001,2027.94346214728
11.614,2030.88592770137
11.615,2033.72282267173
11.6160000000002,2036.42385618754
11.6170000000002,2038.97509621092
11.6180000000002,2041.37967777521
11.6190000000001,2041.81168403638
11.6200000000001,2041.68881913518
11.6210000000001,2042.11987892858
11.6220000000001,2043.47559685629
11.623,2046.03816397533
11.624,2049.95157561221
11.625,2053.35335691497
11.6260000000002,2057.48387496712
11.6270000000002,2062.99156401462
11.6280000000002,2069.71729182742
11.6290000000001,2077.36649338663
11.6300000000001,2085.53955088871
11.6310000000001,2091.9374124433
11.6320000000001,2097.59928602185
11.633,2103.0664939216
11.634,2108.33226561725
11.6350000000002,2113.45147444386
11.6360000000002,2118.52392212281
11.6370000000002,2121.80849829268
11.6380000000001,2124.99134889618
11.6390000000001,2129.06065733962
11.6400000000001,2134.32828555132
11.6410000000001,2140.94921584325
11.6420000000001,2148.88234260152
11.643,2155.9867994015
11.644,2163.47594678752
11.6450000000002,2171.63898294034
11.6460000000002,2180.09995087196
11.6470000000002,2188.39328944134
11.6480000000001,2196.00041057401
11.6490000000001,2200.46031508687
11.6500000000001,2202.99087415331
11.6510000000001,2203.96328662341
11.652,2203.27099054274
11.653,2200.82548270487
11.6540000000002,2196.55170979957
11.6550000000002,2188.43512691812
11.6560000000002,2178.29826612068
11.6570000000002,2167.06065732355
11.6580000000001,2155.27124953392
11.6590000000001,2143.57806596722
11.6600000000001,2132.70128064289
11.6610000000001,2121.31502830912
11.662,2112.04574753187
11.663,2106.26673218477
11.6640000000002,2104.63051942867
11.6650000000002,2107.39361876395
11.6660000000002,2114.32682668242
11.6670000000001,2122.20649074398
11.6680000000001,2132.10931509049
11.6690000000001,2143.54776889106
11.6700000000001,2155.41613695647
11.671,2166.56361919672
11.672,2175.88146366687
11.673,2179.36062134951
11.6740000000002,2178.92095599542
11.6750000000002,2175.32495007667
11.6760000000002,2169.17570628028
11.6770000000001,2161.25151418537
11.6780000000001,2152.29884341273
11.6790000000001,2139.54083348003
11.6800000000001,2126.16806194099
11.681,2113.41728767033
11.682,2101.83464170064
11.6830000000002,2091.6944995084
11.6840000000002,2082.95772602746
11.6850000000002,2073.0101390711
11.6860000000001,2063.5815395109
11.6870000000001,2054.68640677057
11.6880000000001,2046.05395710586
11.6890000000001,2037.57543011864
11.6900000000001,2029.39271639134
11.691,2020.7864642492
11.692,2013.85729858036
11.6930000000002,2009.20419885998
11.6940000000002,2006.90877870933
11.6950000000002,2006.64282262083
11.6960000000001,2007.69924143955
11.6970000000001,2008.17688320193
11.6980000000001,2008.48846801727
11.6990000000001,2007.69268139205
11.7,2004.95642743351
11.701,1999.98765988992
11.7020000000002,1993.22019865039
11.7030000000002,1984.68917223561
11.7040000000002,1977.63704851287
11.7050000000002,1973.72910680752
11.7060000000001,1973.93294183337
11.7070000000001,1978.32677024362
11.7080000000001,1985.97889647848
11.7090000000001,1993.09612432982
11.71,1999.73949248791
11.711,2004.03942062191
11.7120000000002,2004.61531286494
11.7130000000002,2001.28673983951
11.7140000000002,1995.40622378968
11.7150000000001,1987.30829145055
11.7160000000001,1983.92352168494
11.7170000000001,1990.38986759365
11.7180000000001,2011.35908660247
11.7190000000001,2050.2729201756
11.72,2108.71097408167
11.721,2183.64584989791
11.7220000000002,2275.36869912422
11.7230000000002,2380.45749557385
11.7240000000002,2494.86453798674
11.7250000000001,2614.9226526478
11.7260000000001,2738.08892434921
11.7270000000001,2860.98669874057
11.7280000000001,2986.70580762277
11.729,3116.73392232649
11.73,3252.2231463355
11.7310000000002,3392.84655980428
11.7320000000002,3535.69785912778
11.7330000000002,3672.1568863135
11.7340000000002,3795.46096999267
11.7350000000001,3893.43801456609
11.7360000000001,3952.21805314526
11.7370000000001,3957.99249537088
11.7380000000001,3898.97047511198
11.739,3764.9959793369
11.74,3556.69746583113
11.7410000000002,3278.57442811864
11.7420000000002,2941.47468953926
11.7430000000002,2561.72962534142
11.7440000000001,2159.41386175274
11.7450000000001,1753.99346940553
11.7460000000001,1369.1518506504
11.7470000000001,1022.97222856275
11.748,728.450435809053
11.749,492.377037125806
11.75,315.001005298681
11.7510000000002,188.776436731821
11.7520000000002,106.816683931964
11.7530000000002,57.7304808391739
11.7540000000001,30.1632220264585
11.7550000000001,14.8560376840121
11.7560000000001,6.01757760930636
11.7570000000001,0.260589077544052
11.758,3.16354483660165
11.759,21.2627116732392
11.7600000000002,62.6956813360401
11.7610000000002,135.27578277395
11.7620000000002,244.426964767048
11.7630000000001,390.056114947078
11.7640000000001,572.193852250248
11.7650000000001,784.154931756537
11.7660000000001,1015.52519785108
11.7670000000001,1253.54994161237
11.768,1484.6235792582
11.769,1694.49913280076
11.7700000000002,1875.91088755427
11.7710000000002,2022.79829948328
11.7720000000002,2132.759386908
11.7730000000001,2206.75172193001
11.7740000000001,2248.081761503
11.7750000000001,2260.03476922149
11.7760000000001,2250.90687778245
11.777,2226.57724758027
11.778,2192.11514480373
11.7790000000002,2151.56450698644
11.7800000000002,2107.69749738616
11.7810000000002,2060.97506090641
11.7820000000002,2015.87075593161
11.7830000000001,1974.37294604115
11.7840000000001,1938.29188164943
11.7850000000001,1909.21612923346
11.7860000000001,1887.96734058862
11.787,1873.20658219139
11.788,1867.81214263352
11.7890000000002,1871.1862630557
11.7900000000002,1881.93554374698
11.7910000000002,1898.10488091156
11.7920000000001,1916.97719239804
11.7930000000001,1934.28737542373
11.7940000000001,1951.56642991524
11.7950000000001,1967.54730896564
11.796,1981.30794662043
11.797,1992.32037267564
11.798,1999.83696462867
11.7990000000002,2001.90022628611
11.8000000000002,2002.38381636903
11.8010000000002,2001.77278553462
11.8020000000001,2000.37691331708
11.8030000000001,1998.40724879444
11.8040000000001,1995.59344218454
11.8050000000001,1990.54164188801
11.806,1985.97491700189
11.807,1982.40249574644
11.8080000000002,1980.16919162483
11.8090000000002,1979.39236550646
11.8100000000002,1979.63465073105
11.8110000000001,1979.32339283463
11.8120000000001,1979.25963122751
11.8130000000001,1979.29602469474
11.8140000000001,1979.35324963034
11.8150000000001,1979.38266776999
11.816,1979.03734030007
11.817,1977.10228871918
11.8180000000002,1974.5887353054
11.8190000000002,1971.82331913402
11.8200000000002,1969.18287912599
11.8210000000001,1966.97963164381
11.8220000000001,1965.03799561234
11.8230000000001,1962.2184235061
11.8240000000001,1959.6425295138
11.825,1957.54845933567
11.826,1956.21982008248
11.8270000000002,1955.92840696974
11.8280000000002,1956.34889903402
11.8290000000002,1956.32677173474
11.8300000000002,1957.8052637696
11.8310000000001,1961.00053663335
11.8320000000001,1965.997234816
11.8330000000001,1972.71830110572
11.8340000000001,1980.23439713112
11.835,1986.84144498927
11.836,1994.34558490518
11.8370000000002,2002.37419258381
11.8380000000002,2010.46466018588
11.8390000000002,2018.13869288108
11.8400000000001,2024.27799422787
11.8410000000001,2027.37724178232
11.8420000000001,2029.51726725153
11.8430000000001,2030.932761911
11.8440000000001,2031.89145253231
11.845,2032.64331170513
11.846,2032.6772498662
11.8470000000002,2030.9897521299
11.8480000000002,2029.68568225041
11.8490000000002,2028.97659295866
11.8500000000001,2028.95570928205
11.8510000000001,2029.61316005231
11.8520000000001,2030.1252553402
11.8530000000001,2029.33740806439
11.854,2029.19495911847
11.855,2029.85846063504
11.8560000000002,2031.43569028412
11.8570000000002,2033.95453489829
11.8580000000002,2036.55546942287
11.8590000000002,2038.11000923452
11.8600000000001,2040.43811879197
11.8610000000001,2043.48911316989
11.8620000000001,2047.12017993432
11.8630000000001,2051.126328536
11.864,2054.4556077005
11.865,2056.01884490803
11.8660000000002,2057.69322925968
11.8670000000002,2059.63973290668
11.8680000000002,2062.00118779169
11.8690000000001,2064.8714986567
11.8700000000001,2067.41513724456
11.8710000000001,2068.77072369157
11.8720000000001,2070.80110634138
11.873,2073.57632932066
11.874,2077.05901794841
11.875,2081.1205422962
11.8760000000002,2084.67915534709
11.8770000000002,2086.79857125967
11.8780000000002,2089.23773118668
11.8790000000001,2092.09304604445
11.8800000000001,2095.43206894006
11.8810000000001,2099.27694401976
11.8820000000001,2102.67363888989
11.883,2104.89063338946
11.884,2107.69352248591
11.8850000000002,2111.15677862293
11.8860000000002,2115.25529664431
11.8870000000002,2119.86821336758
11.8880000000001,2123.85113957461
11.8890000000001,2126.40414259309
11.8900000000001,2129.12488901649
11.8910000000001,2132.01986185074
11.8920000000001,2135.05529234871
11.893,2138.15714930706
11.894,2140.23172514891
11.8950000000002,2140.67700352021
11.8960000000002,2141.20212356817
11.8970000000002,2141.94601083721
11.8980000000001,2142.99388567898
11.8990000000001,2144.36902233862
11.9000000000001,2144.9947821981
11.9010000000001,2144.38089480256
11.902,2144.23844603217
11.903,2144.67723543288
11.9040000000002,2145.71703450399
11.9050000000002,2147.28420720181
11.9060000000002,2148.12644559921
11.9070000000002,2147.68699831715
11.9080000000001,2147.55554970147
11.9090000000001,2147.75654454339
11.9100000000001,2148.25879168066
11.9110000000001,2148.97661221949
11.912,2148.63193955302
11.913,2146.79622000234
11.9140000000002,2145.14540395269
11.9150000000002,2143.83459975584
11.9160000000002,2142.97361987622
11.9170000000001,2142.61076483227
11.9180000000001,2141.52459452172
11.9190000000001,2139.42874800712
11.9200000000001,2138.01321696082
11.921,2137.41435240755
11.922,2137.66850202587
11.923,2138.69932725166
11.9240000000002,2139.06937098332
11.9250000000002,2138.38685597542
11.9260000000002,2138.14996910793
11.9270000000001,2138.35705192681
11.9280000000001,2138.96129771086
11.9290000000001,2139.8696635792
11.9300000000001,2139.65295444961
11.931,2138.10088241947
11.932,2136.79134193074
11.9330000000002,2135.81878967758
11.9340000000002,2135.18477199324
11.9350000000002,2134.77842833541
11.9360000000001,2133.05174254624
11.9370000000001,2129.75641021762
11.9380000000001,2126.29711365216
11.9390000000001,2122.67466708784
11.9400000000001,2118.89018679131
11.941,2114.96133003317
11.942,2109.57458511337
11.9430000000002,2102.95357348627
11.9440000000002,2096.89732763394
11.9450000000002,2091.81845373566
11.9460000000001,2088.02875984177
11.9470000000001,2085.68972097002
11.9480000000001,2083.39366838875
11.9490000000001,2081.19683516405
11.95,2080.44618971351
11.951,2081.06089843826
11.9520000000002,2082.88065393221
11.9530000000002,2085.7112722425
11.9540000000002,2087.93836897152
11.9550000000002,2089.7501798905
11.9560000000001,2092.69034013363
11.9570000000001,2097.03158548907
11.9580000000001,2102.99298140236
11.9590000000001,2110.68150873331
11.96,2118.58726254265
11.961,2126.89902404166
11.9620000000002,2136.80490403212
11.9630000000002,2148.08350061449
11.9640000000002,2160.36772328558
11.9650000000001,2173.19690593448
11.9660000000001,2184.58351914346
11.9670000000001,2194.57159054587
11.9680000000001,2204.33972470517
11.9690000000001,2213.93900622947
11.97,2223.4638712406
11.971,2233.01276719325
11.9720000000002,2241.10349957183
11.9730000000002,2248.30405897062
11.9740000000002,2256.02658786006
11.9750000000001,2264.37344325651
11.9760000000001,2273.28177988561
11.9770000000001,2282.52788509794
11.9780000000001,2290.17412053404
11.979,2296.43926627379
11.98,2302.33706580369
11.9810000000002,2307.73526187685
11.9820000000002,2312.49530153139
11.9830000000002,2316.48000895142
11.9840000000002,2317.93903506288
11.9850000000001,2317.49758649327
11.9860000000001,2316.50723260302
11.9870000000001,2315.20595084963
11.9880000000001,2313.77378322799
11.989,2312.30503820467
11.99,2309.13122600891
11.9910000000002,2304.97447658466
11.9920000000002,2301.06958418511
11.9930000000002,2297.49850411092
11.9940000000001,2294.24277961127
11.9950000000001,2291.19132810483
11.9960000000001,2286.46618187495
11.9970000000001,2280.75112259668
11.998,2275.20039195183
11.999,2269.94326383241
12,2265.08863908365
12.0010000000002,2260.71071477979
12.0020000000002,2255.11292077584
12.0030000000002,2249.2433918433
12.0040000000001,2244.34329450547
12.0050000000001,2240.57820242773
12.0060000000001,2237.9757842672
12.0070000000001,2236.407878281
12.008,2233.84112745158
12.009,2230.92804414766
12.0100000000002,2228.49820290441
12.0110000000002,2226.40422030204
12.0120000000002,2224.47079128211
12.0130000000001,2222.5145948504
12.0140000000001,2218.57130849847
12.0150000000001,2213.63913754744
12.0160000000001,2208.8952149927
12.0170000000001,2204.64172322349
12.018,2201.15380337333
12.019,2198.63410095372
12.0200000000002,2195.34001213795
12.0210000000002,2192.47528915816
12.0220000000002,2191.12797208852
12.0230000000001,2191.38621220215
12.0240000000001,2193.1889118097
12.0250000000001,2196.32919136059
12.0260000000001,2198.57181067133
12.027,2200.83699926332
12.028,2203.86269761389
12.0290000000002,2207.50171816582
12.0300000000002,2211.56167801899
12.0310000000002,2215.80789248248
12.0320000000002,2218.00443835404
12.0330000000001,2219.32728066521
12.0340000000001,2220.68925767057
12.0350000000001,2222.1777536587
12.0360000000001,2223.85412378069
12.037,2225.741402639
12.038,2225.78238248466
12.0390000000002,2225.48005621228
12.0400000000002,2225.88357849791
12.0410000000002,2227.16625570307
12.0420000000001,2229.38139014109
12.0430000000001,2232.44199222204
12.0440000000001,2234.01511809629
12.0450000000001,2235.4290984616
12.046,2237.38341129699
12.047,2239.73152663284
12.048,2242.25476445784
12.0490000000002,2244.68491115131
12.0500000000002,2244.5847802131
12.0510000000002,2243.447025546
12.0520000000001,2242.14259582617
12.0530000000001,2240.84016416206
12.0540000000001,2239.69748185157
12.0550000000001,2238.83207824809
12.056,2236.13518539917
12.057,2233.42455131965
12.0580000000002,2231.6598824392
12.0590000000002,2231.01938132044
12.0600000000002,2231.55035809045
12.0610000000001,2233.16183406858
12.0620000000001,2233.46617884233
12.0630000000001,2234.03403491529
12.0640000000001,2235.46724072057
12.0650000000001,2237.66830038482
12.066,2240.46298801316
12.067,2243.60620694321
12.0680000000002,2244.59225470598
12.0690000000002,2245.06185060945
12.0700000000002,2245.64456539624
12.0710000000001,2246.37345931584
12.0720000000001,2247.25063770001
12.0730000000001,2248.23410140344
12.0740000000001,2246.98459849023
12.075,2245.42775281249
12.076,2244.33845871785
12.0770000000002,2243.90115819358
12.0780000000002,2244.22577770697
12.0790000000002,2245.32671780883
12.0800000000002,2244.8666220267
12.0810000000001,2244.76757883539
12.0820000000001,2245.63633823499
12.0830000000001,2247.49090716192
12.0840000000001,2250.2457361822
12.085,2253.71257323124
12.086,2255.37194923657
12.0870000000002,2257.06215545746
12.0880000000002,2259.24915392605
12.0890000000002,2261.92849125522
12.0900000000001,2265.07345180524
12.0910000000001,2268.63227178248
12.0920000000001,2270.27196416611
12.0930000000001,2272.13378723771
12.0940000000001,2274.85320746856
12.095,2278.58887208615
12.096,2283.40008989222
12.0970000000002,2289.22517308236
12.0980000000002,2293.60013311686
12.0990000000002,2298.53703184109
12.1000000000001,2304.34971329775
12.1010000000001,2310.87398321602
12.1020000000001,2317.84366839
12.1030000000001,2324.9062189545
12.104,2329.34768273339
12.105,2333.11453570241
12.1060000000002,2336.42628345856
12.1070000000002,2339.14893602421
12.1080000000002,2341.12059280261
12.1090000000002,2342.15120831588
12.1100000000001,2339.69043354785
12.1110000000001,2336.00787459794
12.1120000000001,2331.54146507761
12.1130000000001,2326.43064414387
12.114,2320.80611765221
12.115,2314.79189552078
12.1160000000002,2306.11905613658
12.1170000000002,2297.50112185963
12.1180000000002,2289.70171850752
12.1190000000001,2283.19972831759
12.1200000000001,2278.40198987275
12.1210000000001,2275.59748621805
12.1220000000001,2272.3222110661
12.123,2271.30699909679
12.124,2272.94585432426
12.125,2277.16402355425
12.1260000000002,2283.60587470716
12.1270000000002,2291.62352537749
12.1280000000002,2297.20186289323
12.1290000000001,2302.52171466608
12.1300000000001,2307.28102165872
12.1310000000001,2311.03332568951
12.1320000000001,2313.39949744706
12.133,2314.04490302461
12.134,2308.9483932219
12.1350000000002,2301.6497059414
12.1360000000002,2292.94666325642
12.1370000000002,2283.54944208609
12.1380000000001,2274.10184795354
12.1390000000001,2265.0150957061
12.1400000000001,2252.76998459539
12.1410000000001,2240.86045328962
12.1420000000001,2229.61117368388
12.143,2219.10198551103
12.144,2209.32088967495
12.1450000000002,2200.18464723584
12.1460000000002,2189.23852932617
12.1470000000002,2179.06902431641
12.1480000000001,2169.77696791969
12.1490000000001,2161.33394649993
12.1500000000001,2153.67381996866
12.1510000000001,2146.73223199548
12.152,2139.35733594048
12.153,2133.3037773454
12.1540000000002,2128.35619778817
12.1550000000002,2124.11368514762
12.1560000000002,2120.13798358237
12.1570000000002,2116.07568928845
12.1580000000001,2110.78699748096
12.1590000000001,2106.1086177565
12.1600000000001,2102.14812225104
12.1610000000001,2098.94973631772
12.162,2096.52840271455
12.163,2094.83224751627
12.1640000000002,2092.33390760968
12.1650000000002,2091.21826603383
12.1660000000002,2091.43411514364
12.1670000000001,2092.74900961969
12.1680000000001,2094.85231763229
12.1690000000001,2097.34754803052
12.1700000000001,2097.78399185523
12.171,2099.21404735379
12.172,2102.37421727157
12.173,2108.2183157671
12.1740000000002,2117.88035209824
12.1750000000002,2132.42183495473
12.1760000000002,2150.60599128215
12.1770000000001,2176.73879771163
12.1780000000001,2212.35784780681
12.1790000000001,2258.83994000342
12.1800000000001,2317.37776367679
12.181,2388.73132394966
12.182,2471.33002530977
12.1830000000002,2568.31423482339
12.1840000000002,2679.74638056464
12.1850000000002,2804.91658057746
12.1860000000001,2942.18565315494
12.1870000000001,3088.61986491134
12.1880000000001,3238.32923212528
12.1890000000001,3389.20522829772
12.1900000000001,3535.73612085156
12.191,3671.63070041818
12.192,3790.11578231191
12.1930000000002,3883.97005492154
12.1940000000002,3944.34613893192
12.1950000000002,3967.68916305879
12.1960000000001,3948.69251308532
12.1970000000001,3882.98573411821
12.1980000000001,3767.45347998235
12.1990000000001,3600.26921040765
12.2,3379.93410496034
12.201,3112.10242129566
12.2020000000002,2802.70321544087
12.2030000000002,2460.41783038887
12.2040000000002,2096.5152061756
12.2050000000002,1723.97184623662
12.2060000000001,1355.39951757355
12.2070000000001,1007.99805574621
12.2080000000001,695.300293952507
12.2090000000001,428.164939710063
12.21,213.752741214258
12.211,54.5763393336139
12.2120000000002,-52.4771966111963
12.2130000000002,-109.732516471662
12.2140000000002,-124.180249344226
12.2150000000001,-103.818840020845
12.2160000000001,-56.1717860794523
12.2170000000001,12.5022624497091
12.2180000000001,97.0663920886133
12.2190000000001,199.039932775911
12.22,319.645057413486
12.221,460.879678202685
12.2220000000002,624.215800299443
12.2230000000002,808.903783913519
12.2240000000002,1010.38994712569
12.2250000000001,1225.24151148775
12.2260000000001,1445.25020308167
12.2270000000001,1660.4320729724
12.2280000000001,1860.32817301445
12.229,2034.93416474413
12.23,2175.41598716505
12.2310000000002,2280.02903038721
12.2320000000002,2348.3388283697
12.2330000000002,2383.04330119833
12.2340000000002,2389.25123478352
12.2350000000001,2372.93129855742
12.2360000000001,2339.43713114223
12.2370000000001,2297.43661959144
12.2380000000001,2252.27582939229
12.239,2207.77532774102
12.24,2166.30964225211
12.2410000000002,2128.51948767113
12.2420000000002,2093.51712338426
12.2430000000002,2064.08252502919
12.2440000000001,2040.71992126821
12.2450000000001,2023.91481951199
12.2460000000001,2014.07110818797
12.2470000000001,2010.60498679094
12.248,2011.79958015801
12.249,2019.7120150658
12.25,2033.1861782333
12.2510000000002,2050.52963638582
12.2520000000002,2069.79904884044
12.2530000000002,2088.2188473473
12.2540000000001,2102.81963229542
12.2550000000001,2115.84734742683
12.2560000000001,2126.95582706088
12.2570000000001,2136.09655543672
12.258,2143.44879844375
12.259,2148.38144292738
12.2600000000002,2149.83888316745
12.2610000000002,2151.00215043392
12.2620000000002,2151.9226240857
12.2630000000001,2152.31700623659
12.2640000000001,2151.73339331859
12.2650000000001,2149.05879851224
12.2660000000001,2142.94115955837
12.2670000000001,2135.4220668994
12.268,2127.06496119705
12.269,2118.56337294067
12.2700000000002,2110.60188949193
12.2710000000002,2103.28941790706
12.2720000000002,2096.00419579651
12.2730000000001,2089.98686778202
12.2740000000001,2085.58871598626
12.2750000000001,2083.03688421183
12.2760000000001,2082.37423520053
12.277,2082.98828485722
12.278,2083.62552591352
12.2790000000002,2084.94184227571
12.2800000000002,2086.93824907578
12.2810000000002,2089.68378473144
12.2820000000002,2093.22231532957
12.2830000000001,2096.88256830627
12.2840000000001,2099.58675738035
12.2850000000001,2102.50059620178
12.2860000000001,2105.64556516021
12.287,2109.02003060244
12.288,2112.56379596517
12.2890000000002,2115.26661852056
12.2900000000002,2116.10249527447
12.2910000000002,2116.86607868083
12.2920000000001,2117.5924001228
12.2930000000001,2118.28680037967
12.2940000000001,2118.94050240861
12.2950000000001,2118.56268704533
12.296,2116.42318938353
12.297,2114.69740571633
12.298,2113.62291335117
12.2990000000002,2113.33058041324
12.3000000000002,2113.84101753373
12.3010000000002,2114.10655773582
12.3020000000001,2113.32117726743
12.3030000000001,2113.29794001519
12.3040000000001,2114.0673599539
12.3050000000001,2115.58056716979
12.306,2117.72176420504
12.307,2119.34995334366
12.3080000000002,2119.7039508592
12.3090000000002,2120.52218283555
12.3100000000002,2121.90155670873
12.3110000000001,2123.88126694692
12.3120000000001,2126.42645441351
12.3130000000001,2128.39629139577
12.3140000000001,2129.12417370615
12.3150000000001,2130.30682301119
12.316,2131.97261903427
12.317,2134.08885636901
12.3180000000002,2136.57724187894
12.3190000000002,2138.25584059162
12.3200000000002,2138.61576517738
12.3210000000001,2139.46426747336
12.3220000000001,2140.96675081663
12.3230000000001,2143.20923383733
12.3240000000001,2146.17866963843
12.325,2148.64060436617
12.326,2150.06421648381
12.3270000000002,2152.04348405629
12.3280000000002,2154.5213292662
12.3290000000002,2157.36329196486
12.3300000000002,2160.38763941998
12.3310000000001,2162.26458545399
12.3320000000001,2162.58583515914
12.3330000000001,2163.04236465587
12.3340000000001,2163.82941069574
12.335,2165.11216910946
12.336,2166.99749197898
12.3370000000002,2168.34992976758
12.3380000000002,2168.95128940783
12.3390000000002,2170.42108013007
12.3400000000001,2172.80612014072
12.3410000000001,2176.02377662779
12.3420000000001,2179.87625356672
12.3430000000001,2182.87846607463
12.3440000000001,2184.62397271454
12.345,2186.50616450452
12.346,2188.47401173846
12.3470000000002,2190.44654855539
12.3480000000002,2192.31471869771
12.3490000000002,2192.7089161405
12.3500000000001,2191.49592162642
12.3510000000001,2190.22951872511
12.3520000000001,2189.03540857408
12.3530000000001,2187.98126640466
12.354,2187.07515192116
12.355,2185.00369070524
12.3560000000002,2181.78133569314
12.3570000000002,2178.96578955359
12.3580000000002,2176.70771635057
12.3590000000002,2175.08170511692
12.3600000000001,2174.08166116639
12.3610000000001,2172.31524761181
12.3620000000001,2169.80508061236
12.3630000000001,2167.98103618373
12.364,2166.87539794752
12.365,2166.42695602764
12.3660000000002,2166.48837397897
12.3670000000002,2165.48705969824
12.3680000000002,2163.42417251844
12.3690000000001,2161.66733769165
12.3700000000001,2160.28059018217
12.3710000000001,2159.30690624101
12.3720000000001,2158.76555872529
12.373,2157.22232470034
12.374,2154.96533190553
12.375,2153.54362174281
12.3760000000002,2153.14520350645
12.3770000000002,2153.82727184337
12.3780000000002,2155.48933701995
12.3790000000001,2156.3837316499
12.3800000000001,2156.5170009292
12.3810000000001,2157.00973173268
12.3820000000001,2157.66101965124
12.383,2158.229683121
12.384,2158.46931178623
12.3850000000002,2156.62312290557
12.3860000000002,2153.02160198832
12.3870000000002,2149.1689603056
12.3880000000001,2145.37480898976
12.3890000000001,2141.92299487656
12.3900000000001,2139.01776506748
12.3910000000001,2135.16179151844
12.3920000000001,2130.88817071386
12.393,2127.59133522328
12.394,2125.34675029584
12.3950000000002,2124.10970880902
12.3960000000002,2123.73532334181
12.3970000000002,2122.39325316828
12.3980000000001,2120.48661254292
12.3990000000001,2119.24113345611
12.4000000000001,2118.68016629132
12.4010000000001,2118.74208861671
12.402,2119.25830848067
12.403,2118.31682558317
12.4040000000002,2116.31126849132
12.4050000000002,2114.30079666471
12.4060000000002,2112.2205042957
12.4070000000002,2110.01678675602
12.4080000000001,2107.67740846195
12.4090000000001,2103.58901494114
12.4100000000001,2098.70166878694
12.4110000000001,2094.56858585833
12.412,2091.62821724853
12.413,2090.18607466126
12.4140000000002,2090.35339560989
12.4150000000002,2090.33274576947
12.4160000000002,2090.73329702046
12.4170000000001,2092.46037966319
12.4180000000001,2095.29818093368
12.4190000000001,2098.99969611664
12.4200000000001,2103.35972347738
12.421,2106.54686731578
12.422,2109.57351182905
12.423,2113.8808021164
12.4240000000002,2119.93118800659
12.4250000000002,2128.07596165222
12.4260000000002,2138.45273948312
12.4270000000001,2149.16086072993
12.4280000000001,2160.8375111199
12.4290000000001,2174.07179775806
12.4300000000001,2188.30405802972
12.431,2202.85633460666
12.432,2217.04225774921
12.4330000000002,2228.48161143105
12.4340000000002,2237.91524585305
12.4350000000002,2246.38114530224
12.4360000000001,2254.16313116459
12.4370000000001,2261.59978274573
12.4380000000001,2268.98184267519
12.4390000000001,2274.63134709832
12.4400000000001,2279.75296201647
12.441,2285.32927116824
12.442,2291.27258037926
12.4430000000002,2297.32354443946
12.4440000000002,2303.11350932974
12.4450000000002,2306.3705656895
12.4460000000001,2308.04479268126
12.4470000000001,2309.01849003224
12.4480000000001,2309.3958859843
12.4490000000001,2309.28170633459
12.45,2308.72769589964
12.451,2305.80107943918
12.4520000000002,2301.7415804281
12.4530000000002,2297.43398646989
12.4540000000002,2292.88423911379
12.4550000000002,2288.02481850948
12.4560000000001,2282.75242585008
12.4570000000001,2275.04434469131
12.4580000000001,2266.31086284541
12.4590000000001,2257.64564716258
12.46,2249.40394893185
12.461,2241.88183223382
12.4620000000002,2235.25511263802
12.4630000000002,2227.57060752623
12.4640000000002,2220.22857277335
12.4650000000001,2214.00569276265
12.4660000000001,2208.84675589488
12.4670000000001,2204.60361195853
12.4680000000001,2201.07796699514
12.4690000000001,2196.06172120142
12.47,2191.01282715356
12.471,2186.84472271516
12.4720000000002,2183.81008704222
12.4730000000002,2182.10437176061
12.4740000000002,2181.80039500137
12.4750000000001,2180.75975911512
12.4760000000001,2180.40864450725
12.4770000000001,2181.30508696885
12.4780000000001,2183.22647457126
12.479,2185.82638102289
12.48,2188.67884460897
12.4810000000002,2189.23850068107
12.4820000000002,2188.89728704876
12.4830000000002,2188.30771322113
12.4840000000002,2187.6067511813
12.4850000000001,2186.97515743022
12.4860000000001,2186.58747711366
12.4870000000001,2184.41368063505
12.4880000000001,2182.40112475581
12.489,2181.4346583506
12.49,2181.70125748035
12.4910000000002,2183.22928088171
12.4920000000002,2185.88118168301
12.4930000000002,2187.13248116452
12.4940000000001,2188.62740130267
12.4950000000001,2190.81353487731
12.4960000000001,2193.533425541
12.4970000000001,2196.56620666815
12.498,2199.63130409454
12.499,2200.08106669681
12.5,2199.74663483607
12.5010000000002,2199.19355491241
12.5020000000002,2198.47913016646
12.5030000000002,2197.65090883241
12.5040000000001,2196.73452563851
12.5050000000001,2193.3861624376
12.5060000000001,2189.84209758277
12.5070000000001,2186.89431244718
12.508,2184.80083571195
12.509,2183.72525620324
12.5100000000002,2183.71564993388
12.5110000000002,2182.34945219627
12.5120000000002,2181.77576977462
12.5130000000001,2182.50678500045
12.5140000000001,2184.51577114116
12.5150000000001,2187.66039979332
12.5160000000001,2191.68974626937
12.5170000000001,2193.88603737202
12.518,2196.25399256315
12.519,2199.12213013908
12.5200000000002,2202.39971869026
12.5210000000002,2205.95703605343
12.5220000000002,2209.62495268388
12.5230000000001,2210.8010520608
12.5240000000001,2211.72918282783
12.5250000000001,2212.90846353817
12.5260000000001,2214.47129885567
12.527,2216.49857038571
12.528,2218.99905595041
12.5290000000002,2219.50866270908
12.5300000000002,2220.38656832386
12.5310000000002,2222.09962831256
12.5320000000002,2224.74375811275
12.5330000000001,2228.32449795998
12.5340000000001,2232.74508807677
12.5350000000001,2235.41580586495
12.5360000000001,2238.58284995959
12.537,2242.47200729942
12.538,2246.94890434136
12.5390000000002,2251.76841959633
12.5400000000002,2256.58908207933
12.5410000000002,2258.61701638642
12.5420000000001,2260.06885002024
12.5430000000001,2261.18636240133
12.5440000000001,2262.09106998358
12.5450000000001,2263.01026360572
12.546,2264.2635760804
12.547,2263.8046098304
12.548,2264.67552096643
12.5490000000002,2267.66259079973
12.5500000000002,2273.14605223493
12.5510000000002,2281.16863578602
12.5520000000001,2291.37017168126
12.5530000000001,2300.54150301777
12.5540000000001,2310.33481324235
12.5550000000001,2319.92132472927
12.556,2328.24968837846
12.557,2334.33329585926
12.5580000000002,2337.3883073778
12.5590000000002,2334.45061625545
12.5600000000002,2328.25010035655
12.5610000000001,2319.4652668972
12.5620000000001,2308.90884341436
12.5630000000001,2297.48767828774
12.5640000000001,2286.05471319837
12.5650000000001,2272.73834480894
12.566,2260.91607368786
12.567,2251.17337701146
12.5680000000002,2243.75818440347
12.5690000000002,2238.67895240772
12.5700000000002,2235.76139162901
12.5710000000001,2231.8929958165
12.5720000000001,2229.95015090952
12.5730000000001,2230.02221586642
12.5740000000001,2232.10593331992
12.575,2236.040086872
12.576,2241.3735442461
12.5770000000002,2244.1624166744
12.5780000000002,2247.15026543669
12.5790000000002,2249.95459857534
12.5800000000002,2252.16043434015
12.5810000000001,2253.36594624433
12.5820000000001,2253.08342687777
12.5830000000001,2247.26849487756
12.5840000000001,2239.77020265397
12.585,2231.3004916684
12.586,2222.6595058925
12.5870000000002,2214.55244502259
12.5880000000002,2207.23538241431
12.5890000000002,2197.49615733222
12.5900000000001,2188.55314211588
12.5910000000001,2180.3101762981
12.5920000000001,2172.51513626885
12.5930000000001,2164.89849856204
12.5940000000001,2157.14593368876
12.595,2147.41528047764
12.596,2138.26882338992
12.5970000000002,2130.07095156935
12.5980000000002,2123.09697113787
12.5990000000002,2117.49842497555
12.6000000000001,2113.1732711683
12.6010000000001,2109.12894327391
12.6020000000001,2106.6521469538
12.6030000000001,2105.13798337287
12.604,2103.82725547265
12.605,2102.06054511753
12.6060000000002,2099.37336069177
12.6070000000002,2095.0823792428
12.6080000000002,2091.223956926
12.6090000000002,2088.31375659206
12.6100000000001,2086.73274540795
12.6110000000001,2086.63488542499
12.6120000000001,2087.68556369308
12.6130000000001,2088.1244912337
12.614,2089.49362891928
12.615,2091.17529626221
12.6160000000002,2092.54509572986
12.6170000000002,2093.22010155549
12.6180000000002,2092.93121130933
12.6190000000001,2090.27114768367
12.6200000000001,2089.18120323238
12.6210000000001,2091.53024822384
12.6220000000001,2099.29214874515
12.623,2114.28928105843
12.624,2137.58277530112
12.625,2168.06171040439
12.6260000000002,2208.94674621709
12.6270000000002,2260.58607176315
12.6280000000002,2323.06323899206
12.6290000000001,2396.42228518586
12.6300000000001,2480.44708343654
12.6310000000001,2573.71626764655
12.6320000000001,2679.28477943086
12.633,2797.72467622216
12.634,2928.97071309407
12.6350000000002,3071.87922965994
12.6360000000002,3223.39866872492
12.6370000000002,3377.47736084893
12.6380000000001,3530.43883624837
12.6390000000001,3674.73302759532
12.6400000000001,3801.56667032302
12.6410000000001,3901.57753513766
12.6420000000001,3965.16789425644
12.643,3982.64616482102
12.644,3950.32539766045
12.6450000000002,3864.69182479155
12.6460000000002,3724.94895729934
12.6470000000002,3533.13375834155
12.6480000000001,3293.47697322392
12.6490000000001,3011.51309906137
12.6500000000001,2698.68051860407
12.6510000000001,2365.47731576026
12.652,2022.93755874746
12.653,1681.9941879268
12.6540000000002,1352.35534149721
12.6550000000002,1041.61543590608
12.6560000000002,759.687608401475
12.6570000000002,512.560472496441
12.6580000000001,304.261852603268
12.6590000000001,136.926675409964
12.6600000000001,10.4458863561764
12.6610000000001,-77.4340873062242
12.662,-126.157696854762
12.663,-137.708767089106
12.6640000000002,-114.252020625372
12.6650000000002,-57.8880400164408
12.6660000000002,28.8235095316601
12.6670000000001,142.675541293096
12.6680000000001,283.865449253893
12.6690000000001,450.038380520561
12.6700000000001,637.876689752969
12.671,842.823934683885
12.672,1058.34375066303
12.673,1276.10495014654
12.6740000000002,1490.41643161036
12.6750000000002,1693.36443888556
12.6760000000002,1877.42299968768
12.6770000000001,2036.17382072985
12.6780000000001,2164.25477375933
12.6790000000001,2257.99203234984
12.6800000000001,2319.38267219638
12.681,2350.67379995472
12.682,2355.84536975182
12.6830000000002,2340.03980085536
12.6840000000002,2308.19894302738
12.6850000000002,2264.81688634666
12.6860000000001,2217.06165651862
12.6870000000001,2169.26164946082
12.6880000000001,2124.63184328526
12.6890000000001,2085.3107112223
12.6900000000001,2051.7112544389
12.691,2023.35248300483
12.692,2002.60689344586
12.6930000000002,1989.43347052689
12.6940000000002,1983.48039390833
12.6950000000002,1984.13502117781
12.6960000000001,1989.56146334498
12.6970000000001,1997.70973029829
12.6980000000001,2009.89213054158
12.6990000000001,2024.76127402921
12.7,2040.78685861837
12.701,2056.46140662035
12.7020000000002,2069.34659235139
12.7030000000002,2077.6859184924
12.7040000000002,2083.9781509709
12.7050000000002,2088.25527109933
12.7060000000001,2090.72204781897
12.7070000000001,2091.73229724255
12.7080000000001,2090.63705728785
12.7090000000001,2087.13721048984
12.71,2084.21286985797
12.711,2082.19934801386
12.7120000000002,2081.11127764277
12.7130000000002,2080.73409686742
12.7140000000002,2079.97602523563
12.7150000000001,2077.80228508036
12.7160000000001,2075.66250631469
12.7170000000001,2073.75935148207
12.7180000000001,2072.34964429274
12.7190000000001,2071.6526943014
12.72,2071.24812979891
12.721,2070.35536824961
12.7220000000002,2069.812096317
12.7230000000002,2069.76337141333
12.7240000000002,2070.31089200105
12.7250000000001,2071.44074907422
12.7260000000001,2072.45030769363
12.7270000000001,2072.35486146977
12.7280000000001,2071.8128554493
12.729,2070.93660860435
12.73,2069.9279697932
12.7310000000002,2068.98865577581
12.7320000000002,2067.46771654646
12.7330000000002,2064.82199956481
12.7340000000002,2062.41584482252
12.7350000000001,2060.4783586276
12.7360000000001,2059.18737587106
12.7370000000001,2058.63328233185
12.7380000000001,2057.73637181624
12.739,2055.98541757605
12.74,2055.05219585055
12.7410000000002,2054.92471985366
12.7420000000002,2055.49798810883
12.7430000000002,2056.60470066126
12.7440000000001,2056.90736458516
12.7450000000001,2055.92344407535
12.7460000000001,2055.38586266115
12.7470000000001,2055.35912117463
12.748,2055.83633147765
12.749,2056.73967942735
12.75,2056.81458364412
12.7510000000002,2055.64733015538
12.7520000000002,2054.82877397499
12.7530000000002,2054.43618557252
12.7540000000001,2054.49796648477
12.7550000000001,2054.99673556457
12.7560000000001,2054.74676972357
12.7570000000001,2053.50193128965
12.758,2052.8849112477
12.759,2053.06019787027
12.7600000000002,2054.10743612141
12.7610000000002,2056.00272499607
12.7620000000002,2057.4333553485
12.7630000000001,2058.10408770901
12.7640000000001,2059.43467032355
12.7650000000001,2061.37285856919
12.7660000000001,2063.80402760339
12.7670000000001,2066.5756882052
12.768,2068.30567593572
12.769,2068.8547249548
12.7700000000002,2069.7617893066
12.7710000000002,2071.16844341233
12.7720000000002,2073.14916108584
12.7730000000001,2075.68855857965
12.7740000000001,2077.42658313952
12.7750000000001,2078.25217750239
12.7760000000001,2079.52126101455
12.777,2081.18304537772
12.778,2083.1177004484
12.7790000000002,2085.16733750857
12.7800000000002,2085.89875337997
12.7810000000002,2085.35219761982
12.7820000000002,2085.0262726268
12.7830000000001,2085.14124626787
12.7840000000001,2085.88153776771
12.7850000000001,2087.36420234258
12.7860000000001,2088.31476944406
12.787,2088.90578700495
12.788,2090.48878747451
12.7890000000002,2093.03242668457
12.7900000000002,2096.36262115483
12.7910000000002,2100.1905848846
12.7920000000001,2102.83166302747
12.7930000000001,2104.24008131345
12.7940000000001,2105.56412642208
12.7950000000001,2106.77459165029
12.796,2107.86210798477
12.797,2108.83621676369
12.798,2108.37047277791
12.7990000000002,2106.89326778984
12.8000000000002,2105.85445749736
12.8010000000002,2105.46438959965
12.8020000000001,2105.81008676465
12.8030000000001,2106.84266459203
12.8040000000001,2107.01034525856
12.8050000000001,2106.52081130517
12.806,2106.44220131038
12.807,2106.6612434449
12.8080000000002,2107.01897187668
12.8090000000002,2107.34069189728
12.8100000000002,2106.04874233045
12.8110000000001,2103.57080071741
12.8120000000001,2101.19079003914
12.8130000000001,2099.09036869019
12.8140000000001,2097.39187309617
12.8150000000001,2096.13078833103
12.816,2093.77007312132
12.817,2090.78239415368
12.8180000000002,2088.30030582206
12.8190000000002,2086.30287107384
12.8200000000002,2084.68547352196
12.8210000000001,2083.28421214931
12.8220000000001,2080.37569045712
12.8230000000001,2076.48399609838
12.8240000000001,2072.81340854715
12.825,2069.52845099336
12.826,2066.7593292447
12.8270000000002,2064.57180360868
12.8280000000002,2061.3527558731
12.8290000000002,2057.78027962075
12.8300000000002,2054.99915661597
12.8310000000001,2053.02375418765
12.8320000000001,2051.74670810323
12.8330000000001,2050.95097502138
12.8340000000001,2048.70015822037
12.835,2045.53540483211
12.836,2042.45141941097
12.8370000000002,2039.46224040185
12.8380000000002,2036.57974954648
12.8390000000002,2033.80419437282
12.8400000000001,2029.44147399396
12.8410000000001,2024.40180586437
12.8420000000001,2019.88689311322
12.8430000000001,2016.06930091132
12.8440000000001,2013.00831799294
12.845,2010.6348814122
12.846,2007.05730784481
12.8470000000002,2003.02912872378
12.8480000000002,1999.45408469307
12.8490000000002,1996.27691280796
12.8500000000001,1993.40447143177
12.8510000000001,1990.72013167429
12.8520000000001,1986.36289487436
12.8530000000001,1981.3318729451
12.854,1976.71372248284
12.855,1972.68124523043
12.8560000000002,1969.33049626207
12.8570000000002,1966.65820095498
12.8580000000002,1962.79193042343
12.8590000000002,1958.75117617254
12.8600000000001,1955.47399864869
12.8610000000001,1953.02122796796
12.8620000000001,1951.43002563917
12.8630000000001,1950.73251651634
12.864,1949.18377313076
12.865,1948.11456156478
12.8660000000002,1948.69378505037
12.8670000000002,1951.22428131499
12.8680000000002,1955.87672577438
12.8690000000001,1962.64455115469
12.8700000000001,1969.52487046939
12.8710000000001,1977.47909309162
12.8720000000001,1987.03927678666
12.873,1997.85679407273
12.874,2009.50273676209
12.875,2021.52823951689
12.8760000000002,2031.68956423296
12.8770000000002,2041.08160264703
12.8780000000002,2050.50851588833
12.8790000000001,2060.10625539528
12.8800000000001,2069.99787241612
12.8810000000001,2080.23463875483
12.8820000000001,2088.87471099408
12.883,2097.21491335891
12.884,2105.92598627565
12.8850000000002,2114.85547407504
12.8860000000002,2123.72751776368
12.8870000000002,2132.18412578199
12.8880000000001,2137.92905131258
12.8890000000001,2142.17100710015
12.8900000000001,2145.58725800586
12.8910000000001,2148.26062346346
12.8920000000001,2150.29033725632
12.893,2151.75623955223
12.894,2150.74676941576
12.8950000000002,2148.8708666109
12.8960000000002,2146.96814383797
12.8970000000002,2145.18280814079
12.8980000000001,2143.55907558047
12.8990000000001,2142.04868484356
12.9000000000001,2138.55806910294
12.9010000000001,2134.64218638747
12.902,2131.0381888881
12.903,2127.89007454527
12.9040000000002,2125.29153110548
12.9050000000002,2123.26364516081
12.9060000000002,2119.74463032726
12.9070000000002,2116.3655533946
12.9080000000001,2113.78038051762
12.9090000000001,2112.03266119927
12.9100000000001,2111.07045404092
12.9110000000001,2110.74308480698
12.912,2108.78453271905
12.913,2106.7244646156
12.9140000000002,2105.0327813953
12.9150000000002,2103.62800612486
12.9160000000002,2102.34933261938
12.9170000000001,2100.95021144202
12.9180000000001,2097.0577418158
12.9190000000001,2092.22108272353
12.9200000000001,2086.88924463354
12.921,2081.08629406095
12.922,2074.86779718363
12.923,2068.32241682988
12.9240000000002,2059.4662868306
12.9250000000002,2050.44393050896
12.9260000000002,2042.20967865895
12.9270000000001,2035.27083262849
12.9280000000001,2030.03253956791
12.9290000000001,2026.73325163529
12.9300000000001,2023.25258779174
12.931,2021.49698625336
12.932,2021.85827530257
12.9330000000002,2024.18168419159
12.9340000000002,2028.16797382307
12.9350000000002,2033.40224858041
12.9360000000001,2037.17286889723
12.9370000000001,2041.1659982996
12.9380000000001,2045.59727185424
12.9390000000001,2050.33855372053
12.9400000000001,2055.24809171264
12.941,2060.14533515244
12.942,2062.49580357885
12.9430000000002,2064.36928279099
12.9440000000002,2066.1818643981
12.9450000000002,2068.01097740699
12.9460000000001,2069.91204451628
12.9470000000001,2071.90968857831
12.9480000000001,2071.62959134363
12.9490000000001,2071.47615867793
12.95,2072.01647552718
12.951,2073.43524188463
12.9520000000002,2075.77886737663
12.9530000000002,2078.92399210237
12.9540000000002,2080.20487613815
12.9550000000002,2081.7128444341
12.9560000000001,2083.54721067245
12.9570000000001,2085.51109865962
12.9580000000001,2087.40248086145
12.9590000000001,2089.047128332
12.96,2087.9197922208
12.961,2086.54813978834
12.9620000000002,2085.47620765428
12.9630000000002,2085.00025724265
12.9640000000002,2085.30492428726
12.9650000000001,2086.40182589205
12.9660000000001,2085.66812487249
12.9670000000001,2085.41556031712
12.9680000000001,2085.71518324342
12.9690000000001,2086.40226652694
12.97,2087.30855324563
12.971,2088.31313517059
12.9720000000002,2086.93300476982
12.9730000000002,2085.94779390571
12.9740000000002,2085.97826756966
12.9750000000001,2087.48609336371
12.9760000000001,2090.80251909754
12.9770000000001,2096.03104354817
12.9780000000001,2100.56456192154
12.979,2106.68307817763
12.98,2114.11035531101
12.9810000000002,2122.28425240546
12.9820000000002,2130.54318805436
12.9830000000002,2138.22710007697
12.9840000000002,2142.38081323756
12.9850000000001,2145.37891817382
12.9860000000001,2147.42408181311
12.9870000000001,2148.81435510915
12.9880000000001,2149.92880166997
12.989,2151.14059518705
12.99,2150.33989873395
12.9910000000002,2150.4944364122
12.9920000000002,2151.97401292891
12.9930000000002,2154.94837153884
12.9940000000001,2159.4096776491
12.9950000000001,2165.15310016717
12.9960000000001,2169.5320815718
12.9970000000001,2174.93743323349
12.998,2181.25468511638
12.999,2188.24827614868
13,2195.56051477051
13.0010000000002,2202.62584099297
13.0020000000002,2206.55220179346
13.0030000000002,2209.41825039717
13.0040000000001,2210.88258829919
13.0050000000001,2210.62606402392
13.0060000000001,2208.43339482099
13.0070000000001,2204.13357328417
13.008,2195.62211653897
13.009,2185.9779113242
13.0100000000002,2176.03290055114
13.0110000000002,2166.64803046991
13.0120000000002,2158.61554391761
13.0130000000001,2152.38674206745
13.0140000000001,2145.96845657749
13.0150000000001,2142.27385312482
13.0160000000001,2141.43896746599
13.0170000000001,2143.27599087952
13.018,2147.31584435041
13.019,2152.63158865201
13.0200000000002,2155.67606113055
13.0210000000002,2158.82112502564
13.0220000000002,2161.81160994294
13.0230000000001,2164.47014935656
13.0240000000001,2166.64929823612
13.0250000000001,2167.82952137301
13.0260000000001,2164.55442259809
13.027,2160.14100048083
13.028,2154.91100332922
13.0290000000002,2149.15808096431
13.0300000000002,2143.06481648341
13.0310000000002,2136.25982209752
13.0320000000002,2125.62776606864
13.0330000000001,2114.22934184969
13.0340000000001,2102.24478911526
13.0350000000001,2089.86874907436
13.0360000000001,2077.32638550872
13.037,2064.59126312179
13.038,2050.28428679754
13.0390000000002,2036.92165768142
13.0400000000002,2024.84931614484
13.0410000000002,2014.28907434026
13.0420000000001,2005.39228725917
13.0430000000001,1998.1133512567
13.0440000000001,1991.95845338938
13.0450000000001,1988.41621504864
13.046,1987.30817732423
13.047,1988.22047231518
13.048,1990.62016936549
13.0490000000002,1993.78362431907
13.0500000000002,1996.70726002651
13.0510000000002,2000.39693477697
13.0520000000001,2004.3854093538
13.0530000000001,2008.13732230383
13.0540000000001,2011.15230474453
13.0550000000001,2012.78361480302
13.056,2011.96767160709
13.057,2010.46826240713
13.0580000000002,2008.47814491287
13.0590000000002,2006.2368693475
13.0600000000002,2004.0708747959
13.0610000000001,2001.98216308045
13.0620000000001,1999.03200029828
13.0630000000001,1998.3434795267
13.0640000000001,2000.97403440059
13.0650000000001,2007.9379398932
13.066,2020.15291104546
13.067,2037.87365660739
13.0680000000002,2060.09298775089
13.0690000000002,2089.94309018361
13.0700000000002,2128.29650980609
13.0710000000001,2176.03923309253
13.0720000000001,2234.13682241775
13.0730000000001,2303.11871261168
13.0740000000001,2382.63628003906
13.075,2476.01076412166
13.076,2584.08576059768
13.0770000000002,2706.94930295935
13.0780000000002,2843.6239945683
13.0790000000002,2991.25610001345
13.0800000000002,3144.75890738375
13.0810000000001,3301.1445665358
13.0820000000001,3454.06256569556
13.0830000000001,3596.06449651336
13.0840000000001,3719.03555870296
13.085,3814.09094521384
13.086,3872.01904609127
13.0870000000002,3888.01868462577
13.0880000000002,3856.52138415017
13.0890000000002,3773.53355297652
13.0900000000001,3636.97321447396
13.0910000000001,3446.33128505252
13.0920000000001,3202.99977784725
13.0930000000001,2914.4967812756
13.0940000000001,2589.05691660937
13.095,2237.39680536639
13.096,1872.29101495863
13.0970000000002,1507.18150431461
13.0980000000002,1155.37340521308
13.0990000000002,832.586885918466
13.1000000000001,550.492338154396
13.1010000000001,317.443260933044
13.1020000000001,137.719064218554
13.1030000000001,10.6032835455969
13.104,-68.9031061844854
13.105,-105.622892768985
13.1060000000002,-107.791894818338
13.1070000000002,-83.7119215833876
13.1080000000002,-40.2853700667578
13.1090000000002,17.3349512309765
13.1100000000001,86.6981279860719
13.1110000000001,171.128997631672
13.1120000000001,273.997396483615
13.1130000000001,399.117481216973
13.114,549.23565191645
13.115,723.92849079523
13.1160000000002,919.362430682062
13.1170000000002,1131.1539131127
13.1180000000002,1350.16888423565
13.1190000000001,1565.35456755411
13.1200000000001,1765.24441275316
13.1210000000001,1938.76487036196
13.1220000000001,2077.3821567325
13.123,2178.81562838432
13.124,2242.80851849194
13.125,2272.45805526184
13.1260000000002,2273.38324243232
13.1270000000002,2251.77627967744
13.1280000000002,2214.18511454649
13.1290000000001,2169.18419651121
13.1300000000001,2122.29947714286
13.1310000000001,2077.42163450392
13.1320000000001,2036.91299369179
13.133,2001.03920982883
13.134,1969.60352083437
13.1350000000002,1944.81625296087
13.1360000000002,1926.99683260438
13.1370000000002,1916.39364565445
13.1380000000001,1913.10275438008
13.1390000000001,1915.80465588252
13.1400000000001,1923.24317776947
13.1410000000001,1936.47255027854
13.1420000000001,1953.86148221915
13.143,1973.33059811949
13.144,1992.68558207918
13.1450000000002,2008.66034109592
13.1460000000002,2019.44044793025
13.1470000000002,2026.953825165
13.1480000000001,2031.26135499687
13.1490000000001,2032.84735683021
13.1500000000001,2032.49184060416
13.1510000000001,2029.78379313137
13.152,2025.21281062857
13.153,2021.82586254058
13.1540000000002,2019.97156527808
13.1550000000002,2019.53349684651
13.1560000000002,2020.09228363374
13.1570000000002,2020.18837546946
13.1580000000001,2018.93458271521
13.1590000000001,2017.72095395406
13.1600000000001,2016.80706171112
13.1610000000001,2016.56941442139
13.162,2017.37129692539
13.163,2018.83418746776
13.1640000000002,2020.39643158872
13.1650000000002,2022.79359851038
13.1660000000002,2025.9949802507
13.1670000000001,2029.79715375896
13.1680000000001,2033.78107735395
13.1690000000001,2036.71923367324
13.1700000000001,2037.365264672
13.171,2035.9945922557
13.172,2032.56650113947
13.173,2027.34606207599
13.1740000000002,2020.83803044737
13.1750000000002,2012.89247586368
13.1760000000002,2003.85139348203
13.1770000000001,1995.64770582326
13.1780000000001,1989.30235752
13.1790000000001,1985.63698315394
13.1800000000001,1985.11195724611
13.181,1986.57613549211
13.182,1989.44561360321
13.1830000000002,1994.52386033568
13.1840000000002,2001.00074214589
13.1850000000002,2007.94516944301
13.1860000000001,2014.46992902749
13.1870000000001,2018.59030625034
13.1880000000001,2019.92955771983
13.1890000000001,2020.16199843523
13.1900000000001,2019.73309098848
13.191,2019.19705096714
13.192,2019.09086141287
13.1930000000002,2018.57253520425
13.1940000000002,2017.89190604585
13.1950000000002,2018.59253547328
13.1960000000001,2020.62040973703
13.1970000000001,2023.66975101885
13.1980000000001,2027.26975614069
13.1990000000001,2029.65253462925
13.2,2030.48999156843
13.201,2031.03594929164
13.2020000000002,2031.47550442992
13.2030000000002,2032.12142705503
13.2040000000002,2033.34208528831
13.2050000000002,2034.1594449047
13.2060000000001,2035.02188019406
13.2070000000001,2037.54409870362
13.2080000000001,2041.85821722605
13.2090000000001,2047.82556949269
13.21,2055.05411594474
13.211,2061.58927087504
13.2120000000002,2067.0306774187
13.2130000000002,2072.1875217546
13.2140000000002,2076.66534870591
13.2150000000001,2080.11823472655
13.2160000000001,2082.27543430079
13.2170000000001,2081.56353136499
13.2180000000001,2078.29735546591
13.2190000000001,2074.03218571228
13.22,2069.21779607
13.221,2064.33186070105
13.2220000000002,2059.83631992156
13.2230000000002,2054.71255869605
13.2240000000002,2049.73964988364
13.2250000000001,2046.58334894681
13.2260000000001,2045.59398883321
13.2270000000001,2046.90386252635
13.2280000000001,2050.41405051635
13.229,2054.35713947228
13.23,2058.80365196341
13.2310000000002,2064.60701940178
13.2320000000002,2071.45836450008
13.2330000000002,2079.03119679975
13.2340000000002,2087.01878842825
13.2350000000001,2093.67814316191
13.2360000000001,2099.41429597367
13.2370000000001,2105.42942790162
13.2380000000001,2111.82977247144
13.239,2118.61619944663
13.24,2125.63370221854
13.2410000000002,2131.04841780573
13.2420000000002,2135.05490106873
13.2430000000002,2138.39173602263
13.2440000000001,2140.71348856626
13.2450000000001,2141.66180727379
13.2460000000001,2140.93203224216
13.2470000000001,2136.78829725182
13.248,2129.98132118168
13.249,2121.98461383142
13.25,2113.41492738258
13.2510000000002,2104.9458013612
13.2520000000002,2097.22331760558
13.2530000000002,2089.19410827392
13.2540000000001,2082.0808078574
13.2550000000001,2077.33385016838
13.2560000000001,2075.19101128278
13.2570000000001,2075.61988821528
13.258,2078.33804484259
13.259,2081.2051565717
13.2600000000002,2084.55077780073
13.2610000000002,2088.99810373258
13.2620000000002,2094.21900538739
13.2630000000001,2099.88823635732
13.2640000000001,2105.69178062641
13.2650000000001,2109.61010123814
13.2660000000001,2112.39042124401
13.2670000000001,2115.05186491931
13.268,2117.69791545797
13.269,2120.3905177259
13.2700000000002,2123.12081086732
13.2710000000002,2123.98701800976
13.2720000000002,2123.94180411399
13.2730000000001,2124.02582985061
13.2740000000001,2124.30985268978
13.2750000000001,2124.77015152661
13.2760000000001,2125.27623483855
13.277,2123.72774251104
13.278,2121.0472046029
13.2790000000002,2118.1665282052
13.2800000000002,2115.14193767909
13.2810000000002,2112.02470257338
13.2820000000002,2108.85695445062
13.2830000000001,2103.77157016995
13.2840000000001,2098.07235241372
13.2850000000001,2092.95681130487
13.2860000000001,2088.72948293159
13.287,2085.56947207115
13.288,2083.48689163945
13.2890000000002,2080.40117184566
13.2900000000002,2077.35380250032
13.2910000000002,2075.08049927915
13.2920000000001,2073.48120276624
13.2930000000001,2072.43089516814
13.2940000000001,2071.80372653277
13.2950000000001,2069.53027600241
13.296,2066.98481639301
13.297,2065.20457652585
13.298,2064.42013348385
13.2990000000002,2064.7315713026
13.3000000000002,2066.05496846698
13.3010000000002,2066.09361283409
13.3020000000001,2065.98580167037
13.3030000000001,2066.32248997268
13.3040000000001,2066.96938386648
13.3050000000001,2067.84966926783
13.306,2068.9888714609
13.307,2068.50323652776
13.3080000000002,2068.28351516864
13.3090000000002,2069.65024808316
13.3100000000002,2073.15768825297
13.3110000000001,2079.13826866088
13.3120000000001,2087.60123117801
13.3130000000001,2096.14301950672
13.3140000000001,2105.79250601945
13.3150000000001,2116.65325288404
13.316,2128.09703010889
13.317,2139.52573776929
13.3180000000002,2150.4909099018
13.3190000000002,2158.68670838766
13.3200000000002,2165.9534761904
13.3210000000001,2173.54509084097
13.3220000000001,2182.21852353563
13.3230000000001,2192.6469971698
13.3240000000001,2205.24176870653
13.325,2217.88526010368
13.326,2232.04216888912
13.3270000000002,2247.82562404156
13.3280000000002,2264.46693951666
13.3290000000002,2281.00385099199
13.3300000000002,2296.43694847198
13.3310000000001,2307.71174717405
13.3320000000001,2316.16818963964
13.3330000000001,2322.3814070962
13.3340000000001,2326.67567746776
13.335,2329.53880796608
13.336,2331.47898949513
13.3370000000002,2330.6581634599
13.3380000000002,2329.31312515612
13.3390000000002,2328.21421242256
13.3400000000001,2327.35304976032
13.3410000000001,2326.45851666048
13.3420000000001,2325.0775107542
13.3430000000001,2320.42865721362
13.3440000000001,2314.22061353981
13.345,2307.04965489888
13.346,2299.30090965714
13.3470000000002,2291.56627039392
13.3480000000002,2284.55845040688
13.3490000000002,2276.71208417461
13.3500000000001,2270.81316378733
13.3510000000001,2267.97851709095
13.3520000000001,2268.53221251244
13.3530000000001,2272.31668375181
13.354,2278.66857880543
13.355,2284.14949694072
13.3560000000002,2289.64841388292
13.3570000000002,2294.42781162254
13.3580000000002,2297.47008027037
13.3590000000002,2297.99914649259
13.3600000000001,2295.5902801713
13.3610000000001,2287.85002658309
13.3620000000001,2277.54453635504
13.3630000000001,2266.1248428126
13.364,2254.88281849573
13.365,2245.06943026965
13.3660000000002,2237.6863494312
13.3670000000002,2230.90657902094
13.3680000000002,2227.31108728043
13.3690000000001,2227.23268755117
13.3700000000001,2230.28510251511
13.3710000000001,2235.74416077217
13.3720000000001,2242.67142027726
13.373,2247.56117261977
13.374,2252.06753013834
13.375,2256.10990571385
13.3760000000002,2259.55433196322
13.3770000000002,2262.41983055741
13.3780000000002,2264.78951017469
13.3790000000001,2264.15908281223
13.3800000000001,2263.21509650614
13.3810000000001,2262.44292253642
13.3820000000001,2261.96217147162
13.383,2261.74439738543
13.384,2261.63980276567
13.3850000000002,2258.81161179608
13.3860000000002,2255.90078521073
13.3870000000002,2253.37519256802
13.3880000000001,2251.59068429024
13.3890000000001,2250.92811369045
13.3900000000001,2251.71654958181
13.3910000000001,2251.44868786603
13.3920000000001,2253.12257773411
13.393,2257.05078104313
13.394,2263.102228833
13.3950000000002,2270.83267661894
13.3960000000002,2279.51090329926
13.3970000000002,2285.44825979033
13.3980000000001,2290.71971784476
13.3990000000001,2294.85573758253
13.4000000000001,2297.41757135003
13.4010000000001,2298.17201590109
13.402,2297.12282476049
13.403,2291.74398120457
13.4040000000002,2285.64846711595
13.4050000000002,2279.8738440158
13.4060000000002,2275.38371715233
13.4070000000002,2272.98665914215
13.4080000000001,2273.2019334504
13.4090000000001,2273.35756598404
13.4100000000001,2276.4332427613
13.4110000000001,2282.21180098573
13.412,2290.10844902318
13.413,2299.27302440287
13.4140000000002,2308.65889651308
13.4150000000002,2314.52737533879
13.4160000000002,2319.18068173084
13.4170000000001,2322.40000483932
13.4180000000001,2324.22827099716
13.4190000000001,2324.9746395288
13.4200000000001,2325.0616610662
13.421,2322.48312837632
13.422,2320.96176499238
13.423,2321.35527133603
13.4240000000002,2324.21915568558
13.4250000000002,2329.72953048382
13.4260000000002,2337.51686214482
13.4270000000001,2344.45794549816
13.4280000000001,2352.64749798316
13.4290000000001,2361.38458590036
13.4300000000001,2369.90244412258
13.431,2377.50539898242
13.432,2383.49817823232
13.4330000000002,2385.21167682663
13.4340000000002,2385.51508039082
13.4350000000002,2384.89564360952
13.4360000000001,2383.89901191763
13.4370000000001,2383.03254285946
13.4380000000001,2382.4583493054
13.4390000000001,2380.05790159854
13.4400000000001,2378.68227606908
13.441,2378.42927645409
13.442,2379.19474036575
13.4430000000002,2380.74924941091
13.4440000000002,2382.5559151993
13.4450000000002,2382.09157317373
13.4460000000001,2381.99489987439
13.4470000000001,2382.39841142079
13.4480000000001,2383.37134086949
13.4490000000001,2384.87215367408
13.45,2386.41250858678
13.451,2385.48121092379
13.4520000000002,2384.40984998357
13.4530000000002,2382.97737760749
13.4540000000002,2380.93487428164
13.4550000000002,2378.10929560221
13.4560000000001,2374.13108894932
13.4570000000001,2366.93782424544
13.4580000000001,2359.92945174319
13.4590000000001,2354.07856681791
13.46,2350.32925352933
13.461,2349.42150111433
13.4620000000002,2351.25982354903
13.4630000000002,2353.11521097267
13.4640000000002,2357.76175131121
13.4650000000001,2364.74573252191
13.4660000000001,2373.27117017115
13.4670000000001,2382.29837360776
13.4680000000001,2390.08881246868
13.4690000000001,2392.58217629002
13.47,2392.56892244892
13.471,2390.17234801224
13.4720000000002,2385.85177015606
13.4730000000002,2380.25990613195
13.4740000000002,2373.45229081395
13.4750000000001,2363.29134851854
13.4760000000001,2353.56114352511
13.4770000000001,2344.92723562461
13.4780000000001,2337.79300213243
13.479,2332.28292012906
13.48,2327.79352911094
13.4810000000002,2322.40368894665
13.4820000000002,2317.90125666045
13.4830000000002,2313.70050403781
13.4840000000002,2309.07511726095
13.4850000000001,2303.31227394731
13.4860000000001,2295.59106443831
13.4870000000001,2285.15007137601
13.4880000000001,2273.43275315872
13.489,2260.58559101815
13.49,2246.94190781026
13.4910000000002,2233.11840751517
13.4920000000002,2219.75167673646
13.4930000000002,2207.56992443488
13.4940000000001,2199.25441448535
13.4950000000001,2195.66425913862
13.4960000000001,2197.09783019704
13.4970000000001,2203.23237845117
13.498,2212.67260667554
13.499,2223.0418345175
13.5,2234.61936756044
13.5010000000002,2245.64869983185
13.5020000000002,2254.45794861111
13.5030000000002,2259.7892593319
13.5040000000001,2260.40834333937
13.5050000000001,2255.19515330004
13.5060000000001,2247.90949315558
13.5070000000001,2240.86086256078
13.508,2236.84124324457
13.509,2238.80518139748
13.5100000000002,2248.79560098904
13.5110000000002,2267.70767582387
13.5120000000002,2299.76984796908
13.5130000000001,2346.19649742554
13.5140000000001,2407.40627053862
13.5150000000001,2483.1380427604
13.5160000000001,2571.87756497988
13.5170000000001,2671.27162703249
13.518,2782.36535644868
13.519,2903.84745874947
13.5200000000002,3034.07132703338
13.5210000000002,3170.95256532334
13.5220000000002,3311.08091762843
13.5230000000001,3450.02159151903
13.5240000000001,3586.0201871492
13.5250000000001,3714.5057830982
13.5260000000001,3830.17552887229
13.527,3927.17732975174
13.528,3998.54152934684
13.5290000000002,4037.05961132017
13.5300000000002,4039.23134553589
13.5310000000002,4000.11336210277
13.5320000000002,3915.65532578537
13.5330000000001,3783.05953752102
13.5340000000001,3600.29514440101
13.5350000000001,3367.21250677397
13.5360000000001,3089.27113282541
13.537,2772.42508820223
13.538,2425.12223133962
13.5390000000002,2058.11093116822
13.5400000000002,1683.0908489129
13.5410000000002,1312.86662932755
13.5420000000001,963.485865779635
13.5430000000001,648.094844947349
13.5440000000001,377.774037861213
13.5450000000001,160.677793244573
13.546,0.591057365186877
13.547,-102.153306419532
13.548,-147.558631322616
13.5490000000002,-140.134344569914
13.5500000000002,-86.171189968258
13.5510000000002,7.23120259236252
13.5520000000001,132.096159441347
13.5530000000001,281.340913276442
13.5540000000001,451.584749216263
13.5550000000001,638.462626266151
13.556,838.010860618463
13.557,1046.17964026586
13.5580000000002,1257.41784477637
13.5590000000002,1465.7312207541
13.5600000000002,1667.01959529141
13.5610000000001,1854.96604970098
13.5620000000001,2023.31705887306
13.5630000000001,2166.59266579983
13.5640000000001,2279.76750371495
13.5650000000001,2360.30063459494
13.566,2410.46546552447
13.567,2432.92952057085
13.5680000000002,2432.03812332394
13.5690000000002,2413.18039979163
13.5700000000002,2381.01951666937
13.5710000000001,2340.45213550633
13.5720000000001,2297.90425002364
13.5730000000001,2256.91796160187
13.5740000000001,2219.75243508032
13.575,2187.56083408787
13.576,2159.55915335722
13.5770000000002,2135.34053323291
13.5780000000002,2116.73378024672
13.5790000000002,2103.77093290696
13.5800000000002,2096.46990888229
13.5810000000001,2094.78159877239
13.5820000000001,2097.10317343954
13.5830000000001,2102.7324025552
13.5840000000001,2113.0875176463
13.585,2127.04105848969
13.586,2143.07026522986
13.5870000000002,2159.48598556386
13.5880000000002,2173.09475973108
13.5890000000002,2182.62683648327
13.5900000000001,2189.77666430373
13.5910000000001,2194.2345915861
13.5920000000001,2195.96568405614
13.5930000000001,2195.19741550631
13.5940000000001,2190.79866117676
13.595,2183.39342684515
13.596,2175.87310832982
13.5970000000002,2168.7633148682
13.5980000000002,2162.29913065592
13.5990000000002,2156.50055569862
13.6000000000001,2150.12685751721
13.6010000000001,2142.91266838405
13.6020000000001,2136.41071167322
13.6030000000001,2130.87182965368
13.604,2126.50394755617
13.605,2123.4092759727
13.6060000000002,2120.81773408456
13.6070000000002,2118.12405930373
13.6080000000002,2116.04421825412
13.6090000000002,2114.73242461377
13.6100000000001,2114.34204656692
13.6110000000001,2114.93311603991
13.6120000000001,2115.6605588703
13.6130000000001,2115.92213015981
13.614,2116.38329262492
13.615,2117.16480856976
13.6160000000002,2118.41025403643
13.6170000000002,2120.19402595222
13.6180000000002,2121.36721527316
13.6190000000001,2121.6427458175
13.6200000000001,2122.01972937098
13.6210000000001,2122.42660299322
13.6220000000001,2122.7156649881
13.623,2122.65476150426
13.624,2120.53068054872
13.625,2116.29364785272
13.6260000000002,2111.34316012832
13.6270000000002,2105.79898758938
13.6280000000002,2099.88430227348
13.6290000000001,2093.9534263297
13.6300000000001,2086.99818354216
13.6310000000001,2079.99660112082
13.6320000000001,2075.23468679256
13.633,2073.50079080456
13.634,2075.31818677335
13.6350000000002,2080.85440460888
13.6360000000002,2088.41082053339
13.6370000000002,2097.7800499403
13.6380000000001,2109.58243597548
13.6390000000001,2122.92814188362
13.6400000000001,2136.77019448834
13.6410000000001,2150.03838581074
13.6420000000001,2160.29182373615
13.643,2167.26824312728
13.644,2172.0338186603
13.6450000000002,2174.73276250033
13.6460000000002,2175.7039162135
13.6470000000002,2175.39266375769
13.6480000000001,2172.71117596887
13.6490000000001,2168.64742315325
13.6500000000001,2165.02039364923
13.6510000000001,2162.3081430198
13.652,2160.79698059302
13.653,2160.58666710899
13.6540000000002,2160.02153223825
13.6550000000002,2159.58378167461
13.6560000000002,2160.46610503252
13.6570000000002,2162.59240600431
13.6580000000001,2165.74476462117
13.6590000000001,2169.56188551353
13.6600000000001,2171.96090558544
13.6610000000001,2173.12297890763
13.662,2173.89464663931
13.663,2174.06410138508
13.6640000000002,2173.49326920497
13.6650000000002,2172.16303340433
13.6660000000002,2168.58569814095
13.6670000000001,2163.84380957234
13.6680000000001,2159.67676125664
13.6690000000001,2156.78201115293
13.6700000000001,2155.72856721364
13.671,2156.85226623178
13.672,2158.53257035129
13.673,2161.37214313178
13.6740000000002,2166.12724448285
13.6750000000002,2172.30729483615
13.6760000000002,2179.25193830069
13.6770000000001,2186.23636629938
13.6780000000001,2190.89755657664
13.6790000000001,2193.66591847594
13.6800000000001,2195.48375335554
13.681,2196.50156781557
13.682,2196.97746296111
13.6830000000002,2197.20165051442
13.6840000000002,2195.72536889224
13.6850000000002,2193.73784679019
13.6860000000001,2192.46819662539
13.6870000000001,2192.03997111815
13.6880000000001,2192.378788603
13.6890000000001,2193.24715091963
13.6900000000001,2192.59318792492
13.691,2191.16271316267
13.692,2189.81253351653
13.6930000000002,2188.58001804321
13.6940000000002,2187.54513342177
13.6950000000002,2186.81634702384
13.6960000000001,2184.72960001308
13.6970000000001,2182.58377527879
13.6980000000001,2181.61873338575
13.6990000000001,2182.13343035828
13.7,2184.27366350321
13.701,2188.00020621196
13.7020000000002,2191.20536256543
13.7030000000002,2194.81059385948
13.7040000000002,2199.46620622977
13.7050000000002,2204.8693385394
13.7060000000001,2210.61175971999
13.7070000000001,2216.20765284551
13.7080000000001,2219.18621571467
13.7090000000001,2220.44771769084
13.71,2220.68395541461
13.711,2219.82568408454
13.7120000000002,2217.8335028472
13.7130000000002,2214.68686816796
13.7140000000002,2208.38140827762
13.7150000000001,2200.44220808454
13.7160000000001,2192.06561877818
13.7170000000001,2183.68682751107
13.7180000000001,2175.7115711589
13.7190000000001,2168.482161852
13.72,2160.19070024295
13.721,2152.59508473872
13.7220000000002,2146.86143597031
13.7230000000002,2143.26913034611
13.7240000000002,2141.90286684131
13.7250000000001,2142.62370412863
13.7260000000001,2142.96842762661
13.7270000000001,2144.07045228633
13.7280000000001,2146.31859358658
13.729,2149.30051194625
13.73,2152.53151657717
13.7310000000002,2155.48997605274
13.7320000000002,2155.54635519097
13.7330000000002,2153.98313417288
13.7340000000002,2151.42869534275
13.7350000000001,2147.91671751441
13.7360000000001,2143.50237367142
13.7370000000001,2138.2302247568
13.7380000000001,2129.97166488477
13.739,2120.58023956997
13.74,2111.04718012512
13.7410000000002,2101.74734966526
13.7420000000002,2093.04632169758
13.7430000000002,2085.29413031042
13.7440000000001,2076.64456871018
13.7450000000001,2069.33321334416
13.7460000000001,2064.55294108791
13.7470000000001,2062.80615043199
13.748,2064.40802883757
13.749,2069.42978304338
13.75,2075.4698994915
13.7510000000002,2084.07941706559
13.7520000000002,2095.47406416332
13.7530000000002,2109.14321333001
13.7540000000001,2124.42913525195
13.7550000000001,2140.58836159214
13.7560000000001,2154.63389127675
13.7570000000001,2167.95281732186
13.758,2180.81223775271
13.759,2193.09266441503
13.7600000000002,2204.75239832381
13.7610000000002,2215.78905025887
13.7620000000002,2223.94072777907
13.7630000000001,2231.35903558232
13.7640000000001,2238.80531914258
13.7650000000001,2246.50789235623
13.7660000000001,2254.58521248846
13.7670000000001,2263.03419598543
13.768,2269.42672302729
13.769,2275.83985244103
13.7700000000002,2282.80841483411
13.7710000000002,2290.3882208361
13.7720000000002,2298.55955938405
13.7730000000001,2307.2122706799
13.7740000000001,2313.79184299099
13.7750000000001,2320.34686009031
13.7760000000001,2327.22737813424
13.777,2334.29234129063
13.778,2341.27549813639
13.7790000000002,2347.7919712713
13.7800000000002,2351.00034362497
13.7810000000002,2352.80518327852
13.7820000000002,2353.43622129019
13.7830000000001,2352.83672749731
13.7840000000001,2351.00674712258
13.7850000000001,2348.00108451259
13.7860000000001,2341.53359109341
13.787,2334.21905086326
13.788,2326.88587436823
13.7890000000002,2320.02337739757
13.7900000000002,2314.00574563892
13.7910000000002,2309.03387204486
13.7920000000001,2302.66683962639
13.7930000000001,2297.27685253003
13.7940000000001,2293.13515911651
13.7950000000001,2290.10680009172
13.796,2287.93154463764
13.797,2286.2585621059
13.798,2282.22510991231
13.7990000000002,2278.08926814993
13.8000000000002,2274.12164835434
13.8010000000002,2270.42403133623
13.8020000000001,2267.11372443001
13.8030000000001,2264.2799078526
13.8040000000001,2259.4729614889
13.8050000000001,2255.30490070653
13.806,2252.16561688448
13.807,2250.13601784838
13.8080000000002,2249.13727288265
13.8090000000002,2248.92719516544
13.8100000000002,2246.63869630501
13.8110000000001,2244.56391791568
13.8120000000001,2242.76766817802
13.8130000000001,2241.20854206606
13.8140000000001,2239.88268920417
13.8150000000001,2238.81253218907
13.816,2235.45142364153
13.817,2232.70213792109
13.8180000000002,2231.01216280523
13.8190000000002,2230.60910899537
13.8200000000002,2231.53562701296
13.8210000000001,2233.60863768006
13.8220000000001,2233.77993210725
13.8230000000001,2234.50904102376
13.8240000000001,2235.59061372603
13.825,2236.73986663991
13.826,2237.71750165972
13.8270000000002,2238.37235833596
13.8280000000002,2235.96244123438
13.8290000000002,2233.69250097075
13.8300000000002,2232.07949507677
13.8310000000001,2231.56211549935
13.8320000000001,2232.41501920702
13.8330000000001,2234.61844210993
13.8340000000001,2235.22797188461
13.835,2236.88161282173
13.836,2239.2643249756
13.8370000000002,2241.92117322632
13.8380000000002,2244.37714635433
13.8390000000002,2246.14349743765
13.8400000000001,2244.31423208626
13.8410000000001,2242.00006264814
13.8420000000001,2239.6981966859
13.8430000000001,2237.94498858957
13.8440000000001,2237.2176644486
13.845,2237.69063762331
13.846,2236.89621175211
13.8470000000002,2237.68872585904
13.8480000000002,2239.95243757322
13.8490000000002,2243.32566813774
13.8500000000001,2247.30836348365
13.8510000000001,2251.19867082252
13.8520000000001,2252.15991012246
13.8530000000001,2252.79179225016
13.854,2253.20953737515
13.855,2253.56127950682
13.8560000000002,2253.97423997523
13.8570000000002,2254.27726413094
13.8580000000002,2252.0717008115
13.8590000000002,2250.04960387652
13.8600000000001,2248.21529395095
13.8610000000001,2246.46169808981
13.8620000000001,2244.65005837271
13.8630000000001,2242.42858769031
13.864,2237.55326629439
13.865,2233.01518154054
13.8660000000002,2229.36071778143
13.8670000000002,2227.10462637476
13.8680000000002,2226.64483207676
13.8690000000001,2227.88363329067
13.8700000000001,2228.62319071738
13.8710000000001,2231.3003801512
13.8720000000001,2235.62223619521
13.873,2241.04736096579
13.874,2246.8909075702
13.875,2252.11342370502
13.8760000000002,2254.07171090164
13.8770000000002,2255.0149180222
13.8780000000002,2254.9844253478
13.8790000000001,2254.16241432416
13.8800000000001,2252.84234945715
13.8810000000001,2251.01590230892
13.8820000000001,2247.13831772964
13.883,2244.16735730975
13.884,2242.62213211957
13.8850000000002,2242.85874775845
13.8860000000002,2245.07898732023
13.8870000000002,2248.95134330492
13.8880000000001,2252.62022662356
13.8890000000001,2258.53162252953
13.8900000000001,2266.70963362753
13.8910000000001,2276.99157707874
13.8920000000001,2289.01727297922
13.893,2301.78655983637
13.894,2312.81002868076
13.8950000000002,2323.71157567778
13.8960000000002,2333.71120840329
13.8970000000002,2341.90763105118
13.8980000000001,2347.37715118444
13.8990000000001,2348.81206820176
13.9000000000001,2343.93796543008
13.9010000000001,2334.91494083342
13.902,2322.00771291298
13.903,2305.78189057381
13.9040000000002,2287.0953322895
13.9050000000002,2266.53853883914
13.9060000000002,2243.80782364661
13.9070000000002,2222.68182769005
13.9080000000001,2204.63992845702
13.9090000000001,2190.86677850599
13.9100000000001,2182.14618923195
13.9110000000001,2178.19207915354
13.912,2177.14517127933
13.913,2181.03978397242
13.9140000000002,2189.21684668613
13.9150000000002,2200.66017054315
13.9160000000002,2214.09539621446
13.9170000000001,2227.35609733866
13.9180000000001,2237.03559223021
13.9190000000001,2244.9294005263
13.9200000000001,2250.58089390273
13.921,2253.80819666516
13.922,2254.64579464906
13.923,2252.34522303664
13.9240000000002,2244.87108235063
13.9250000000002,2235.87819456109
13.9260000000002,2226.30707906299
13.9270000000001,2217.00651308621
13.9280000000001,2208.58756068124
13.9290000000001,2200.49749844789
13.9300000000001,2190.91445155965
13.931,2182.19002514169
13.932,2174.1100958847
13.9330000000002,2166.35875131181
13.9340000000002,2158.64962051726
13.9350000000002,2150.30411422698
13.9360000000001,2140.64687244712
13.9370000000001,2131.54776950992
13.9380000000001,2123.21243273439
13.9390000000001,2115.73315540536
13.9400000000001,2109.10115419389
13.941,2102.871371942
13.942,2096.74838242427
13.9430000000002,2091.77019850882
13.9440000000002,2087.60460555502
13.9450000000002,2083.89250992895
13.9460000000001,2080.42803446289
13.9470000000001,2076.84037432143
13.9480000000001,2073.21809634576
13.9490000000001,2071.34486772487
13.95,2071.48341655612
13.951,2073.49877230248
13.9520000000002,2076.80099414096
13.9530000000002,2079.69186945766
13.9540000000002,2080.24445436389
13.9550000000002,2079.09377644922
13.9560000000001,2075.37429287185
13.9570000000001,2068.70416666429
13.9580000000001,2059.43792990281
13.9590000000001,2047.89029711264
13.96,2035.17623677382
13.961,2026.10797047919
13.9620000000002,2023.69280371345
13.9630000000002,2030.60712311282
13.9640000000002,2048.81661710858
13.9650000000001,2078.43954711784
13.9660000000001,2118.74718961203
13.9670000000001,2171.14968399086
13.9680000000001,2234.76324195263
13.9690000000001,2308.6685591196
13.97,2392.33483617413
13.971,2485.01651204685
13.9720000000002,2586.89757023052
13.9730000000002,2701.1474046623
13.9740000000002,2829.06034782551
13.9750000000001,2970.99903646029
13.9760000000001,3125.65503806745
13.9770000000001,3288.52464779227
13.9780000000001,3452.87699425166
13.979,3611.92956052562
13.98,3755.11698867792
13.9810000000002,3870.61960405196
13.9820000000002,3946.54398932086
13.9830000000002,3971.27060080147
13.9840000000002,3936.17297935328
13.9850000000001,3838.55212928933
13.9860000000001,3678.1487134638
13.9870000000001,3458.93998610437
13.9880000000001,3188.82484195736
13.989,2877.8892612753
13.99,2538.91456831353
13.9910000000002,2187.80151780924
13.9920000000002,1838.41849614512
13.9930000000002,1503.0894321856
13.9940000000001,1191.81683569015
13.9950000000001,910.872374306076
13.9960000000001,664.486715773597
13.9970000000001,456.624282563499
13.998,287.849055495183
13.999,157.529625215527
14,64.5188707790926
14.0010000000002,6.65504705337588
14.0020000000002,-17.1221925985541
14.0030000000002,-5.52654964484294
14.0040000000001,41.3017926908101
14.0050000000001,122.823152869835
14.0060000000001,237.60126185647
14.0070000000001,381.812046466037
14.008,550.902063623873
14.009,740.540736136208
14.0100000000002,943.533831785855
14.0110000000002,1151.70808969434
14.0120000000002,1356.57411449822
14.0130000000001,1548.98064433525
14.0140000000001,1721.85776475951
14.0150000000001,1871.48721790774
14.0160000000001,1994.63560785922
14.0170000000001,2089.96144362453
14.018,2157.85021804565
14.019,2198.98384872498
14.0200000000002,2216.13931650348
14.0210000000002,2214.34175421429
14.0220000000002,2197.49358465408
14.0230000000001,2169.43637064152
14.0240000000001,2133.79225582257
14.0250000000001,2092.73506612302
14.0260000000001,2049.30458044876
14.027,2007.71159051163
14.028,1970.38817255154
14.0290000000002,1939.20107414631
14.0300000000002,1915.36672831932
14.0310000000002,1898.10694925483
14.0320000000002,1887.41102373009
14.0330000000001,1884.06637675685
14.0340000000001,1886.82509042985
14.0350000000001,1894.00905817346
14.0360000000001,1903.76437547741
14.037,1912.77496073745
14.038,1920.01590011696
14.0390000000002,1926.30140520171
14.0400000000002,1931.09044578858
14.0410000000002,1934.13749654123
14.0420000000001,1935.46687707019
14.0430000000001,1933.52412521619
14.0440000000001,1929.40404546708
14.0450000000001,1925.54229706654
14.046,1922.25241963876
14.047,1919.61865553611
14.048,1917.60678862401
14.0490000000002,1914.61656256671
14.0500000000002,1911.24051261752
14.0510000000002,1909.2405900982
14.0520000000001,1908.76091427547
14.0530000000001,1909.76482759254
14.0540000000001,1912.02828797032
14.0550000000001,1914.13032585516
14.056,1915.64627967299
14.057,1917.0756062706
14.0580000000002,1918.11792854047
14.0590000000002,1918.47474281867
14.0600000000002,1917.84943680495
14.0610000000001,1915.2039690365
14.0620000000001,1910.19012387695
14.0630000000001,1903.54923310964
14.0640000000001,1895.80078748608
14.0650000000001,1887.61088258193
14.066,1879.6479149691
14.067,1871.57994867366
14.0680000000002,1863.77764589477
14.0690000000002,1857.34986944624
14.0700000000002,1852.77281425313
14.0710000000001,1850.38530166239
14.0720000000001,1850.31929142256
14.0730000000001,1851.19716984387
14.0740000000001,1853.10038867801
14.075,1856.67437855173
14.076,1861.55155351009
14.0770000000002,1867.25177709885
14.0780000000002,1873.21445135361
14.0790000000002,1877.33030021079
14.0800000000002,1879.78233505525
14.0810000000001,1881.41231198561
14.0820000000001,1882.10030660891
14.0830000000001,1881.83752063132
14.0840000000001,1880.74907021047
14.085,1877.56926308229
14.086,1873.47247419399
14.0870000000002,1870.15720958879
14.0880000000002,1868.25516688657
14.0890000000002,1868.21905993816
14.0900000000001,1870.2483572561
14.0910000000001,1872.75150516264
14.0920000000001,1876.14981280989
14.0930000000001,1881.02403766946
14.0940000000001,1886.8471782714
14.095,1892.95627973748
14.096,1898.64260778882
14.0970000000002,1901.71403860349
14.0980000000002,1902.53113680961
14.0990000000002,1901.9594609992
14.1000000000001,1900.19070129439
14.1010000000001,1897.57344247439
14.1020000000001,1894.55077767632
14.1030000000001,1890.02193923117
14.104,1885.35934593516
14.105,1882.00148956187
14.1060000000002,1880.35102928485
14.1070000000002,1880.56728040494
14.1080000000002,1882.55967865992
14.1090000000002,1884.43841264254
14.1100000000001,1886.76030359023
14.1110000000001,1890.07573220762
14.1120000000001,1894.10032394573
14.1130000000001,1898.55453499655
14.114,1903.1992849102
14.115,1906.2367777075
14.1160000000002,1908.66199355328
14.1170000000002,1911.50908978548
14.1180000000002,1915.04608516289
14.1190000000001,1919.4757507569
14.1200000000001,1924.87913731654
14.1210000000001,1929.52580073438
14.1220000000001,1934.34163887278
14.123,1939.96846163422
14.124,1946.16463310882
14.125,1952.56367485987
14.1260000000002,1958.71931589135
14.1270000000002,1962.52629082764
14.1280000000002,1964.76163304151
14.1290000000001,1966.0465125672
14.1300000000001,1966.39953819465
14.1310000000001,1965.90275705021
14.1320000000001,1964.68075738698
14.133,1961.23974933001
14.134,1956.98538624621
14.1350000000002,1952.96475711358
14.1360000000002,1949.51758791784
14.1370000000002,1946.87959098008
14.1380000000001,1945.16648622483
14.1390000000001,1942.69300160177
14.1400000000001,1940.70342598887
14.1410000000001,1939.91783239762
14.1420000000001,1940.35640114249
14.143,1941.94771616806
14.144,1944.53305786137
14.1450000000002,1946.15196294738
14.1460000000002,1947.93694287434
14.1470000000002,1950.43475699437
14.1480000000001,1953.55474433738
14.1490000000001,1957.14021102587
14.1500000000001,1960.96609568479
14.1510000000001,1962.96925410772
14.152,1964.32140877218
14.153,1965.52994935865
14.1540000000002,1966.51352507405
14.1550000000002,1967.14524764678
14.1560000000002,1967.25224626114
14.1570000000002,1964.77428941182
14.1580000000001,1961.10686220995
14.1590000000001,1956.91997521888
14.1600000000001,1952.37816719934
14.1610000000001,1947.66370805722
14.162,1942.96634458209
14.163,1936.55283923147
14.1640000000002,1930.29873001255
14.1650000000002,1925.20895974616
14.1660000000002,1921.71830875608
14.1670000000001,1920.13476838494
14.1680000000001,1920.58581561177
14.1690000000001,1921.01710234248
14.1700000000001,1922.89522645648
14.171,1926.53159051113
14.172,1931.57374317615
14.173,1937.48921339269
14.1740000000002,1943.59619747467
14.1750000000002,1947.10522112462
14.1760000000002,1949.07596700976
14.1770000000001,1949.54905106397
14.1780000000001,1948.22200943774
14.1790000000001,1944.90692005429
14.1800000000001,1939.53586696246
14.181,1930.12729997612
14.182,1918.78729588203
14.1830000000002,1906.53284507161
14.1840000000002,1894.02673628911
14.1850000000002,1881.91459043188
14.1860000000001,1870.75871051591
14.1870000000001,1858.91271699983
14.1880000000001,1848.66349338199
14.1890000000001,1840.79208315345
14.1900000000001,1835.48892742633
14.191,1832.70956910908
14.192,1832.18199384842
14.1930000000002,1831.34108478077
14.1940000000002,1831.70051083287
14.1950000000002,1833.29198105774
14.1960000000001,1835.80259609756
14.1970000000001,1838.9458550695
14.1980000000001,1842.48352881191
14.1990000000001,1844.12506260856
14.2,1845.90742067044
14.201,1848.38910245091
14.2020000000002,1851.81588862679
14.2030000000002,1856.35773449291
14.2040000000002,1862.0595467272
14.2050000000002,1866.68509305087
14.2060000000001,1872.22373717439
14.2070000000001,1878.94025666143
14.2080000000001,1886.76024840271
14.2090000000001,1895.5585246087
14.21,1905.18191259902
14.211,1913.30088465998
14.2120000000002,1922.05521559041
14.2130000000002,1931.83152059084
14.2140000000002,1942.72394757913
14.2150000000001,1954.70776414059
14.2160000000001,1967.59629025475
14.2170000000001,1978.83058305245
14.2180000000001,1990.27732196469
14.2190000000001,2001.85179567002
14.22,2013.21644108233
14.221,2024.02453124163
14.2220000000002,2033.96516354668
14.2230000000002,2040.58053878505
14.2240000000002,2046.15157034822
14.2250000000001,2051.09394291531
14.2260000000001,2055.67398340523
14.2270000000001,2060.08801636899
14.2280000000001,2064.38994982261
14.229,2066.21638448008
14.23,2067.73978535563
14.2310000000002,2068.95990115406
14.2320000000002,2069.64950536117
14.2330000000002,2069.53532841343
14.2340000000002,2068.36157176167
14.2350000000001,2063.65183278393
14.2360000000001,2057.9494936382
14.2370000000001,2051.77178783747
14.2380000000001,2045.62967267816
14.239,2040.03335038417
14.24,2035.39636119145
14.2410000000002,2029.6236054195
14.2420000000002,2025.39734571213
14.2430000000002,2022.89961472934
14.2440000000001,2022.02093750773
14.2450000000001,2022.44085728869
14.2460000000001,2023.67774148269
14.2470000000001,2022.83947387544
14.248,2022.02047904537
14.249,2021.06071900478
14.25,2019.85375174438
14.2510000000002,2018.35128909579
14.2520000000002,2016.49758932064
14.2530000000002,2012.03252128234
14.2540000000001,2007.53078663263
14.2550000000001,2003.28937757474
14.2560000000001,1999.53340974341
14.2570000000001,1996.40452863189
14.258,1993.86964990543
14.259,1989.66196205734
14.2600000000002,1986.21746449256
14.2610000000002,1983.64928535389
14.2620000000002,1981.96143613266
14.2630000000001,1981.05077965597
14.2640000000001,1980.59593148232
14.2650000000001,1978.1411439051
14.2660000000001,1975.92123910274
14.2670000000001,1973.93747533615
14.268,1972.19623713849
14.269,1970.73057513751
14.2700000000002,1969.44758557259
14.2710000000002,1966.2997607924
14.2720000000002,1963.90245114321
14.2730000000001,1962.56886691764
14.2740000000001,1962.46352748175
14.2750000000001,1963.56068206908
14.2760000000001,1965.43256536983
14.277,1965.56791909284
14.278,1965.98973137193
14.2790000000002,1966.40606996867
14.2800000000002,1966.52817351688
14.2810000000002,1966.15684838933
14.2820000000002,1965.00756317106
14.2830000000001,1961.1371017321
14.2840000000001,1957.44883898229
14.2850000000001,1954.63578633508
14.2860000000001,1953.34108658664
14.287,1954.04852868162
14.288,1956.71174274822
14.2890000000002,1959.24513152156
14.2900000000002,1963.83319365006
14.2910000000002,1970.0899419147
14.2920000000001,1977.38768676163
14.2930000000001,1984.97515084797
14.2940000000001,1991.79523781367
14.2950000000001,1995.32088046563
14.296,1997.62203709845
14.297,1998.73679160904
14.298,1998.83824734594
14.2990000000002,1998.1851972805
14.3000000000002,1996.71710557381
14.3010000000002,1992.87325340278
14.3020000000001,1989.27187170007
14.3030000000001,1986.24216410873
14.3040000000001,1983.95857124075
14.3050000000001,1982.47114172767
14.306,1981.37127977606
14.307,1978.85054494522
14.3080000000002,1977.28282173437
14.3090000000002,1976.89414633311
14.3100000000002,1977.84938049055
14.3110000000001,1980.22298849048
14.3120000000001,1983.55826100598
14.3130000000001,1986.02035525652
14.3140000000001,1989.6765689853
14.3150000000001,1994.37255948373
14.316,1999.82629131697
14.317,2005.68176703823
14.3180000000002,2011.13050921641
14.3190000000002,2014.30150827721
14.3200000000002,2017.21775256694
14.3210000000001,2019.93625655827
14.3220000000001,2022.51417734746
14.3230000000001,2024.98765093662
14.3240000000001,2026.89085881079
14.325,2026.7473049378
14.326,2026.69333517945
14.3270000000002,2026.86775670252
14.3280000000002,2027.36137533702
14.3290000000002,2028.25465136725
14.3300000000002,2029.15933579718
14.3310000000001,2028.88069396949
14.3320000000001,2029.7559527338
14.3330000000001,2032.18592431273
14.3340000000001,2036.44980893818
14.335,2042.65247529245
14.336,2050.16024739339
14.3370000000002,2057.36811262846
14.3380000000002,2065.85253001587
14.3390000000002,2075.11459574849
14.3400000000001,2084.47998322678
14.3410000000001,2093.18551251498
14.3420000000001,2099.91790390381
14.3430000000001,2102.82658750818
14.3440000000001,2103.50892766082
14.345,2101.90262064682
14.346,2098.09445348499
14.3470000000002,2092.309896316
14.3480000000002,2084.29837103166
14.3490000000002,2073.35993235058
14.3500000000001,2062.02816508323
14.3510000000001,2051.01678418526
14.3520000000001,2040.95122222924
14.3530000000001,2032.34327231624
14.354,2024.92486395562
14.355,2017.83174930855
14.3560000000002,2013.30218661298
14.3570000000002,2011.57342431984
14.3580000000002,2012.66914950124
14.3590000000002,2016.38880551678
14.3600000000001,2021.5128458452
14.3610000000001,2026.11948642396
14.3620000000001,2031.89006986577
14.3630000000001,2038.40329697657
14.364,2045.1392721508
14.365,2051.47644988989
14.3660000000002,2055.71976121899
14.3670000000002,2055.57733340356
14.3680000000002,2053.18865283578
14.3690000000001,2048.65558409872
14.3700000000001,2042.25878643717
14.3710000000001,2034.38519846659
14.3720000000001,2024.33488736539
14.373,2010.86736511523
14.374,1997.19368911179
14.375,1984.15772673642
14.3760000000002,1972.42599482328
14.3770000000002,1962.36000291295
14.3780000000002,1953.13591716142
14.3790000000001,1943.51272722905
14.3800000000001,1934.76185900163
14.3810000000001,1926.29279032031
14.3820000000001,1917.56126211173
14.383,1908.29721295631
14.384,1898.22820833978
14.3850000000002,1887.88343404989
14.3860000000002,1879.16465849968
14.3870000000002,1872.81091827516
14.3880000000001,1869.24028698161
14.3890000000001,1868.43084066751
14.3900000000001,1869.48782458908
14.3910000000001,1871.56226354948
14.3920000000001,1874.42542692303
14.393,1876.71501506229
14.394,1877.26508121072
14.3950000000002,1875.46984027128
14.3960000000002,1870.99052439497
14.3970000000002,1864.73405159146
14.3980000000001,1859.25926642811
14.3990000000001,1855.99239502058
14.4000000000001,1855.88634454028
14.4010000000001,1859.11944476729
14.402,1864.14502274388
14.403,1869.14727866806
14.4040000000002,1873.99563273997
14.4050000000002,1877.18274665096
14.4060000000002,1877.85510461148
14.4070000000002,1876.29766330437
14.4080000000001,1873.16910989696
14.4090000000001,1870.9935487485
14.4100000000001,1875.58751358585
14.4110000000001,1891.38127281756
14.412,1922.2081628486
14.413,1970.58722699191
14.4140000000002,2036.2785209586
14.4150000000002,2117.80552078028
14.4160000000002,2214.18254759725
14.4170000000001,2321.96109046072
14.4180000000001,2437.49277728633
14.4190000000001,2557.72797925975
14.4200000000001,2679.8266514265
14.421,2803.04870389388
14.422,2929.55722737077
14.423,3060.41158375361
14.4240000000002,3195.91545732011
14.4250000000002,3334.53920386637
14.4260000000002,3471.02405402603
14.4270000000001,3597.79519738568
14.4280000000001,3705.98876280963
14.4290000000001,3783.0301111035
14.4300000000001,3815.35180377958
14.431,3790.17697059913
14.432,3696.40242005187
14.4330000000002,3528.38508482009
14.4340000000002,3287.98041221246
14.4350000000002,2982.05587139532
14.4360000000001,2623.57346515597
14.4370000000001,2230.5025336997
14.4380000000001,1822.94036119592
14.4390000000001,1422.9299780173
14.4400000000001,1052.55747071863
14.441,728.781488858971
14.442,462.981776858968
14.4430000000002,260.04536714082
14.4440000000002,117.32265531397
14.4450000000002,27.7854339036127
14.4460000000001,-17.8982699171925
14.4470000000001,-31.8833553005548
14.4480000000001,-25.6610519831517
14.4490000000001,-8.08344230444683
14.45,14.8813597164231
14.451,42.8929170007131
14.4520000000002,80.9085687894988
14.4530000000002,135.372042175124
14.4540000000002,213.540008927644
14.4550000000002,321.490316542625
14.4560000000001,461.244027390298
14.4570000000001,632.006534931387
14.4580000000001,829.730943289863
14.4590000000001,1045.1874918084
14.46,1266.30858735416
14.461,1479.89956529391
14.4620000000002,1672.34646773447
14.4630000000002,1833.82467726116
14.4640000000002,1959.21612035265
14.4650000000001,2046.32011335882
14.4660000000001,2096.74566005405
14.4670000000001,2115.13357148267
14.4680000000001,2106.83700010645
14.4690000000001,2079.37266264024
14.47,2040.88050282177
14.471,1997.21230251808
14.4720000000002,1952.63643462116
14.4730000000002,1909.86523154912
14.4740000000002,1869.10974537539
14.4750000000001,1831.46489915493
14.4760000000001,1798.61149214669
14.4770000000001,1771.03637332203
14.4780000000001,1749.22954537276
14.479,1733.63510315147
14.48,1723.02268403291
14.4810000000002,1717.93595583918
14.4820000000002,1719.23737355481
14.4830000000002,1725.93537895711
14.4840000000002,1736.56815011541
14.4850000000001,1749.45731902871
14.4860000000001,1761.24100809402
14.4870000000001,1771.62895107029
14.4880000000001,1781.42550037272
14.489,1790.28669481061
14.49,1798.12943155635
14.4910000000002,1805.05349935129
14.4920000000002,1809.31819842136
14.4930000000002,1812.24555536083
14.4940000000001,1815.48311139908
14.4950000000001,1818.79609932821
14.4960000000001,1821.66883950609
14.4970000000001,1823.4904106439
14.498,1822.3251669615
14.499,1818.54946922539
14.5,1813.33473734953
14.5010000000002,1807.04808779544
14.5020000000002,1800.12408017276
14.5030000000002,1792.97160443242
14.5040000000001,1785.0561501447
14.5050000000001,1776.66453408616
14.5060000000001,1768.70591545794
14.5070000000001,1761.68429472676
14.508,1756.0750781057
14.509,1752.240796144
14.5100000000002,1749.55436474165
14.5110000000002,1748.05047502271
14.5120000000002,1748.25120135896
14.5130000000001,1750.21936618346
14.5140000000001,1753.86201994645
14.5150000000001,1758.85935679576
14.5160000000001,1763.68884627252
14.5170000000001,1767.86154849452
14.518,1771.38827476665
14.519,1773.95920141702
14.5200000000002,1775.43747307644
14.5210000000002,1775.84710296303
14.5220000000002,1773.95164050694
14.5230000000001,1770.80560688119
14.5240000000001,1767.74381412907
14.5250000000001,1765.34639903677
14.5260000000001,1764.07512156028
14.527,1764.19077455259
14.528,1764.08526241306
14.5290000000002,1764.61533366127
14.5300000000002,1766.41882892325
14.5310000000002,1769.10090808156
14.5320000000002,1772.15053056279
14.5330000000001,1775.046925516
14.5340000000001,1775.77717796184
14.5350000000001,1775.14896527792
14.5360000000001,1774.12074306971
14.537,1773.03117409591
14.538,1772.26707105379
14.5390000000002,1772.17344786258
14.5400000000002,1771.42976954173
14.5410000000002,1771.1634796129
14.5420000000001,1772.22838209573
14.5430000000001,1774.6127970674
14.5440000000001,1778.1383048786
14.5450000000001,1782.5052583245
14.546,1785.77200122137
14.547,1788.73271776863
14.548,1792.03117735088
14.5490000000002,1795.70171464522
14.5500000000002,1799.78701651962
14.5510000000002,1804.29313427524
14.5520000000001,1807.51150590001
14.5530000000001,1810.52003616974
14.5540000000001,1813.97895297945
14.5550000000001,1817.80095336526
14.556,1821.79194164738
14.557,1825.67926610658
14.5580000000002,1827.47370853398
14.5590000000002,1828.20755522906
14.5600000000002,1828.54457499113
14.5610000000001,1828.58627148809
14.5620000000001,1828.45320216159
14.5630000000001,1828.25485655491
14.5640000000001,1826.37771186372
14.5650000000001,1824.21432866778
14.566,1822.58777065627
14.567,1821.67251474149
14.5680000000002,1821.5422482191
14.5690000000002,1822.16739699017
14.5700000000002,1821.74357886047
14.5710000000001,1821.49027069305
14.5720000000001,1821.9813052435
14.5730000000001,1823.21011477179
14.5740000000001,1825.09977934159
14.575,1827.49939440045
14.576,1828.48809137836
14.5770000000002,1829.296821769
14.5780000000002,1830.45465665466
14.5790000000002,1832.00231584313
14.5800000000002,1833.98167821415
14.5810000000001,1836.43039791478
14.5820000000001,1837.64550574021
14.5830000000001,1839.16967649011
14.5840000000001,1841.68796664639
14.585,1845.3178295825
14.586,1850.02045989309
14.5870000000002,1855.57570841473
14.5880000000002,1859.84264597373
14.5890000000002,1863.89415263137
14.5900000000001,1867.83142728225
14.5910000000001,1871.30026465697
14.5920000000001,1873.96605510305
14.5930000000001,1875.56135665796
14.5940000000001,1874.12704571929
14.595,1871.31437792537
14.596,1867.89484619196
14.5970000000002,1864.30126815117
14.5980000000002,1860.95131028745
14.5990000000002,1858.17625223173
14.6000000000001,1854.30810210217
14.6010000000001,1851.15853414006
14.6020000000001,1849.28998128255
14.6030000000001,1848.74273093389
14.604,1849.41987520243
14.605,1851.11495124617
14.6060000000002,1851.61330743695
14.6070000000002,1852.48838146539
14.6080000000002,1854.11040198026
14.6090000000002,1856.49652105531
14.6100000000001,1859.61907797283
14.6110000000001,1863.36346642292
14.6120000000001,1865.49326270998
14.6130000000001,1867.63841642858
14.614,1869.997595441
14.615,1872.35549937704
14.6160000000002,1874.41333045774
14.6170000000002,1875.8149574635
14.6180000000002,1874.12984854488
14.6190000000001,1871.1022844475
14.6200000000001,1867.11687853922
14.6210000000001,1862.36131264344
14.6220000000001,1857.08663437213
14.623,1851.56341522409
14.624,1843.94094152733
14.625,1836.55486665752
14.6260000000002,1830.09736121196
14.6270000000002,1824.86855286869
14.6280000000002,1820.98667997768
14.6290000000001,1818.36372010433
14.6300000000001,1814.59435516787
14.6310000000001,1811.45127931628
14.6320000000001,1808.95969507098
14.633,1806.87100396837
14.634,1804.91322586882
14.6350000000002,1802.81601590295
14.6360000000002,1798.20409058866
14.6370000000002,1793.16292628617
14.6380000000001,1788.09246039391
14.6390000000001,1783.24846672525
14.6400000000001,1778.88394994586
14.6410000000001,1775.20193647089
14.6420000000001,1770.16581142067
14.643,1766.14435122019
14.644,1763.55341811937
14.6450000000002,1762.54842985091
14.6460000000002,1763.16703647204
14.6470000000002,1765.32937415739
14.6480000000001,1766.64861579118
14.6490000000001,1769.31552476762
14.6500000000001,1773.50321203927
14.6510000000001,1779.22599308447
14.652,1786.44374044955
14.653,1795.04165091737
14.6540000000002,1802.56909593417
14.6550000000002,1811.27327231569
14.6560000000002,1821.2296479634
14.6570000000002,1832.34554909539
14.6580000000001,1844.43709966103
14.6590000000001,1857.22602316386
14.6600000000001,1868.10545885793
14.6610000000001,1879.2281628464
14.662,1890.5465939097
14.663,1901.94087792449
14.6640000000002,1913.26536009444
14.6650000000002,1924.33950602249
14.6660000000002,1932.68466097186
14.6670000000001,1940.67788468645
14.6680000000001,1948.40932357055
14.6690000000001,1955.91528080087
14.6700000000001,1963.17775473636
14.671,1970.07571500216
14.672,1974.2430909178
14.673,1978.08254220838
14.6740000000002,1981.7132873947
14.6750000000002,1985.20389191589
14.6760000000002,1988.58149133674
14.6770000000001,1991.75222881437
14.6780000000001,1992.47669602833
14.6790000000001,1993.21352097257
14.6800000000001,1994.13191323573
14.681,1995.30905669138
14.682,1996.72350186897
14.6830000000002,1998.1361648872
14.6840000000002,1997.21211220494
14.6850000000002,1996.1641937274
14.6860000000001,1994.9606987785
14.6870000000001,1993.51722098806
14.6880000000001,1991.72555971641
14.6890000000001,1989.32839678947
14.6900000000001,1984.18656314348
14.691,1978.70769556555
14.692,1973.18445928517
14.6930000000002,1967.89933091372
14.6940000000002,1963.10037142361
14.6950000000002,1958.79187361326
14.6960000000001,1953.09924938294
14.6970000000001,1948.46661133671
14.6980000000001,1945.14324079582
14.6990000000001,1943.26885209668
14.7,1942.87805702019
14.701,1943.6900606224
14.7020000000002,1943.63796247053
14.7030000000002,1944.85365808617
14.7040000000002,1947.32395764375
14.7050000000002,1950.91958557458
14.7060000000001,1955.38594656848
14.7070000000001,1960.09409610239
14.7080000000001,1962.71730746277
14.7090000000001,1965.02979950114
14.71,1966.75710471723
14.711,1967.62443224709
14.7120000000002,1967.40010440453
14.7130000000002,1965.64709122799
14.7140000000002,1960.53552013614
14.7150000000001,1954.45302139508
14.7160000000001,1947.86385267472
14.7170000000001,1941.25953476156
14.7180000000001,1935.10311848476
14.7190000000001,1929.45013904399
14.72,1922.81932113064
14.721,1917.65260406982
14.7220000000002,1914.19930673532
14.7230000000002,1912.52994543577
14.7240000000002,1912.55798438456
14.7250000000001,1913.70813864706
14.7260000000001,1914.00004961251
14.7270000000001,1915.42355163044
14.7280000000001,1917.87908822621
14.729,1921.20451769861
14.73,1925.18171058999
14.7310000000002,1929.14103843829
14.7320000000002,1931.15803570624
14.7330000000002,1933.27071506593
14.7340000000002,1935.4659931901
14.7350000000001,1937.71866172926
14.7360000000001,1940.01103053735
14.7370000000001,1941.90370758437
14.7380000000001,1941.85942850036
14.739,1942.25557051521
14.74,1943.40594324633
14.7410000000002,1945.52761042222
14.7420000000002,1948.70685702787
14.7430000000002,1952.39777878551
14.7440000000001,1954.88275084726
14.7450000000001,1958.12769948521
14.7460000000001,1961.97640857645
14.7470000000001,1966.17767653933
14.748,1970.438340512
14.749,1973.95598085682
14.75,1975.05865977479
14.7510000000002,1975.88752551911
14.7520000000002,1976.65881567028
14.7530000000002,1977.59119632216
14.7540000000001,1978.86432564312
14.7550000000001,1980.0282428352
14.7560000000001,1979.71686866908
14.7570000000001,1980.03589182364
14.758,1981.03154261924
14.759,1982.60953772005
14.7600000000002,1984.5686383089
14.7610000000002,1986.07079803905
14.7620000000002,1985.58567414331
14.7630000000001,1985.04378918911
14.7640000000001,1984.54806086999
14.7650000000001,1984.21889059493
14.7660000000001,1984.18012408276
14.7670000000001,1983.92385665193
14.768,1982.32605374622
14.769,1981.52989532151
14.7700000000002,1981.72886104176
14.7710000000002,1982.97122902435
14.7720000000002,1985.15858816629
14.7730000000001,1987.40799943398
14.7740000000001,1988.26540811091
14.7750000000001,1989.482367779
14.7760000000001,1990.94948150965
14.777,1992.52929120363
14.778,1994.0808835148
14.7790000000002,1994.80118777697
14.7800000000002,1993.55916633604
14.7810000000002,1992.37106635726
14.7820000000002,1991.50371724592
14.7830000000001,1991.1943880049
14.7840000000001,1991.62409485117
14.7850000000001,1992.19754227395
14.7860000000001,1991.98587156351
14.787,1992.87206370775
14.788,1994.91035236702
14.7890000000002,1998.00334684521
14.7900000000002,2001.92043407183
14.7910000000002,2005.61217035063
14.7920000000001,2007.86205108981
14.7930000000001,2010.22276751405
14.7940000000001,2012.61364623854
14.7950000000001,2014.98332018125
14.796,2017.33181424072
14.797,2018.96705954842
14.798,2019.2426392574
14.7990000000002,2020.19048396631
14.8000000000002,2022.17606500926
14.8010000000002,2025.4465265576
14.8020000000001,2030.08998312493
14.8030000000001,2035.22622818143
14.8040000000001,2039.89105225666
14.8050000000001,2045.50273340553
14.806,2051.72365385162
14.807,2058.07667564538
14.8080000000002,2064.00686324896
14.8090000000002,2068.1238523509
14.8100000000002,2069.30163862818
14.8110000000001,2068.98756716344
14.8120000000001,2067.15870935242
14.8130000000001,2063.88110844974
14.8140000000001,2059.30533098455
14.8150000000001,2052.79107184049
14.816,2044.06755685957
14.817,2035.26973296161
14.8180000000002,2026.9593475441
14.8190000000002,2019.62253913099
14.8200000000002,2013.64941528608
14.8210000000001,2008.39422753294
14.8220000000001,2003.51152515663
14.8230000000001,2000.90368174077
14.8240000000001,2000.75956343241
14.825,2003.06704642735
14.826,2007.59939733888
14.8270000000002,2012.81855510352
14.8280000000002,2017.51761473912
14.8290000000002,2023.06444060178
14.8300000000002,2029.07574195279
14.8310000000001,2035.09717823471
14.8320000000001,2040.60145113955
14.8330000000001,2043.64997167409
14.8340000000001,2042.91335771426
14.835,2040.27818313004
14.836,2035.89656103823
14.8370000000002,2030.0099515283
14.8380000000002,2022.86485993523
14.8390000000002,2013.11207983312
14.8400000000001,2000.09092076308
14.8410000000001,1986.42884045455
14.8420000000001,1972.7945570604
14.8430000000001,1959.79304554817
14.8440000000001,1947.86790397698
14.845,1936.06939617296
14.846,1924.04351705825
14.8470000000002,1913.34175026204
14.8480000000002,1903.84904604879
14.8490000000002,1895.38159777412
14.8500000000001,1887.8049357402
14.8510000000001,1880.5954425131
14.8520000000001,1874.17384910045
14.8530000000001,1869.47848370868
14.854,1866.43031873922
14.855,1864.74458501651
14.8560000000002,1863.99897072447
14.8570000000002,1863.21895032291
14.8580000000002,1862.35258092269
14.8590000000002,1861.83041077003
14.8600000000001,1861.32197786878
14.8610000000001,1860.6293924735
14.8620000000001,1859.78863710835
14.8630000000001,1858.43168452689
14.864,1857.35728474498
14.865,1857.95540583944
14.8660000000002,1860.43500284032
14.8670000000002,1864.61356476365
14.8680000000002,1869.93403998372
14.8690000000001,1874.48282576354
14.8700000000001,1877.54132921589
14.8710000000001,1879.8115046466
14.8720000000001,1881.09291744358
14.873,1881.63961861127
14.874,1882.2501736004
14.875,1882.96117572217
14.8760000000002,1885.73001782128
14.8770000000002,1894.29697113858
14.8780000000002,1911.15302154457
14.8790000000001,1938.58808702221
14.8800000000001,1978.45859212968
14.8810000000001,2030.7312984098
14.8820000000001,2096.1315168862
14.883,2175.8326665856
14.884,2268.9693171092
14.8850000000002,2373.93222208101
14.8860000000002,2488.55858192329
14.8870000000002,2609.16221042294
14.8880000000001,2733.63846599046
14.8890000000001,2861.19764869543
14.8900000000001,2990.27001672101
14.8910000000001,3119.56000676629
14.8920000000001,3247.74237235242
14.893,3371.63102555406
14.894,3488.47548430161
14.8950000000002,3594.50625940866
14.8960000000002,3682.28440484405
14.8970000000002,3741.71590051149
14.8980000000001,3760.58266323387
14.8990000000001,3724.43654809804
14.9000000000001,3621.61667864426
14.9010000000001,3444.56654637075
14.902,3190.03851977954
14.903,2861.92155585483
14.9040000000002,2472.0758692492
14.9050000000002,2038.58315447356
14.9060000000002,1587.23724534671
14.9070000000002,1147.55077332129
14.9080000000001,747.241917263866
14.9090000000001,409.488635457889
14.9100000000001,149.764862503207
14.9110000000001,-27.4434329331422
14.912,-125.627869765199
14.913,-156.069113238149
14.9140000000002,-136.642428288828
14.9150000000002,-87.0962234057873
14.9160000000002,-25.1836232170594
14.9170000000001,35.1595038157691
14.9180000000001,89.1098742066157
14.9190000000001,139.750331984841
14.9200000000001,195.109131950177
14.921,266.398501709746
14.922,364.705650206182
14.923,496.421806155451
14.9240000000002,664.445467784147
14.9250000000002,865.538131732773
14.9260000000002,1089.38898656489
14.9270000000001,1321.28144023219
14.9280000000001,1544.72335777086
14.9290000000001,1742.88023966524
14.9300000000001,1904.73963066807
14.931,2024.85993187914
14.932,2102.54596591066
14.9330000000002,2142.03164153069
14.9340000000002,2150.94649209528
14.9350000000002,2136.88779711975
14.9360000000001,2109.37787286313
14.9370000000001,2076.38528434071
14.9380000000001,2042.46889797077
14.9390000000001,2009.64906044344
14.9400000000001,1978.04315292316
14.941,1945.27006798319
14.942,1911.54846139128
14.9430000000002,1878.01392782165
14.9440000000002,1845.96696841697
14.9450000000002,1817.53334318267
14.9460000000001,1795.14590416932
14.9470000000001,1779.0935311531
14.9480000000001,1771.80547693762
14.9490000000001,1774.31251921177
14.95,1785.29611497633
14.951,1802.32696517917
14.9520000000002,1822.40676616498
14.9530000000002,1840.49428332555
14.9540000000002,1855.94260963276
14.9550000000002,1868.56439066854
14.9560000000001,1877.93539491778
14.9570000000001,1884.33792265003
14.9580000000001,1888.50922741604
14.9590000000001,1889.03153268033
14.96,1888.65991774427
14.961,1889.07706319687
14.9620000000002,1890.27392724128
14.9630000000002,1891.79976187925
14.9640000000002,1893.01521502795
14.9650000000001,1891.52952709431
14.9660000000001,1888.42901740289
14.9670000000001,1884.73043902753
14.9680000000001,1880.86438862421
14.9690000000001,1877.31437336055
14.97,1874.47765964393
14.971,1871.51848858209
14.9720000000002,1868.78627334512
14.9730000000002,1866.75593782996
14.9740000000002,1865.52581567608
14.9750000000001,1865.09993832596
14.9760000000001,1865.35283598274
14.9770000000001,1864.98769630985
14.9780000000001,1864.06052967682
14.979,1862.92260216344
14.98,1861.7735975898
14.9810000000002,1860.87226335615
14.9820000000002,1860.43056311257
14.9830000000002,1859.30842319343
14.9840000000002,1858.12172197482
14.9850000000001,1857.45905129676
14.9860000000001,1857.55841480132
14.9870000000001,1858.59826299045
14.9880000000001,1860.63120851846
14.989,1861.81498112152
14.99,1863.27888912223
14.9910000000002,1865.52467909532
14.9920000000002,1868.46908620956
14.9930000000002,1871.98493468538
14.9940000000001,1875.91177317398
14.9950000000001,1878.08217187789
14.9960000000001,1880.06008708184
14.9970000000001,1882.53152566495
14.998,1885.54708735709
14.999,1889.07082056862
15,1892.96609399345
15.0010000000002,1895.05036514092
15.0020000000002,1896.74650676832
15.0030000000002,1898.54300329748
15.0040000000001,1900.37405866247
15.0050000000001,1902.14072150601
15.0060000000001,1903.72306691064
15.0070000000001,1903.09216870422
15.008,1901.84257840646
15.009,1900.69209187999
15.0100000000002,1899.90915565723
15.0110000000002,1899.71598619686
15.0120000000002,1900.23920795805
15.0130000000001,1899.5201282643
15.0140000000001,1899.23482454715
15.0150000000001,1899.92080527557
15.0160000000001,1901.59114890369
15.0170000000001,1904.16462868345
15.018,1907.47570959789
15.019,1909.27371518158
15.0200000000002,1911.20901185327
15.0210000000002,1913.74824775881
15.0220000000002,1916.93299166389
15.0230000000001,1920.75037001256
15.0240000000001,1925.10494735585
15.0250000000001,1927.75195285914
15.0260000000001,1930.40882496524
15.027,1933.45271513581
15.028,1936.84265246108
15.0290000000002,1940.48851747158
15.0300000000002,1944.25792735438
15.0310000000002,1945.91254327521
15.0320000000002,1947.34025219488
15.0330000000001,1949.06213454005
15.0340000000001,1951.25836121266
15.0350000000001,1954.05792732323
15.0360000000001,1957.49977691867
15.037,1959.40995045963
15.038,1961.72363814089
15.0390000000002,1964.80949135765
15.0400000000002,1968.65718178726
15.0410000000002,1973.17259597442
15.0420000000001,1978.18550411514
15.0430000000001,1981.35156399435
15.0440000000001,1984.59319116476
15.0450000000001,1988.25287435107
15.046,1992.3999943362
15.047,1997.05876533541
15.048,2002.17577089448
15.0490000000002,2005.45989790945
15.0500000000002,2008.90763915277
15.0510000000002,2012.75069220323
15.0520000000001,2016.90835643226
15.0530000000001,2021.20766631484
15.0540000000001,2025.3906030576
15.0550000000001,2026.96487787828
15.056,2027.91855733245
15.057,2028.46764218362
15.0580000000002,2028.6679772449
15.0590000000002,2028.59558936109
15.0600000000002,2028.32839825842
15.0610000000001,2025.70507184647
15.0620000000001,2023.18694854653
15.0630000000001,2021.28570056407
15.0640000000001,2020.28415146842
15.0650000000001,2020.35015007909
15.066,2021.50229258971
15.067,2021.31380598437
15.0680000000002,2022.02047225863
15.0690000000002,2023.70776804136
15.0700000000002,2026.24237173751
15.0710000000001,2029.40626872906
15.0720000000001,2032.90940640361
15.0730000000001,2034.04687329637
15.0740000000001,2035.09924755826
15.075,2036.19638318284
15.076,2037.39016831075
15.0770000000002,2038.71355136375
15.0780000000002,2040.14524049724
15.0790000000002,2039.14713245387
15.0800000000002,2038.30053777905
15.0810000000001,2037.83004642826
15.0820000000001,2037.84893029751
15.0830000000001,2038.39389093287
15.0840000000001,2039.40601750145
15.085,2038.23342886418
15.086,2037.47970147179
15.0870000000002,2037.25046351737
15.0880000000002,2037.56290966418
15.0890000000002,2038.34026772607
15.0900000000001,2039.35534621468
15.0910000000001,2037.87883931052
15.0920000000001,2036.36100251804
15.0930000000001,2034.80325657324
15.0940000000001,2033.18118762133
15.095,2031.46561041178
15.096,2029.54290977398
15.0970000000002,2025.01766244
15.0980000000002,2020.60483870375
15.0990000000002,2016.61372331598
15.1000000000001,2013.27740372614
15.1010000000001,2010.7217499314
15.1020000000001,2008.81602595307
15.1030000000001,2005.12348557453
15.104,2002.09039555054
15.105,1999.71688792823
15.1060000000002,1997.93075675331
15.1070000000002,1996.62890461726
15.1080000000002,1995.54628691632
15.1090000000002,1992.35969421035
15.1100000000001,1989.71956271527
15.1110000000001,1987.93204274069
15.1120000000001,1987.25091199471
15.1130000000001,1987.83571930725
15.114,1989.51378496411
15.115,1990.00588763216
15.1160000000002,1991.70465089165
15.1170000000002,1994.55593016871
15.1180000000002,1998.40118469779
15.1190000000001,2003.03575413062
15.1200000000001,2008.03036786503
15.1210000000001,2011.19445421058
15.1220000000001,2015.05972343375
15.123,2019.94003628487
15.124,2026.13981309375
15.125,2033.90356757057
15.1260000000002,2043.08950413133
15.1270000000002,2051.68977135472
15.1280000000002,2062.04062300028
15.1290000000001,2074.03537643284
15.1300000000001,2087.3518296359
15.1310000000001,2101.49780429398
15.1320000000001,2115.56388183751
15.133,2126.99297530749
15.134,2137.72954470523
15.1350000000002,2147.56439403076
15.1360000000002,2156.35571538192
15.1370000000002,2164.0360045441
15.1380000000001,2170.25534188668
15.1390000000001,2173.21008458374
15.1400000000001,2175.47473643301
15.1410000000001,2177.40751021502
15.1420000000001,2179.28462884902
15.143,2181.27847844946
15.144,2183.05916078603
15.1450000000002,2182.78080646102
15.1460000000002,2182.74876662512
15.1470000000002,2182.97866699188
15.1480000000001,2183.3442003656
15.1490000000001,2183.5993378522
15.1500000000001,2182.99293715455
15.1510000000001,2179.4591380407
15.152,2175.12159982808
15.153,2170.04330900976
15.1540000000002,2164.37361910939
15.1550000000002,2158.37119482772
15.1560000000002,2151.94278062507
15.1570000000002,2143.89842598437
15.1580000000001,2137.10927165893
15.1590000000001,2132.26743671742
15.1600000000001,2129.8566826688
15.1610000000001,2130.06896777443
15.162,2132.26040580173
15.163,2134.38127747343
15.1640000000002,2138.02565028087
15.1650000000002,2142.5185513715
15.1660000000002,2147.05538889543
15.1670000000001,2150.82299472379
15.1680000000001,2152.58409919419
15.1690000000001,2150.34630320732
15.1700000000001,2146.15660088225
15.171,2140.27342369593
15.172,2133.09769087061
15.173,2125.09692344812
15.1740000000002,2116.16309927368
15.1750000000002,2105.28166353222
15.1760000000002,2095.03430284683
15.1770000000001,2085.90692777462
15.1780000000001,2078.24624863861
15.1790000000001,2072.27990517965
15.1800000000001,2067.53720868697
15.181,2062.74707624913
15.182,2060.16452662629
15.1830000000002,2059.98374122527
15.1840000000002,2062.22297546359
15.1850000000002,2066.68533952255
15.1860000000001,2072.30186926971
15.1870000000001,2077.19040696948
15.1880000000001,2082.79006895504
15.1890000000001,2088.52512195774
15.1900000000001,2093.80498811599
15.191,2098.1282783028
15.192,2100.48483101728
15.1930000000002,2099.61577949128
15.1940000000002,2097.91118603683
15.1950000000002,2095.99237723837
15.1960000000001,2094.519356629
15.1970000000001,2094.07526897521
15.1980000000001,2094.32577431831
15.1990000000001,2094.31165225584
15.2,2096.09971596482
15.201,2099.5163627933
15.2020000000002,2104.10689633207
15.2030000000002,2109.24041855287
15.2040000000002,2113.46608979576
15.2050000000002,2115.16607784355
15.2060000000001,2116.10407252084
15.2070000000001,2116.33317708067
15.2080000000001,2116.06031902321
15.2090000000001,2115.60599594986
15.21,2114.52557957325
15.211,2112.21715052273
15.2120000000002,2111.09834454053
15.2130000000002,2111.52642427929
15.2140000000002,2113.60210008954
15.2150000000001,2117.16935977348
15.2160000000001,2120.99950164934
15.2170000000001,2123.6836600844
15.2180000000001,2126.74754089776
15.2190000000001,2129.85546258697
15.22,2132.66999852148
15.221,2134.90134241432
15.2220000000002,2135.45807887087
15.2230000000002,2133.44879838018
15.2240000000002,2130.99723668849
15.2250000000001,2128.51784302293
15.2260000000001,2126.43134955267
15.2270000000001,2125.11388048752
15.2280000000001,2123.91617545875
15.229,2122.26290149952
15.23,2122.20810213884
15.2310000000002,2123.8276464098
15.2320000000002,2126.94417034382
15.2330000000002,2131.14513872718
15.2340000000002,2134.87256889829
15.2350000000001,2136.78189562987
15.2360000000001,2138.17620052403
15.2370000000001,2138.70198450388
15.2380000000001,2138.09801353398
15.239,2136.24313490253
15.24,2132.19148078079
15.2410000000002,2125.58205794593
15.2420000000002,2118.71496770682
15.2430000000002,2112.28115212592
15.2440000000001,2106.89496390155
15.2450000000001,2103.00425418897
15.2460000000001,2099.80376970164
15.2470000000001,2096.77176298427
15.248,2095.54700930741
15.249,2095.9335124076
15.25,2097.54407872058
15.2510000000002,2099.87526390694
15.2520000000002,2101.32021239481
15.2530000000002,2100.98652272473
15.2540000000001,2100.40603058987
15.2550000000001,2099.62443741843
15.2560000000001,2098.75454116477
15.2570000000001,2097.94020910677
15.258,2096.20672728141
15.259,2093.32660364987
15.2600000000002,2091.23365736404
15.2610000000002,2090.2214936874
15.2620000000002,2090.4709536115
15.2630000000001,2092.05074904405
15.2640000000001,2093.79433731196
15.2650000000001,2095.35298969765
15.2660000000001,2098.35518706399
15.2670000000001,2102.81516030261
15.268,2108.60914729656
15.269,2115.47085020751
15.2700000000002,2121.86868503958
15.2710000000002,2127.19073356889
15.2720000000002,2132.6426924197
15.2730000000001,2137.97099257895
15.2740000000001,2142.93984853466
15.2750000000001,2147.3813407039
15.2760000000001,2150.06759819657
15.277,2151.00107675318
15.278,2151.98167791043
15.2790000000002,2153.3901320077
15.2800000000002,2155.48935882003
15.2810000000002,2158.36246493501
15.2820000000002,2160.66784565334
15.2830000000001,2162.11871066152
15.2840000000001,2163.92891415808
15.2850000000001,2165.83118557669
15.2860000000001,2167.52695967576
15.287,2168.77380075923
15.288,2168.19590312055
15.2890000000002,2165.93406991934
15.2900000000002,2163.80808257739
15.2910000000002,2162.32219279449
15.2920000000001,2161.89146894061
15.2930000000001,2162.74189400245
15.2940000000001,2163.5496170836
15.2950000000001,2164.19429992587
15.296,2165.73997683652
15.297,2167.74249018569
15.298,2169.65314886288
15.2990000000002,2170.94529697631
15.3000000000002,2169.9001431128
15.3010000000002,2166.62395070033
15.3020000000001,2162.80095638451
15.3030000000001,2159.02244782254
15.3040000000001,2155.95522163356
15.3050000000001,2154.22176419241
15.306,2152.86767663244
15.307,2152.42782003228
15.3080000000002,2154.43748229983
15.3090000000002,2158.8351764776
15.3100000000002,2165.2346636747
15.3110000000001,2172.97872904837
15.3120000000001,2179.53022264736
15.3130000000001,2184.32867187687
15.3140000000001,2188.37615879229
15.3150000000001,2191.39256056975
15.316,2193.15668870863
15.317,2193.43076039618
15.3180000000002,2189.82803067495
15.3190000000002,2182.33290930256
15.3200000000002,2172.71310757787
15.3210000000001,2161.25434602923
15.3220000000001,2148.25810786331
15.3230000000001,2133.98193911411
15.3240000000001,2116.58074938008
15.325,2096.6692180285
15.326,2076.3892204245
15.3270000000002,2056.51256733982
15.3280000000002,2037.82913488069
15.3290000000002,2021.07459693456
15.3300000000002,2005.47341009179
15.3310000000001,1992.09381766541
15.3320000000001,1982.37319820818
15.3330000000001,1976.43490756583
15.3340000000001,1974.14244951934
15.335,1975.18012609528
15.336,1978.41965678722
15.3370000000002,1984.12630358884
15.3380000000002,1992.26368841497
15.3390000000002,2001.96063816415
15.3400000000001,2012.24268785764
15.3410000000001,2022.19154976459
15.3420000000001,2030.38311300201
15.3430000000001,2037.1621331801
15.3440000000001,2042.82491061098
15.345,2047.1515374796
15.346,2050.0177339285
15.3470000000002,2051.43510742544
15.3480000000002,2050.50535778658
15.3490000000002,2048.39758783785
15.3500000000001,2046.27815657459
15.3510000000001,2044.48468813955
15.3520000000001,2043.2439202195
15.3530000000001,2042.69636470402
15.354,2041.31285974696
15.355,2040.16874953194
15.3560000000002,2040.61908112196
15.3570000000002,2043.07115175923
15.3580000000002,2047.91401561378
15.3590000000002,2055.53899385839
15.3600000000001,2064.56833192683
15.3610000000001,2076.72408457939
15.3620000000001,2094.29454999627
15.3630000000001,2118.98751633672
15.364,2152.9220995544
15.365,2198.5513875853
15.3660000000002,2256.69640037678
15.3670000000002,2330.88300047099
15.3680000000002,2424.06615838995
15.3690000000001,2537.14068413169
15.3700000000001,2669.3694902536
15.3710000000001,2818.07972783065
15.3720000000001,2976.8516182439
15.373,3140.43315730913
15.374,3302.15155971804
15.375,3453.76060413514
15.3760000000002,3586.97853466268
15.3770000000002,3694.14923106423
15.3780000000002,3766.92158056545
15.3790000000001,3801.47735039504
15.3800000000001,3795.22414898531
15.3810000000001,3745.95068592091
15.3820000000001,3652.37823582927
15.383,3513.97392427815
15.384,3329.07898138903
15.3850000000002,3100.28583823359
15.3860000000002,2831.37539466392
15.3870000000002,2527.30909034228
15.3880000000001,2195.43914091097
15.3890000000001,1845.67929914004
15.3900000000001,1488.41576795795
15.3910000000001,1138.86293885842
15.3920000000001,812.301467668041
15.393,522.221642860737
15.394,279.515545858614
15.3950000000002,91.2354267815198
15.3960000000002,-41.9655709374256
15.3970000000002,-120.642475293598
15.3980000000001,-149.580111230024
15.3990000000001,-136.721439941838
15.4000000000001,-90.8887256714141
15.4010000000001,-20.1803889251857
15.402,67.3624781702335
15.403,169.851818479383
15.4040000000002,287.431611991019
15.4050000000002,421.440363385494
15.4060000000002,573.805913679107
15.4070000000002,745.631252830171
15.4080000000001,933.98536280601
15.4090000000001,1136.76177222111
15.4100000000001,1348.24369371018
15.4110000000001,1559.7296866587
15.412,1761.23586729652
15.413,1942.89925704204
15.4140000000002,2094.38829463366
15.4150000000002,2211.79310172816
15.4160000000002,2293.72245786726
15.4170000000001,2341.55241318724
15.4180000000001,2359.45493811897
15.4190000000001,2353.45511638435
15.4200000000001,2328.2787952147
15.421,2292.21078850108
15.422,2251.52155336997
15.423,2210.4078535384
15.4240000000002,2171.46455528716
15.4250000000002,2135.9401700435
15.4260000000002,2102.05516412588
15.4270000000001,2071.76191585371
15.4280000000001,2045.90347317786
15.4290000000001,2025.0048029312
15.4300000000001,2009.79320828617
15.431,2001.03443552819
15.432,1996.82632834135
15.4330000000002,1999.74386776495
15.4340000000002,2010.12378452847
15.4350000000002,2026.97135914977
15.4360000000001,2048.61777272286
15.4370000000001,2072.9348440046
15.4380000000001,2094.74921981706
15.4390000000001,2114.96730904072
15.4400000000001,2132.59130470257
15.441,2146.35748850434
15.442,2155.47653208658
15.4430000000002,2159.69191233364
15.4440000000002,2156.45893343913
15.4450000000002,2149.50648107307
15.4460000000001,2140.60312223185
15.4470000000001,2130.98134318229
15.4480000000001,2121.7620357434
15.4490000000001,2113.87609990691
15.45,2105.87121089651
15.451,2100.17543047426
15.4520000000002,2097.57997146796
15.4530000000002,2098.2022986682
15.4540000000002,2101.78735979881
15.4550000000002,2107.7249864691
15.4560000000001,2113.64661174841
15.4570000000001,2119.53927247664
15.4580000000001,2125.08585384509
15.4590000000001,2130.05453208239
15.46,2134.39849054346
15.461,2138.14516007134
15.4620000000002,2139.80394924995
15.4630000000002,2140.35615684153
15.4640000000002,2140.35820401081
15.4650000000001,2140.27972298539
15.4660000000001,2140.52031450688
15.4670000000001,2141.29189090494
15.4680000000001,2140.70440501436
15.4690000000001,2140.1305673409
15.47,2139.80630081511
15.471,2139.77375097139
15.4720000000002,2140.0218246388
15.4730000000002,2140.44370618435
15.4740000000002,2138.40421515961
15.4750000000001,2136.13844360694
15.4760000000001,2133.90726477169
15.4770000000001,2131.75878100351
15.4780000000001,2129.74710913381
15.479,2127.93336771901
15.48,2123.74394503425
15.4810000000002,2120.1638116122
15.4820000000002,2117.8341481766
15.4830000000002,2117.13420754485
15.4840000000002,2118.31299936233
15.4850000000001,2121.44054946122
15.4860000000001,2123.79770526543
15.4870000000001,2127.89615418645
15.4880000000001,2133.7840410016
15.489,2141.21334336551
15.49,2149.78881753529
15.4910000000002,2158.98654905938
15.4920000000002,2165.64107404157
15.4930000000002,2171.91862274329
15.4940000000001,2177.6980711008
15.4950000000001,2182.80697657223
15.4960000000001,2187.10744776861
15.4970000000001,2190.47933120142
15.498,2190.16194547629
15.499,2189.06551021898
15.5,2187.64478536383
15.5010000000002,2186.33100443013
15.5020000000002,2185.54806156791
15.5030000000002,2185.6600602398
15.5040000000001,2184.1651733288
15.5050000000001,2184.36534869068
15.5060000000001,2186.70916232589
15.5070000000001,2191.44499516574
15.508,2198.59546406859
15.509,2207.88556462543
15.5100000000002,2216.17829433497
15.5110000000002,2225.85041443416
15.5120000000002,2236.50110292885
15.5130000000001,2247.61363471358
15.5140000000001,2258.61135934216
15.5150000000001,2268.81248735717
15.5160000000001,2275.07518678975
15.5170000000001,2279.91897456887
15.518,2283.3840377752
15.519,2285.59529285913
15.5200000000002,2286.74016786832
15.5210000000002,2286.89396753742
15.5220000000002,2283.72204694788
15.5230000000001,2280.35778726067
15.5240000000001,2277.28915900326
15.5250000000001,2274.8944835376
15.5260000000001,2273.42912622053
15.527,2272.84190841324
15.528,2270.67570295436
15.5290000000002,2269.78283021778
15.5300000000002,2270.37904802692
15.5310000000002,2272.57841722453
15.5320000000002,2276.38913538175
15.5330000000001,2281.48333820662
15.5340000000001,2285.24349716149
15.5350000000001,2290.21378793554
15.5360000000001,2296.29460872037
15.537,2303.23801675646
15.538,2310.6579280736
15.5390000000002,2317.79630031035
15.5400000000002,2321.80669315259
15.5410000000002,2324.92916169364
15.5420000000001,2326.98577672207
15.5430000000001,2327.86279527038
15.5440000000001,2327.54876903729
15.5450000000001,2325.85751185887
15.546,2320.8161966843
15.547,2315.60246331283
15.548,2311.0331073788
15.5490000000002,2307.90245253228
15.5500000000002,2306.89290400412
15.5510000000002,2308.13664836423
15.5520000000001,2309.63669255147
15.5530000000001,2314.167956102
15.5540000000001,2321.72518163786
15.5550000000001,2331.97632121015
15.556,2344.29658989064
15.557,2357.43033526388
15.5580000000002,2368.20350768584
15.5590000000002,2378.45958551808
15.5600000000002,2387.62333337887
15.5610000000001,2395.22100770408
15.5620000000001,2400.91852646375
15.5630000000001,2404.08793683715
15.5640000000001,2402.57173859376
15.5650000000001,2399.3780754205
15.566,2395.16298784919
15.567,2390.6091079736
15.5680000000002,2386.34299215848
15.5690000000002,2382.35898087672
15.5700000000002,2376.88486258554
15.5710000000001,2372.89824098043
15.5720000000001,2370.70284145919
15.5730000000001,2370.36559339157
15.5740000000001,2371.72773856871
15.575,2373.89208319006
15.576,2374.38451114952
15.5770000000002,2375.53454526543
15.5780000000002,2377.22845956157
15.5790000000002,2379.37746993287
15.5800000000002,2381.92844769689
15.5810000000001,2384.26057129049
15.5820000000001,2384.44115946916
15.5830000000001,2385.26643292914
15.5840000000001,2387.02833814379
15.585,2389.8588539547
15.586,2393.67537063886
15.5870000000002,2397.51882321654
15.5880000000002,2399.02715754538
15.5890000000002,2400.29419254249
15.5900000000001,2400.9541149282
15.5910000000001,2400.6249567212
15.5920000000001,2398.98916727283
15.5930000000001,2395.19135840289
15.5940000000001,2387.54120008158
15.595,2379.02463656128
15.596,2370.50359165432
15.5970000000002,2362.95470803508
15.5980000000002,2357.36189066015
15.5990000000002,2353.8730088899
15.6000000000001,2351.51809887939
15.6010000000001,2353.36067397844
15.6020000000001,2359.77647414274
15.6030000000001,2370.7082083115
15.604,2385.67165979997
15.605,2403.04025521047
15.6060000000002,2420.15453134933
15.6070000000002,2438.45414510205
15.6080000000002,2457.09190487408
15.6090000000002,2475.30526313483
15.6100000000001,2492.49749201155
15.6110000000001,2507.47229675251
15.6120000000001,2518.63380436702
15.6130000000001,2528.71958581291
15.614,2538.38600746399
15.615,2548.32413921548
15.6160000000002,2559.13917622389
15.6170000000002,2570.36787266656
15.6180000000002,2580.77325356327
15.6190000000001,2592.85526957894
15.6200000000001,2606.56596296675
15.6210000000001,2621.54535028361
15.6220000000001,2637.1687447415
15.623,2651.69745588882
15.624,2662.94735804262
15.625,2672.69170290245
15.6260000000002,2680.58533547458
15.6270000000002,2686.41756641991
15.6280000000002,2690.13273045318
15.6290000000001,2690.86670336144
15.6300000000001,2687.67578028465
15.6310000000001,2683.47662838067
15.6320000000001,2679.06982742339
15.633,2675.20092085224
15.634,2672.4805179396
15.6350000000002,2670.31086369885
15.6360000000002,2667.77144059804
15.6370000000002,2667.31305221852
15.6380000000001,2669.00003966746
15.6390000000001,2672.60811860052
15.6400000000001,2677.64431724936
15.6410000000001,2682.33679938153
15.6420000000001,2684.83268989145
15.643,2686.7653106521
15.644,2687.7313936994
15.6450000000002,2687.42731207555
15.6460000000002,2685.69009512953
15.6470000000002,2681.41006966857
15.6480000000001,2673.83509162635
15.6490000000001,2665.72949880457
15.6500000000001,2657.86627333216
15.6510000000001,2650.96425890679
15.652,2645.58849402661
15.653,2640.91981016078
15.6540000000002,2636.21026874339
15.6550000000002,2633.70336773144
15.6560000000002,2633.38868508646
15.6570000000002,2635.0337642543
15.6580000000001,2638.2369120456
15.6590000000001,2641.3051764111
15.6600000000001,2642.98493615518
15.6610000000001,2645.15685489007
15.662,2647.81579706623
15.663,2650.99121552444
15.6640000000002,2654.7136213462
15.6650000000002,2657.73684435944
15.6660000000002,2659.3805719914
15.6670000000001,2661.87715291801
15.6680000000001,2665.44877582168
15.6690000000001,2670.19677431924
15.6700000000001,2676.0856946572
15.671,2681.62475285133
15.672,2685.9959922186
15.673,2691.16453961827
15.6740000000002,2697.05217917612
15.6750000000002,2703.45158709502
15.6760000000002,2710.02490902067
15.6770000000001,2714.93976608329
15.6780000000001,2717.24919627834
15.6790000000001,2718.74495837445
15.6800000000001,2719.30020452685
15.681,2718.80818125488
15.682,2717.21287398314
15.6830000000002,2713.09788548589
15.6840000000002,2706.28384594955
15.6850000000002,2699.31450833693
15.6860000000001,2692.86976592282
15.6870000000001,2687.58971945756
15.6880000000001,2684.00448165057
15.6890000000001,2680.98531785003
15.6900000000001,2678.48466926
15.691,2678.66955320047
15.692,2681.54760441785
15.6930000000002,2686.82191423339
15.6940000000002,2693.93139291209
15.6950000000002,2700.5949409233
15.6960000000001,2705.87601228569
15.6970000000001,2711.15624433509
15.6980000000001,2716.05404971644
15.6990000000001,2720.26990155645
15.7,2723.61441686272
15.701,2724.4282605983
15.7020000000002,2722.76102477343
15.7030000000002,2720.93839312021
15.7040000000002,2719.49742850646
15.7050000000002,2718.87496088479
15.7060000000001,2719.34011550843
15.7070000000001,2719.31290432994
15.7080000000001,2718.74380070742
15.7090000000001,2719.43736228741
15.71,2721.26506384433
15.711,2723.92761258477
15.7120000000002,2727.01106190429
15.7130000000002,2728.37531878511
15.7140000000002,2727.78426713245
15.7150000000001,2726.99073872518
15.7160000000001,2726.14084443692
15.7170000000001,2725.41896878227
15.7180000000001,2725.01028747453
15.7190000000001,2723.33626576671
15.72,2720.7758480908
15.721,2719.37738188181
15.7220000000002,2719.41447245134
15.7230000000002,2720.97925285018
15.7240000000002,2723.97578289483
15.7250000000001,2726.37808308027
15.7260000000001,2728.20183717888
15.7270000000001,2730.96838074486
15.7280000000001,2734.53899761632
15.729,2738.69862943359
15.73,2743.17009447321
15.7310000000002,2745.83693587691
15.7320000000002,2746.87734063111
15.7330000000002,2747.87918099792
15.7340000000002,2748.85943163306
15.7350000000001,2749.76993057747
15.7360000000001,2750.49165194891
15.7370000000001,2748.98414316484
15.7380000000001,2745.64976564498
15.739,2742.14051643705
15.74,2738.55300641937
15.7410000000002,2734.91309206242
15.7420000000002,2731.18311139085
15.7430000000002,2725.38453522752
15.7440000000001,2718.16179800757
15.7450000000001,2711.30248025046
15.7460000000001,2705.13980089712
15.7470000000001,2699.98279888062
15.748,2696.10266702717
15.749,2691.81360776264
15.75,2688.0802445877
15.7510000000002,2686.69927176069
15.7520000000002,2687.89735631128
15.7530000000002,2691.65196072004
15.7540000000001,2697.675083185
15.7550000000001,2703.50686807129
15.7560000000001,2709.35735183298
15.7570000000001,2716.09702046681
15.758,2723.20082336007
15.759,2730.13683139255
15.7600000000002,2736.44093432723
15.7610000000002,2739.81497579063
15.7620000000002,2741.12255462594
15.7630000000001,2741.98846093703
15.7640000000001,2742.81821170591
15.7650000000001,2743.98923299713
15.7660000000001,2745.78161022522
15.7670000000001,2746.34383998491
15.768,2746.76609863851
15.769,2748.40704275251
15.7700000000002,2751.18895567839
15.7710000000002,2754.83844621579
15.7720000000002,2758.9422915024
15.7730000000001,2760.9959975
15.7740000000001,2761.73285110384
15.7750000000001,2762.20799462883
15.7760000000001,2762.28794607614
15.777,2761.80394056428
15.778,2760.54811031192
15.7790000000002,2756.22350953788
15.7800000000002,2749.90441743329
15.7810000000002,2742.83212065804
15.7820000000002,2735.10977020166
15.7830000000001,2726.84447523936
15.7840000000001,2718.18197233721
15.7850000000001,2707.21180564381
15.7860000000001,2695.65876845551
15.787,2685.33690970189
15.788,2676.92309923604
15.7890000000002,2670.95257045491
15.7900000000002,2667.73999524138
15.7910000000002,2664.99318784809
15.7920000000001,2664.02651126532
15.7930000000001,2665.82971074971
15.7940000000001,2669.9840792205
15.7950000000001,2675.78277655685
15.796,2682.28699509999
15.797,2685.68040953732
15.798,2686.66134426975
15.7990000000002,2686.03166899786
15.8000000000002,2683.60400303706
15.8010000000002,2679.34188598934
15.8020000000001,2673.29325298105
15.8030000000001,2662.50772419915
15.8040000000001,2649.03140266364
15.8050000000001,2634.83916761094
15.806,2620.72570695086
15.807,2607.38912007686
15.8080000000002,2595.32439827064
15.8090000000002,2581.83487046189
15.8100000000002,2568.88551563198
15.8110000000001,2557.88647313581
15.8120000000001,2548.95906101936
15.8130000000001,2541.99586470969
15.8140000000001,2536.65379763208
15.8150000000001,2530.41494414455
15.816,2524.30261979389
15.817,2518.47113987159
15.8180000000002,2512.28021137237
15.8190000000002,2505.21815159374
15.8200000000002,2497.07469738768
15.8210000000001,2486.94088997637
15.8220000000001,2476.81339222069
15.8230000000001,2467.73001013768
15.8240000000001,2460.0561831988
15.825,2453.89192435422
15.826,2449.0798036575
15.8270000000002,2444.08879046135
15.8280000000002,2439.99393743243
15.8290000000002,2436.64248292061
15.8300000000002,2433.35406782107
15.8310000000001,2429.62458044891
15.8320000000001,2425.3313903766
15.8330000000001,2418.93864840755
15.8340000000001,2413.13561559693
15.835,2409.58664158284
15.836,2409.12435463491
15.8370000000002,2412.09299176574
15.8380000000002,2418.22131710737
15.8390000000002,2424.23083264059
15.8400000000001,2431.25479266735
15.8410000000001,2439.23354894634
15.8420000000001,2447.91585932348
15.8430000000001,2457.9157545659
15.8440000000001,2470.94194327315
15.845,2487.27753441656
15.846,2512.78094483135
15.8470000000002,2552.04844408821
15.8480000000002,2608.3702787569
15.8490000000002,2683.59648451227
15.8500000000001,2777.59614043921
15.8510000000001,2885.68220784487
15.8520000000001,3005.95665141225
15.8530000000001,3133.6848314248
15.854,3263.05622878341
15.855,3388.67474931986
15.8560000000002,3506.36799871419
15.8570000000002,3611.24579806565
15.8580000000002,3704.94489538556
15.8590000000002,3788.64127878092
15.8600000000001,3863.22998231349
15.8610000000001,3928.76622982742
15.8620000000001,3983.51103538188
15.8630000000001,4020.87104171206
15.864,4036.78034720891
15.865,4023.48160915283
15.8660000000002,3971.83972095219
15.8670000000002,3873.24320795201
15.8680000000002,3721.16206724254
15.8690000000001,3510.08303505022
15.8700000000001,3243.86162048839
15.8710000000001,2929.18982360523
15.8720000000001,2576.58912569511
15.873,2199.8435026391
15.874,1814.63000632576
15.875,1434.5579594057
15.8760000000002,1077.17709660148
15.8770000000002,755.873406783263
15.8780000000002,480.635282977716
15.8790000000001,258.122330310886
15.8800000000001,91.7971297016265
15.8810000000001,-20.081012219721
15.8820000000001,-76.3550265275707
15.883,-79.4800139651324
15.884,-33.3880775940226
15.8850000000002,57.1497068071536
15.8860000000002,186.704550029392
15.8870000000002,346.822734341464
15.8880000000001,533.605351401271
15.8890000000001,740.512911006539
15.8900000000001,960.23732128709
15.8910000000001,1185.1431025079
15.8920000000001,1407.54441277937
15.893,1617.61656351092
15.894,1811.39508286215
15.8950000000002,1983.76559299132
15.8960000000002,2130.6836351145
15.8970000000002,2249.59214344909
15.8980000000001,2339.50526021972
15.8990000000001,2398.5136018643
15.9000000000001,2431.34963245109
15.9010000000001,2441.561980818
15.902,2433.25606146033
15.903,2410.90122574502
15.9040000000002,2378.96376391081
15.9050000000002,2339.06681715183
15.9060000000002,2297.69732670803
15.9070000000002,2258.13446483438
15.9080000000001,2222.6507930588
15.9090000000001,2192.67753073895
15.9100000000001,2168.90039779998
15.9110000000001,2148.70127323758
15.912,2134.95276280609
15.913,2127.35683428907
15.9140000000002,2125.19881900018
15.9150000000002,2127.53717207606
15.9160000000002,2133.25921632378
15.9170000000001,2138.04938548436
15.9180000000001,2144.48186274362
15.9190000000001,2151.53250905147
15.9200000000001,2158.03646642129
15.921,2162.92509092574
15.922,2165.38171613569
15.923,2161.62555560727
15.9240000000002,2155.9541306205
15.9250000000002,2148.90833577647
15.9260000000002,2141.09392831699
15.9270000000001,2133.14923706763
15.9280000000001,2125.616577211
15.9290000000001,2115.8815304398
15.9300000000001,2108.2452410553
15.931,2102.92670215218
15.932,2099.70176173299
15.9330000000002,2098.04663371589
15.9340000000002,2097.2227186459
15.9350000000002,2094.40383239492
15.9360000000001,2091.57634511481
15.9370000000001,2088.70923052781
15.9380000000001,2085.88410508667
15.9390000000001,2083.22733897675
15.9400000000001,2080.75760921271
15.941,2076.99312508719
15.942,2073.05292523375
15.9430000000002,2069.14082893337
15.9440000000002,2065.44498386363
15.9450000000002,2062.0584632836
15.9460000000001,2058.83143358657
15.9470000000001,2054.05808045844
15.9480000000001,2048.78997942121
15.9490000000001,2043.16869178901
15.95,2037.46112279335
15.951,2031.99376507006
15.9520000000002,2026.90257263512
15.9530000000002,2020.51791618555
15.9540000000002,2015.11248859455
15.9550000000002,2010.98450103543
15.9560000000001,2008.28995784947
15.9570000000001,2007.02987270745
15.9580000000001,2006.8026025159
15.9590000000001,2005.18889059402
15.96,2004.59700976417
15.961,2004.86170282355
15.9620000000002,2005.74598837486
15.9630000000002,2007.0086662434
15.9640000000002,2008.16607927107
15.9650000000001,2007.03660724516
15.9660000000001,2006.34347703738
15.9670000000001,2006.33775214651
15.9680000000001,2007.19030794136
15.9690000000001,2008.96828086131
15.97,2011.30712969066
15.971,2012.13007359525
15.9720000000002,2013.72812313523
15.9730000000002,2015.99432393214
15.9740000000002,2018.70469209757
15.9750000000001,2021.5719878544
15.9760000000001,2023.95471623526
15.9770000000001,2023.78579739069
15.9780000000001,2023.37187308134
15.979,2022.83833344065
15.98,2022.29439435819
15.9810000000002,2021.8151998779
15.9820000000002,2021.04232377261
15.9830000000002,2018.21748768661
15.9840000000002,2015.68815976392
15.9850000000001,2013.51869695243
15.9860000000001,2011.66832822766
15.9870000000001,2010.04377126316
15.9880000000001,2008.12847577099
15.989,2004.17157984388
15.99,2000.7311665804
15.9910000000002,1998.23746151599
15.9920000000002,1997.10961363274
15.9930000000002,1997.6988768594
15.9940000000001,1999.76109754801
15.9950000000001,2001.69259889366
15.9960000000001,2005.7629594224
15.9970000000001,2011.86505462448
15.998,2019.64373541685
15.999,2028.55053806423
16,2037.42102090909
16.0010000000002,2044.00136468408
16.0020000000002,2050.00395964958
16.0030000000002,2055.112895653
16.0040000000001,2059.05741735894
16.0050000000001,2061.62209620749
16.0060000000001,2062.13124991078
16.0070000000001,2059.07307955322
16.008,2054.77694533182
16.009,2049.65144251166
16.0100000000002,2044.17935417825
16.0110000000002,2038.91498020855
16.0120000000002,2033.90173318692
16.0130000000001,2028.36590507438
16.0140000000001,2024.98762296037
16.0150000000001,2024.22225556888
16.0160000000001,2026.11137695216
16.0170000000001,2030.2265645096
16.018,2035.1107788446
16.019,2038.30223775073
16.0200000000002,2040.69509739843
16.0210000000002,2041.38399930818
16.0220000000002,2039.78322241764
16.0230000000001,2035.80388394938
16.0240000000001,2029.29877904868
16.0250000000001,2020.03398146726
16.0260000000001,2011.41123883405
16.027,2004.88687119234
16.028,2001.47040085204
16.0290000000002,2001.43943436197
16.0300000000002,2003.55048837807
16.0310000000002,2005.29642453997
16.0320000000002,2006.85163759987
16.0330000000001,2006.40864898537
16.0340000000001,2002.47454969888
16.0350000000001,1994.32662762636
16.0360000000001,1981.63407079109
16.037,1964.8756534502
16.038,1948.59589564606
16.0390000000002,1936.01159230603
16.0400000000002,1930.17923286515
16.0410000000002,1933.36546879424
16.0420000000001,1945.81709975342
16.0430000000001,1965.97855987956
16.0440000000001,1993.76441042721
16.0450000000001,2026.09231318364
16.046,2059.19503125465
16.047,2089.31410208678
16.048,2112.6163196251
16.0490000000002,2126.32817191991
16.0500000000002,2131.99362427078
16.0510000000002,2130.7524979684
16.0520000000001,2124.69329292075
16.0530000000001,2116.32653600712
16.0540000000001,2107.22392415798
16.0550000000001,2098.2976697176
16.056,2092.29689727132
16.057,2089.24034066154
16.0580000000002,2088.24535506837
16.0590000000002,2087.87367423438
16.0600000000002,2085.73508738564
16.0610000000001,2079.82758759516
16.0620000000001,2071.43292892405
16.0630000000001,2060.8264002535
16.0640000000001,2048.85474425975
16.0650000000001,2036.71817959117
16.066,2024.8059900696
16.067,2013.49636823364
16.0680000000002,2005.34394594638
16.0690000000002,2000.67930198562
16.0700000000002,1999.27065751341
16.0710000000001,2000.46126852161
16.0720000000001,2002.46972278936
16.0730000000001,2003.81810973075
16.0740000000001,2005.66526593484
16.075,2007.75613823986
16.076,2009.9972416675
16.0770000000002,2012.38245598164
16.0780000000002,2013.96113810203
16.0790000000002,2014.11122736467
16.0800000000002,2014.42695477247
16.0810000000001,2014.75692106644
16.0820000000001,2014.80330278997
16.0830000000001,2014.21301059733
16.0840000000001,2011.71251132087
16.085,2006.70317202562
16.086,2001.03488899188
16.0870000000002,1995.15856274054
16.0880000000002,1989.57705374834
16.0890000000002,1984.75408064908
16.0900000000001,1980.02239332547
16.0910000000001,1975.16320080864
16.0920000000001,1971.90654536277
16.0930000000001,1970.25769532871
16.0940000000001,1970.01565347394
16.095,1970.84029277201
16.096,1971.28718154456
16.0970000000002,1970.6679139117
16.0980000000002,1970.43272590889
16.0990000000002,1970.61945704739
16.1000000000001,1971.27555747286
16.1010000000001,1972.41821435191
16.1020000000001,1972.93820869186
16.1030000000001,1972.47728202739
16.104,1972.53052318568
16.105,1973.10219677125
16.1060000000002,1974.1135701465
16.1070000000002,1975.43225173291
16.1080000000002,1975.78661527036
16.1090000000002,1974.9210267461
16.1100000000001,1974.42780250591
16.1110000000001,1974.45660074551
16.1120000000001,1975.09929396877
16.1130000000001,1976.37283783065
16.114,1977.06309819096
16.115,1976.99698887048
16.1160000000002,1977.64123513235
16.1170000000002,1979.00152498251
16.1180000000002,1981.01203180879
16.1190000000001,1983.56393719821
16.1200000000001,1985.35699377694
16.1210000000001,1986.29968998938
16.1220000000001,1987.86254799575
16.123,1990.10382650375
16.124,1992.95634477444
16.125,1996.21162630921
16.1260000000002,1998.3519604086
16.1270000000002,1999.05487273595
16.1280000000002,1999.39364466767
16.1290000000001,1999.17116948312
16.1300000000001,1998.23777578417
16.1310000000001,1996.55002930389
16.1320000000001,1993.02233823568
16.133,1988.08246970784
16.134,1983.54460948752
16.1350000000002,1979.99623136789
16.1360000000002,1977.89596007142
16.1370000000002,1977.49321300998
16.1380000000001,1977.58574301236
16.1390000000001,1978.18488088363
16.1400000000001,1980.23855972607
16.1410000000001,1983.36220704008
16.1420000000001,1987.09408061396
16.143,1991.01168572943
16.144,1993.6115663831
16.1450000000002,1995.1425511362
16.1460000000002,1997.06076840337
16.1470000000002,1999.77318292238
16.1480000000001,2003.6439151917
16.1490000000001,2008.88904361948
16.1500000000001,2014.26324336587
16.1510000000001,2019.87938553783
16.152,2026.47868207539
16.153,2033.46366359345
16.1540000000002,2040.05598843955
16.1550000000002,2045.43111797648
16.1560000000002,2047.61446426522
16.1570000000002,2046.55918935358
16.1580000000001,2043.27658105246
16.1590000000001,2037.98043613575
16.1600000000001,2031.0585273396
16.1610000000001,2023.00308468963
16.162,2013.05404323153
16.163,2002.22513691249
16.1640000000002,1992.11355125297
16.1650000000002,1983.1328085802
16.1660000000002,1975.49522929309
16.1670000000001,1969.24138330959
16.1680000000001,1962.94292830673
16.1690000000001,1957.05120818437
16.1700000000001,1952.60024533567
16.171,1949.5573988644
16.172,1947.78462101971
16.173,1947.02748538235
16.1740000000002,1945.32284013563
16.1750000000002,1942.90215605203
16.1760000000002,1940.70790899165
16.1770000000001,1938.59516894414
16.1780000000001,1936.38688418687
16.1790000000001,1933.86728000426
16.1800000000001,1928.83834458085
16.181,1921.82693908494
16.182,1914.32194009138
16.1830000000002,1906.68772192447
16.1840000000002,1899.25394570089
16.1850000000002,1892.21182712634
16.1860000000001,1883.31622001413
16.1870000000001,1873.23111798905
16.1880000000001,1863.43951552851
16.1890000000001,1854.11102137195
16.1900000000001,1845.31150314623
16.191,1836.96214653002
16.192,1827.19862970363
16.1930000000002,1816.56989197931
16.1940000000002,1805.90216177132
16.1950000000002,1795.13239752262
16.1960000000001,1784.32464404743
16.1970000000001,1773.75100492179
16.1980000000001,1763.12158803997
16.1990000000001,1753.89224273891
16.2,1747.0779322493
16.201,1742.80343285195
16.2020000000002,1740.74406220626
16.2030000000002,1740.15574419363
16.2040000000002,1739.29672480567
16.2050000000002,1737.87158996423
16.2060000000001,1735.17420066603
16.2070000000001,1730.2490815215
16.2080000000001,1722.64887283021
16.2090000000001,1712.64869202319
16.21,1700.56500567072
16.211,1688.89502016805
16.2120000000002,1679.73581304937
16.2130000000002,1674.3214799951
16.2140000000002,1673.14204490048
16.2150000000001,1675.79269967195
16.2160000000001,1679.97856263291
16.2170000000001,1684.93282691555
16.2180000000001,1689.25539156463
16.2190000000001,1691.27577015446
16.22,1690.14410417648
16.221,1686.25050738694
16.2220000000002,1679.8127469604
16.2230000000002,1675.11617030945
16.2240000000002,1676.89233494216
16.2250000000001,1689.24486370103
16.2260000000001,1715.57140888787
16.2270000000001,1757.93229925943
16.2280000000001,1815.01116882177
16.229,1886.77753837433
16.23,1971.47007535723
16.2310000000002,2065.92940935258
16.2320000000002,2167.02687074011
16.2330000000002,2272.39510248505
16.2340000000002,2379.37626692919
16.2350000000001,2489.54328594599
16.2360000000001,2604.97262003757
16.2370000000001,2727.39429339369
16.2380000000001,2857.75677628049
16.239,2995.16091760125
16.24,3134.43625196657
16.2410000000002,3270.05671447232
16.2420000000002,3392.66770512384
16.2430000000002,3489.77910292633
16.2440000000001,3547.54828050811
16.2450000000001,3552.4769451398
16.2460000000001,3491.72538356672
16.2470000000001,3359.52232699498
16.248,3154.90126110687
16.249,2882.63111780919
16.25,2553.73240264676
16.2510000000002,2184.65668402554
16.2520000000002,1794.11739677914
16.2530000000002,1405.58250703881
16.2540000000001,1041.05159961221
16.2550000000001,718.929105516058
16.2560000000001,452.521846880497
16.2570000000001,248.763951642275
16.258,106.245670539468
16.259,20.3579540459982
16.2600000000002,-19.2029199518924
16.2610000000002,-26.1148520161581
16.2620000000002,-14.7382895095411
16.2630000000001,2.09861104501404
16.2640000000001,13.3400196708644
16.2650000000001,15.5251197122053
16.2660000000001,9.15241164117364
16.2670000000001,-1.3458125416635
16.268,-8.38983430608756
16.269,-2.87133319215186
16.2700000000002,22.4832897896411
16.2710000000002,76.2606181097761
16.2720000000002,163.043212266204
16.2730000000001,283.328773475537
16.2740000000001,433.850652857812
16.2750000000001,608.097295701892
16.2760000000001,795.628846056061
16.277,988.048601054773
16.278,1175.92231138766
16.2790000000002,1350.43774881382
16.2800000000002,1504.44399048156
16.2810000000002,1632.85143805409
16.2820000000002,1731.09679115845
16.2830000000001,1799.95438115313
16.2840000000001,1840.83453960164
16.2850000000001,1856.20602984801
16.2860000000001,1849.51495574657
16.287,1824.83815278588
16.288,1784.87870306262
16.2890000000002,1735.90378505964
16.2900000000002,1682.77492290953
16.2910000000002,1629.68050478322
16.2920000000001,1580.22064844039
16.2930000000001,1537.24472805753
16.2940000000001,1500.77740911919
16.2950000000001,1474.07463663332
16.296,1457.79304744635
16.297,1451.40192529007
16.298,1453.64548314473
16.2990000000002,1462.7586491584
16.3000000000002,1474.38768875879
16.3010000000002,1489.17299789018
16.3020000000001,1505.56178679578
16.3030000000001,1521.80095443905
16.3040000000001,1536.40164238068
16.3050000000001,1548.25656266979
16.306,1554.12394882118
16.307,1556.97040400015
16.3080000000002,1557.34674541337
16.3090000000002,1555.6080511799
16.3100000000002,1552.18718367618
16.3110000000001,1547.56920856054
16.3120000000001,1540.25665656014
16.3130000000001,1532.96602482897
16.3140000000001,1526.4257679672
16.3150000000001,1520.9515184397
16.316,1516.62258303186
16.317,1513.32182377882
16.3180000000002,1509.61612519392
16.3190000000002,1506.21950386891
16.3200000000002,1503.33086588287
16.3210000000001,1501.21249124815
16.3220000000001,1500.15743434958
16.3230000000001,1500.3648452192
16.3240000000001,1500.71617757716
16.325,1501.88453194263
16.326,1503.89147471798
16.3270000000002,1506.64013140316
16.3280000000002,1509.93450098566
16.3290000000002,1513.46500275203
16.3300000000002,1515.68209073433
16.3310000000001,1517.07838136166
16.3320000000001,1517.69153588261
16.3330000000001,1517.69603282743
16.3340000000001,1517.35716486909
16.335,1516.93152138596
16.336,1515.12509580806
16.3370000000002,1513.44967844691
16.3380000000002,1512.23166380308
16.3390000000002,1511.71004803075
16.3400000000001,1512.01975376125
16.3410000000001,1513.15120141871
16.3420000000001,1512.97574031757
16.3430000000001,1513.48867306192
16.3440000000001,1514.60224827205
16.345,1516.1537048343
16.346,1517.95607946342
16.3470000000002,1519.79310136168
16.3480000000002,1519.50658381567
16.3490000000002,1519.36674804138
16.3500000000001,1519.54822926064
16.3510000000001,1520.17952844388
16.3520000000001,1521.32963052407
16.3530000000001,1522.92715860929
16.354,1523.05592367171
16.355,1523.69487442391
16.3560000000002,1524.91175976553
16.3570000000002,1526.71269515664
16.3580000000002,1529.05909429284
16.3590000000002,1531.78624356686
16.3600000000001,1533.05455241572
16.3610000000001,1534.80675282191
16.3620000000001,1537.19410452857
16.3630000000001,1540.31721154218
16.364,1544.20225207098
16.365,1548.6532107169
16.3660000000002,1551.76013187413
16.3670000000002,1555.34983705581
16.3680000000002,1559.35867649584
16.3690000000001,1563.66575943764
16.3700000000001,1568.12773537117
16.3710000000001,1572.45116131223
16.3720000000001,1574.82834646413
16.373,1577.25653750731
16.374,1579.94367367699
16.375,1583.06184078044
16.3760000000002,1586.70844440841
16.3770000000002,1590.68966091055
16.3780000000002,1593.25672411573
16.3790000000001,1596.16673976451
16.3800000000001,1599.33832193871
16.3810000000001,1602.61780375618
16.3820000000001,1605.82419544401
16.383,1608.58380036467
16.384,1609.25022945714
16.3850000000002,1609.71880728594
16.3860000000002,1610.23476517263
16.3870000000002,1611.03831323568
16.3880000000001,1612.32021849184
16.3890000000001,1613.94485071609
16.3900000000001,1614.43224318278
16.3910000000001,1615.56203828461
16.3920000000001,1617.32746407367
16.393,1619.62064602532
16.394,1622.27648793803
16.3950000000002,1624.85747656207
16.3960000000002,1625.82156517117
16.3970000000002,1626.9515152544
16.3980000000001,1628.42309333372
16.3990000000001,1630.40103736812
16.4000000000001,1633.00222057154
16.4010000000001,1635.97028149788
16.402,1637.88949135915
16.403,1640.42835145085
16.4040000000002,1643.52259999558
16.4050000000002,1646.99709539477
16.4060000000002,1650.60280661366
16.4070000000002,1653.7399414923
16.4080000000001,1654.83873167283
16.4090000000001,1655.53524095296
16.4100000000001,1655.90624674108
16.4110000000001,1656.05164838892
16.412,1656.0747619857
16.413,1655.70542564642
16.4140000000002,1653.71753531718
16.4150000000002,1651.99428150848
16.4160000000002,1650.76949420116
16.4170000000001,1650.21840644705
16.4180000000001,1650.45968484055
16.4190000000001,1651.1682504543
16.4200000000001,1651.11236035516
16.421,1652.13831437011
16.422,1654.42280136231
16.423,1658.0362836716
16.4240000000002,1662.91280781751
16.4250000000002,1668.40150673792
16.4260000000002,1672.90601612932
16.4270000000001,1677.80005709566
16.4280000000001,1682.74947259386
16.4290000000001,1687.34486946683
16.4300000000001,1691.14664861151
16.431,1693.26965681119
16.432,1692.18974629859
16.4330000000002,1689.56228732183
16.4340000000002,1685.56838103085
16.4350000000002,1680.49383830179
16.4360000000001,1674.69245339273
16.4370000000001,1668.04059716389
16.4380000000001,1659.76879576794
16.4390000000001,1652.00465609866
16.4400000000001,1645.16493359103
16.441,1639.48908677304
16.442,1635.02036216175
16.4430000000002,1631.08800735519
16.4440000000002,1626.35443322997
16.4450000000002,1622.25916251848
16.4460000000001,1618.63628561146
16.4470000000001,1615.31012638657
16.4480000000001,1612.13462440992
16.4490000000001,1608.46437150837
16.45,1603.30233770109
16.451,1598.49659442224
16.4520000000002,1594.38507808314
16.4530000000002,1591.26690653205
16.4540000000002,1589.35257054556
16.4550000000002,1588.1422802961
16.4560000000001,1586.67548614836
16.4570000000001,1586.55611701853
16.4580000000001,1587.76970026469
16.4590000000001,1590.21094888555
16.46,1593.7224695781
16.461,1597.52051326695
16.4620000000002,1600.61660273697
16.4630000000002,1604.64618497122
16.4640000000002,1609.77996300591
16.4650000000001,1616.15747964468
16.4660000000001,1623.84628605797
16.4670000000001,1632.16225249805
16.4680000000001,1640.16806405787
16.4690000000001,1649.29797321872
16.47,1659.40408541377
16.471,1670.22805968278
16.4720000000002,1681.44245508712
16.4730000000002,1692.02510544257
16.4740000000002,1700.94986919268
16.4750000000001,1709.66722071242
16.4760000000001,1718.25910122058
16.4770000000001,1726.84147198235
16.4780000000001,1735.53294604108
16.479,1743.71308849088
16.48,1750.75444708335
16.4810000000002,1758.26435184712
16.4820000000002,1766.3290585327
16.4830000000002,1774.89471257216
16.4840000000002,1783.77342122984
16.4850000000001,1791.92437189151
16.4860000000001,1798.38562911291
16.4870000000001,1804.41187090971
16.4880000000001,1809.85451587039
16.489,1814.55429626267
16.49,1818.35278906528
16.4910000000002,1820.32634783756
16.4920000000002,1819.82853824351
16.4930000000002,1818.41068471197
16.4940000000001,1816.27322795019
16.4950000000001,1813.61535749275
16.4960000000001,1810.62606396373
16.4970000000001,1806.67622792205
16.498,1801.45553329254
16.499,1796.6774947529
16.5,1792.66085126542
16.5010000000002,1789.61920909807
16.5020000000002,1787.64001655648
16.5030000000002,1785.85131716271
16.5040000000001,1783.6820388232
16.5050000000001,1782.42188371664
16.5060000000001,1781.984075916
16.5070000000001,1782.19927292679
16.508,1782.8358185952
16.509,1782.77004178126
16.5100000000002,1781.37908123843
16.5110000000002,1779.92795864046
16.5120000000002,1778.44228770181
16.5130000000001,1776.93985788272
16.5140000000001,1775.4158514268
16.5150000000001,1772.95211046458
16.5160000000001,1769.19833984828
16.5170000000001,1765.56843714961
16.518,1762.23570734148
16.519,1759.33263571242
16.5200000000002,1756.94107174063
16.5210000000002,1754.17293295321
16.5220000000002,1750.78090594547
16.5230000000001,1748.16650584862
16.5240000000001,1746.47625802436
16.5250000000001,1745.76834564372
16.5260000000001,1745.99772136094
16.527,1746.05922258467
16.528,1745.5626647178
16.5290000000002,1745.68128231139
16.5300000000002,1746.36673563732
16.5310000000002,1747.53740055618
16.5320000000002,1749.09064170715
16.5330000000001,1749.91188115936
16.5340000000001,1749.81437274953
16.5350000000001,1750.16580142267
16.5360000000001,1751.1401478591
16.537,1752.85697126566
16.538,1755.34972841309
16.5390000000002,1757.49582370118
16.5400000000002,1759.10440446373
16.5410000000002,1761.33943799392
16.5420000000001,1764.08931471962
16.5430000000001,1767.14338793593
16.5440000000001,1770.21898439362
16.5450000000001,1771.90367326604
16.546,1771.96339447718
16.547,1771.58858475724
16.548,1770.86017425457
16.5490000000002,1769.89757540842
16.5500000000002,1768.84424335482
16.5510000000002,1766.70252879621
16.5520000000001,1763.74746357016
16.5530000000001,1761.51164655268
16.5540000000001,1760.29200300764
16.5550000000001,1760.25616483235
16.556,1761.42362780234
16.557,1762.48972453979
16.5580000000002,1763.41147540226
16.5590000000002,1765.25755235505
16.5600000000002,1767.90858169499
16.5610000000001,1771.18772355575
16.5620000000001,1774.88421276545
16.5630000000001,1777.55928907189
16.5640000000001,1779.26896140769
16.5650000000001,1781.21031911761
16.566,1783.49053557161
16.567,1786.17235829124
16.5680000000002,1789.2427126793
16.5690000000002,1791.34426689923
16.5700000000002,1792.61716577307
16.5710000000001,1794.15697159127
16.5720000000001,1795.94638461455
16.5730000000001,1797.91876845957
16.5740000000001,1799.97731427476
16.575,1800.74496220087
16.576,1800.53126168872
16.5770000000002,1800.57583218688
16.5780000000002,1801.09349456569
16.5790000000002,1802.24348940108
16.5800000000002,1804.09180492174
16.5810000000001,1805.30680938234
16.5820000000001,1806.1920115822
16.5830000000001,1807.74712007648
16.5840000000001,1809.9172980257
16.585,1812.57626712878
16.586,1815.55199859846
16.5870000000002,1817.33886604775
16.5880000000002,1818.28485270088
16.5890000000002,1819.45152589842
16.5900000000001,1820.94622595126
16.5910000000001,1822.8140276273
16.5920000000001,1825.0038372691
16.5930000000001,1825.99963270361
16.5940000000001,1826.15893700879
16.595,1826.40719810974
16.596,1826.74893038572
16.5970000000002,1827.20780040568
16.5980000000002,1827.85024698467
16.5990000000002,1827.42326791253
16.6000000000001,1826.75732812599
16.6010000000001,1827.17391780209
16.6020000000001,1829.03683672723
16.6030000000001,1832.5343044828
16.604,1837.61348462636
16.605,1842.58136622426
16.6060000000002,1847.63379567547
16.6070000000002,1853.1759307876
16.6080000000002,1858.70814364978
16.6090000000002,1863.76006985272
16.6100000000001,1867.99141859033
16.6110000000001,1869.87632697517
16.6120000000001,1870.31749924828
16.6130000000001,1870.67221096901
16.614,1871.58978488776
16.615,1873.66792198982
16.6160000000002,1877.32239481126
16.6170000000002,1881.27582379586
16.6180000000002,1886.21542164614
16.6190000000001,1892.68172322726
16.6200000000001,1900.19133384436
16.6210000000001,1908.08853164009
16.6220000000001,1915.6645884555
16.623,1920.83078136969
16.624,1924.04568621843
16.625,1926.02644952903
16.6260000000002,1926.91848386665
16.6270000000002,1926.9531392513
16.6280000000002,1926.35943172194
16.6290000000001,1923.80432929297
16.6300000000001,1920.31512508904
16.6310000000001,1916.72483204362
16.6320000000001,1913.00404981194
16.633,1909.00579919832
16.634,1904.53866947708
16.6350000000002,1897.92250966218
16.6360000000002,1890.21263514652
16.6370000000002,1882.48449280339
16.6380000000001,1875.25324667283
16.6390000000001,1869.08896620747
16.6400000000001,1864.53074143815
16.6410000000001,1860.3468476688
16.6420000000001,1857.95502356107
16.643,1858.33250018411
16.644,1861.48295716313
16.6450000000002,1867.09092925688
16.6460000000002,1874.53908650958
16.6470000000002,1880.96277179441
16.6480000000001,1886.76032761152
16.6490000000001,1892.12871404964
16.6500000000001,1896.60274410659
16.6510000000001,1899.79334256507
16.652,1901.35619670344
16.653,1898.46143853664
16.6540000000002,1892.48562117887
16.6550000000002,1884.70827981839
16.6560000000002,1875.70827277274
16.6570000000002,1866.07700216482
16.6580000000001,1856.28314313395
16.6590000000001,1844.02509378947
16.6600000000001,1831.0736212904
16.6610000000001,1818.68819839027
16.662,1807.2621046235
16.663,1797.07953054794
16.6640000000002,1788.28145887471
16.6650000000002,1779.16884752617
16.6660000000002,1770.99866747544
16.6670000000001,1764.25471699931
16.6680000000001,1758.79002786505
16.6690000000001,1754.41567908114
16.6700000000001,1750.97169855209
16.671,1747.60074286831
16.672,1745.33035625977
16.673,1744.30856181866
16.6740000000002,1744.22961151658
16.6750000000002,1744.67790059837
16.6760000000002,1745.22338428051
16.6770000000001,1744.76566680453
16.6780000000001,1744.16632799393
16.6790000000001,1743.49179448564
16.6800000000001,1742.56185475292
16.681,1741.27920688819
16.682,1739.68878024316
16.6830000000002,1737.0723801716
16.6840000000002,1734.96632517421
16.6850000000002,1733.93302255282
16.6860000000001,1734.08893136754
16.6870000000001,1735.39535159892
16.6880000000001,1737.71786584861
16.6890000000001,1739.26679255268
16.6900000000001,1741.63271225252
16.691,1745.46304097271
16.692,1751.13206969273
16.6930000000002,1759.1211123614
16.6940000000002,1770.0127340889
16.6950000000002,1782.46117713899
16.6960000000001,1799.22797051217
16.6970000000001,1822.08295276343
16.6980000000001,1852.60047942261
16.6990000000001,1892.54540943288
16.7,1943.80236541668
16.701,2006.33872085002
16.7020000000002,2083.65051231494
16.7030000000002,2177.451343184
16.7040000000002,2288.22447176564
16.7050000000002,2415.26284109492
16.7060000000001,2556.47188245805
16.7070000000001,2706.46504009192
16.7080000000001,2862.3543110723
16.7090000000001,3018.91438041211
16.71,3169.96896137893
16.711,3309.07714120564
16.7120000000002,3429.84800830832
16.7130000000002,3524.19045865464
16.7140000000002,3588.27847350711
16.7150000000001,3617.08373968696
16.7160000000001,3605.49012063827
16.7170000000001,3548.64639433253
16.7180000000001,3442.27536360007
16.7190000000001,3281.2878837609
16.72,3066.66731912071
16.721,2800.80671334606
16.7220000000002,2489.5870285531
16.7230000000002,2143.04525472308
16.7240000000002,1775.20565612425
16.7250000000001,1401.21086068816
16.7260000000001,1041.82105987586
16.7270000000001,715.630464787276
16.7280000000001,438.132454634733
16.729,219.84429034326
16.73,64.881227250145
16.7310000000002,-31.4749137104569
16.7320000000002,-75.9148073685003
16.7330000000002,-81.1416462588662
16.7340000000002,-61.8815350247892
16.7350000000001,-31.9258305059183
16.7360000000001,-1.60859094366216
16.7370000000001,21.9357571230947
16.7380000000001,41.6887862529362
16.739,64.1749260670734
16.74,99.3570275666008
16.7410000000002,158.316068122336
16.7420000000002,250.560474496932
16.7430000000002,379.618974611536
16.7440000000001,547.863528400962
16.7450000000001,749.874891834462
16.7460000000001,974.833778535626
16.7470000000001,1208.24920119888
16.748,1434.18080258782
16.749,1635.52825306461
16.75,1802.63985004174
16.7510000000002,1928.34957329745
16.7520000000002,2010.38826570549
16.7530000000002,2051.14431350112
16.7540000000001,2056.652256271
16.7550000000001,2033.04296292926
16.7560000000001,1991.75587745416
16.7570000000001,1941.58061775013
16.758,1889.73141404832
16.759,1841.41199560949
16.7600000000002,1799.77024070111
16.7610000000002,1763.93594760067
16.7620000000002,1736.66293548089
16.7630000000001,1717.59693585896
16.7640000000001,1705.96377453527
16.7650000000001,1700.8406675084
16.7660000000001,1701.2244279536
16.7670000000001,1703.6469871572
16.768,1710.16477327828
16.769,1719.93049229259
16.7700000000002,1731.93909002254
16.7710000000002,1745.12942391111
16.7720000000002,1758.39571649265
16.7730000000001,1768.11237775398
16.7740000000001,1777.35198433219
16.7750000000001,1785.90297673996
16.7760000000001,1793.58206955632
16.777,1800.26207625881
16.778,1805.72384822022
16.7790000000002,1807.2588256424
16.7800000000002,1808.51530294865
16.7810000000002,1809.69827819539
16.7820000000002,1810.86143778797
16.7830000000001,1811.99572232723
16.7840000000001,1812.95497312486
16.7850000000001,1811.79445027711
16.7860000000001,1810.93229665419
16.787,1810.68011139587
16.788,1811.21075642971
16.7890000000002,1812.50590605437
16.7900000000002,1814.2424046003
16.7910000000002,1814.72196489336
16.7920000000001,1814.64556650067
16.7930000000001,1814.0257905479
16.7940000000001,1813.05599962882
16.7950000000001,1812.0383289313
16.796,1811.1692120332
16.797,1809.41320177931
16.798,1808.00300100457
16.7990000000002,1807.35507202086
16.8000000000002,1807.81593826581
16.8010000000002,1809.56450618219
16.8020000000001,1812.39598401574
16.8030000000001,1814.68381616501
16.8040000000001,1817.24674450428
16.8050000000001,1819.94306129988
16.806,1822.681106858
16.807,1825.39250220114
16.8080000000002,1827.74283909138
16.8090000000002,1827.96785452849
16.8100000000002,1828.02001128021
16.8110000000001,1828.10021823017
16.8120000000001,1828.40776318535
16.8130000000001,1829.12174759238
16.8140000000001,1830.03896187625
16.8150000000001,1829.44596965449
16.816,1829.78401385233
16.817,1831.21382611401
16.8180000000002,1833.74564432728
16.8190000000002,1837.25914892438
16.8200000000002,1841.18260500404
16.8210000000001,1843.59066940855
16.8220000000001,1846.43107760371
16.8230000000001,1849.6831027474
16.8240000000001,1853.29651069951
16.825,1857.1882880395
16.826,1860.86409215133
16.8270000000002,1862.62481342414
16.8280000000002,1864.45919210685
16.8290000000002,1866.48369638899
16.8300000000002,1868.78369303926
16.8310000000001,1871.40935870067
16.8320000000001,1873.95724609374
16.8330000000001,1874.9002796241
16.8340000000001,1876.3516404505
16.835,1878.50301138471
16.836,1881.4583766648
16.8370000000002,1885.21422503397
16.8380000000002,1889.19551662151
16.8390000000002,1891.72837262402
16.8400000000001,1894.67201974713
16.8410000000001,1897.94824955565
16.8420000000001,1901.42282565967
16.8430000000001,1904.93438014043
16.8440000000001,1907.83400641964
16.845,1908.61312920826
16.846,1909.32480588477
16.8470000000002,1910.20138044099
16.8480000000002,1911.45442037546
16.8490000000002,1913.24080823183
16.8500000000001,1915.11272805707
16.8510000000001,1915.74527023704
16.8520000000001,1917.11855138368
16.8530000000001,1919.29753591049
16.854,1922.23552234121
16.855,1925.79540916347
16.8560000000002,1929.22826226624
16.8570000000002,1931.0905998177
16.8580000000002,1933.2283044488
16.8590000000002,1935.71990445749
16.8600000000001,1938.6247147882
16.8610000000001,1941.96966305214
16.8620000000001,1945.15675227537
16.8630000000001,1946.98082524023
16.864,1949.34181303844
16.865,1952.34233540691
16.8660000000002,1955.99855412151
16.8670000000002,1960.24345243234
16.8680000000002,1964.32459548219
16.8690000000001,1966.98338034402
16.8700000000001,1969.96266269518
16.8710000000001,1973.24474531678
16.8720000000001,1976.73310697026
16.873,1980.25505330459
16.874,1982.92706820703
16.875,1983.48180017376
16.8760000000002,1983.62058772801
16.8770000000002,1983.38217229534
16.8780000000002,1982.82536754589
16.8790000000001,1982.04222903203
16.8800000000001,1980.46992339834
16.8810000000001,1977.32097029778
16.8820000000001,1974.73491014537
16.883,1973.13517177154
16.884,1972.82584218505
16.8850000000002,1973.94161467044
16.8860000000002,1975.68081119549
16.8870000000002,1976.89058234829
16.8880000000001,1979.12959532817
16.8890000000001,1982.16884831841
16.8900000000001,1985.69324650865
16.8910000000001,1989.35737648034
16.8920000000001,1992.05403532954
16.893,1992.68477207376
16.894,1993.04780090055
16.8950000000002,1993.35039193113
16.8960000000002,1993.80080639775
16.8970000000002,1994.55184130326
16.8980000000001,1994.82039072765
16.8990000000001,1993.74414978729
16.9000000000001,1993.09309294058
16.9010000000001,1992.8761165317
16.902,1992.99247119645
16.903,1993.26354306979
16.9040000000002,1992.59562308662
16.9050000000002,1990.0583531628
16.9060000000002,1987.43420391807
16.9070000000002,1984.90854208076
16.9080000000001,1982.65446399455
16.9090000000001,1980.79108986942
16.9100000000001,1978.44100519576
16.9110000000001,1974.8892073749
16.912,1971.8408096754
16.913,1969.2962344467
16.9140000000002,1967.1359328733
16.9150000000002,1965.14914223591
16.9160000000002,1962.14437277156
16.9170000000001,1957.32351270053
16.9180000000001,1952.32894891042
16.9190000000001,1947.30621708206
16.9200000000001,1942.42644411816
16.921,1937.86590090974
16.922,1932.81752541676
16.923,1926.94462372051
16.9240000000002,1922.1362266909
16.9250000000002,1918.6817513792
16.9260000000002,1916.75165801088
16.9270000000001,1916.39294963961
16.9280000000001,1916.53450609765
16.9290000000001,1916.64018080123
16.9300000000001,1918.2925033513
16.931,1921.51995007555
16.932,1926.27341986796
16.9330000000002,1932.42711073654
16.9340000000002,1938.74475646526
16.9350000000002,1944.67021435951
16.9360000000001,1951.66176220217
16.9370000000001,1959.65953089175
16.9380000000001,1968.52913051684
16.9390000000001,1978.06879819174
16.9400000000001,1986.96244982769
16.941,1994.71072170664
16.942,2002.72670235293
16.9430000000002,2010.98736921654
16.9440000000002,2019.43207808579
16.9450000000002,2027.96836303925
16.9460000000001,2035.38681389882
16.9470000000001,2041.4323948583
16.9480000000001,2047.68578989634
16.9490000000001,2054.34236155347
16.95,2061.56118746395
16.951,2069.44637953457
16.9520000000002,2076.87880631942
16.9530000000002,2083.72736155764
16.9540000000002,2091.50368596977
16.9550000000002,2100.21074326259
16.9560000000001,2109.67068824614
16.9570000000001,2119.52233426389
16.9580000000001,2128.05516519561
16.9590000000001,2134.64123613332
16.96,2140.25794950638
16.961,2144.55422539499
16.9620000000002,2147.2230993619
16.9630000000002,2148.04535405971
16.9640000000002,2145.69278708974
16.9650000000001,2140.271395373
16.9660000000001,2133.54762760137
16.9670000000001,2126.04338067232
16.9680000000001,2118.25455673063
16.9690000000001,2110.58427113741
16.97,2102.0383941455
16.971,2092.87132920462
16.9720000000002,2084.61596895327
16.9730000000002,2077.40377798495
16.9740000000002,2071.2420951337
16.9750000000001,2066.05489534366
16.9760000000001,2060.43801120174
16.9770000000001,2054.4984763574
16.9780000000001,2049.68297975194
16.979,2046.20736313519
16.98,2044.22020780189
16.9810000000002,2043.75156421245
16.9820000000002,2043.34971334195
16.9830000000002,2043.00416015677
16.9840000000002,2043.76812947111
16.9850000000001,2045.3674982598
16.9860000000001,2047.40261533043
16.9870000000001,2049.39354230027
16.9880000000001,2049.4910215292
16.989,2047.58920708611
16.99,2044.77033634923
16.9910000000002,2041.07396863686
16.9920000000002,2036.60852764728
16.9930000000002,2031.52452761549
16.9940000000001,2024.60400438415
16.9950000000001,2016.45942030807
16.9960000000001,2008.69108486261
16.9970000000001,2001.76074956506
16.998,1996.06575069053
16.999,1991.9174835536
17,1988.08360114249
17.0010000000002,1985.19690459752
17.0020000000002,1984.66091664205
17.0030000000002,1986.6287552812
17.0040000000001,1991.05370613573
17.0050000000001,1997.6701274746
17.0060000000001,2004.5014924206
17.0070000000001,2011.52373206986
17.008,2019.38497332413
17.009,2027.59575426396
17.0100000000002,2035.65401071929
17.0110000000002,2043.1017152454
17.0120000000002,2048.0358132266
17.0130000000001,2050.93914877924
17.0140000000001,2053.08776097167
17.0150000000001,2054.79867645785
17.0160000000001,2056.40763739001
17.0170000000001,2058.2016776151
17.018,2058.78479811995
17.019,2059.00260975639
17.0200000000002,2060.05247067849
17.0210000000002,2061.91594749952
17.0220000000002,2064.38415905406
17.0230000000001,2067.10421510089
17.0240000000001,2068.02831642592
17.0250000000001,2067.63956606268
17.0260000000001,2066.9051499613
17.027,2065.89847595563
17.028,2064.78787195165
17.0290000000002,2063.8208798268
17.0300000000002,2061.62798752077
17.0310000000002,2059.45703998115
17.0320000000002,2058.79174677105
17.0330000000001,2059.99314139741
17.0340000000001,2063.16774365053
17.0350000000001,2068.12803866573
17.0360000000001,2072.70172919193
17.037,2077.2127801304
17.038,2082.05997469472
17.0390000000002,2086.67183196916
17.0400000000002,2090.49579050009
17.0410000000002,2093.07780221228
17.0420000000001,2092.39924300353
17.0430000000001,2089.46565266528
17.0440000000001,2085.58476881076
17.0450000000001,2081.32450085235
17.046,2077.27978430293
17.047,2073.97250448742
17.048,2070.00561654299
17.0490000000002,2066.7239144344
17.0500000000002,2065.24431981588
17.0510000000002,2065.6230571207
17.0520000000001,2067.70283155867
17.0530000000001,2071.1584147466
17.0540000000001,2073.7649054545
17.0550000000001,2076.31314246453
17.056,2079.5030055467
17.057,2083.2710675598
17.0580000000002,2087.55651159345
17.0590000000002,2092.26461449342
17.0600000000002,2095.39186519715
17.0610000000001,2098.00609347426
17.0620000000001,2100.87230256774
17.0630000000001,2103.88733197929
17.0640000000001,2106.8211620805
17.0650000000001,2109.3285042111
17.066,2109.11473836176
17.067,2107.14683924651
17.0680000000002,2104.11807403114
17.0690000000002,2100.08807478063
17.0700000000002,2095.20333664181
17.0710000000001,2089.68361618207
17.0720000000001,2081.87091734102
17.0730000000001,2073.55889082999
17.0740000000001,2066.06342594918
17.075,2059.91868478525
17.076,2055.49499061926
17.0770000000002,2052.94991848171
17.0780000000002,2050.24498331684
17.0790000000002,2048.71231124173
17.0800000000002,2048.96832034929
17.0810000000001,2050.87835640855
17.0820000000001,2054.25178411775
17.0830000000001,2058.87520387033
17.0840000000001,2062.55235953937
17.085,2066.74444973289
17.086,2072.20187502143
17.0870000000002,2078.9890588449
17.0880000000002,2087.03091949942
17.0890000000002,2096.06442421876
17.0900000000001,2103.63472229561
17.0910000000001,2110.85126518695
17.0920000000001,2117.91411613835
17.0930000000001,2124.42288345074
17.0940000000001,2130.01898958537
17.095,2134.44774291928
17.096,2135.58275087006
17.0970000000002,2135.27233251705
17.0980000000002,2134.5437290804
17.0990000000002,2133.90329774992
17.1000000000001,2133.75862347437
17.1010000000001,2134.32440863636
17.1020000000001,2133.53071817611
17.1030000000001,2133.00411385776
17.104,2133.13348469395
17.105,2133.69969678744
17.1060000000002,2134.46613801372
17.1070000000002,2135.27018677105
17.1080000000002,2134.01961109271
17.1090000000002,2132.80967462366
17.1100000000001,2132.69404829845
17.1110000000001,2134.26545494364
17.1120000000001,2137.96868812801
17.1130000000001,2143.96473089833
17.114,2149.92951308142
17.115,2157.29745230382
17.1160000000002,2165.88873751052
17.1170000000002,2174.84926727664
17.1180000000002,2183.21332288341
17.1190000000001,2190.06477827893
17.1200000000001,2192.53981518977
17.1210000000001,2192.3740810226
17.1220000000001,2190.2703551365
17.123,2186.85039672821
17.124,2182.9260814865
17.125,2179.34467199126
17.1260000000002,2174.54624038185
17.1270000000002,2171.28753731439
17.1280000000002,2170.4510781726
17.1290000000001,2172.1555123268
17.1300000000001,2176.10706217854
17.1310000000001,2181.64291554516
17.1320000000001,2185.10629366374
17.133,2188.0701838595
17.134,2190.40254502752
17.1350000000002,2191.73159151324
17.1360000000002,2191.80231660728
17.1370000000002,2190.42822413692
17.1380000000001,2184.19593344916
17.1390000000001,2176.02757615397
17.1400000000001,2166.92891351928
17.1410000000001,2157.61932992139
17.1420000000001,2148.76686028708
17.143,2140.84848646661
17.144,2130.56489804316
17.1450000000002,2121.11702027659
17.1460000000002,2113.27285619972
17.1470000000002,2107.30840874842
17.1480000000001,2103.26310441542
17.1490000000001,2100.87216292804
17.1500000000001,2097.01473011502
17.1510000000001,2093.5246312799
17.152,2090.06693275141
17.153,2086.11500412174
17.1540000000002,2081.31583243319
17.1550000000002,2075.60521437906
17.1560000000002,2068.06876155143
17.1570000000002,2060.92651915361
17.1580000000001,2054.82940912956
17.1590000000001,2050.15221757689
17.1600000000001,2047.04661767452
17.1610000000001,2045.44467751682
17.162,2044.13484636118
17.163,2044.32982853364
17.1640000000002,2045.55719601373
17.1650000000002,2047.20688607915
17.1660000000002,2048.8012662242
17.1670000000001,2050.14278233361
17.1680000000001,2049.81340409304
17.1690000000001,2050.24448661516
17.1700000000001,2051.97079838739
17.171,2055.18862570157
17.172,2059.68662453622
17.173,2064.80661722372
17.1740000000002,2067.13199182327
17.1750000000002,2068.36356786324
17.1760000000002,2067.98659636149
17.1770000000001,2065.94054047764
17.1780000000001,2062.93325885568
17.1790000000001,2060.56145841889
17.1800000000001,2058.52361561466
17.181,2063.01012476041
17.182,2077.70731525708
17.1830000000002,2105.97642035307
17.1840000000002,2150.35641185552
17.1850000000002,2212.11587943646
17.1860000000001,2288.61579516813
17.1870000000001,2381.31582199883
17.1880000000001,2487.95657283736
17.1890000000001,2605.54621785256
17.1900000000001,2730.87450392955
17.191,2860.89030656382
17.192,2990.79377401217
17.1930000000002,3121.69635080917
17.1940000000002,3252.64680739974
17.1950000000002,3382.70402595778
17.1960000000001,3510.37791407125
17.1970000000001,3632.90012954793
17.1980000000001,3743.62172683895
17.1990000000001,3839.19607251388
17.2,3911.9045569551
17.201,3952.58550163469
17.2020000000002,3951.46874358679
17.2030000000002,3899.13482589619
17.2040000000002,3785.83916158743
17.2050000000002,3609.9998472334
17.2060000000001,3371.66314055049
17.2070000000001,3075.55119116455
17.2080000000001,2731.14533989028
17.2090000000001,2351.95760853212
17.21,1952.6416159221
17.211,1554.36914103826
17.2120000000002,1175.69880200629
17.2130000000002,833.140311651772
17.2140000000002,539.635746797884
17.2150000000001,303.301684329043
17.2160000000001,125.437678591591
17.2170000000001,7.49484229576252
17.2180000000001,-55.1199077005773
17.2190000000001,-69.4045089991309
17.22,-43.2721326309273
17.221,15.5317527519326
17.2220000000002,98.9421509375944
17.2230000000002,205.426543684049
17.2240000000002,332.921424425168
17.2250000000001,480.461880648317
17.2260000000001,647.250090858398
17.2270000000001,831.349807357478
17.2280000000001,1027.56601705802
17.229,1233.21823202729
17.23,1441.43331742487
17.2310000000002,1643.94339782414
17.2320000000002,1832.02916766783
17.2330000000002,1997.28117868969
17.2340000000002,2131.481814456
17.2350000000001,2233.35808612725
17.2360000000001,2302.27499816991
17.2370000000001,2340.33590078783
17.2380000000001,2351.8687587104
17.239,2342.23844164321
17.24,2315.92168005531
17.2410000000002,2281.36288409386
17.2420000000002,2243.84057915306
17.2430000000002,2207.26662748539
17.2440000000001,2174.13016639628
17.2450000000001,2145.24561765595
17.2460000000001,2119.21389409898
17.2470000000001,2098.4382869641
17.248,2082.83062629554
17.249,2072.22442564687
17.25,2066.44445818017
17.2510000000002,2064.72567911823
17.2520000000002,2064.89530360938
17.2530000000002,2069.33995945965
17.2540000000001,2077.4795872344
17.2550000000001,2088.40204016724
17.2560000000001,2100.99504596725
17.2570000000001,2113.43536519747
17.258,2122.81855199461
17.259,2131.69117107499
17.2600000000002,2139.65796344247
17.2610000000002,2146.41228193635
17.2620000000002,2151.76567629559
17.2630000000001,2154.88760463537
17.2640000000001,2153.98267215205
17.2650000000001,2152.60566296114
17.2660000000001,2150.99567793945
17.2670000000001,2149.23610928659
17.268,2147.3579128665
17.269,2144.80463437236
17.2700000000002,2140.2295751537
17.2710000000002,2136.39852300268
17.2720000000002,2133.79998459666
17.2730000000001,2132.75535528943
17.2740000000001,2133.35158209332
17.2750000000001,2135.02404436072
17.2760000000001,2136.20923745197
17.277,2137.70425668209
17.278,2139.35482104659
17.2790000000002,2141.07761812744
17.2800000000002,2142.81942064424
17.2810000000002,2144.14437582102
17.2820000000002,2143.87554629754
17.2830000000001,2143.10212799891
17.2840000000001,2142.22464693236
17.2850000000001,2141.69297506261
17.2860000000001,2141.85938999902
17.287,2142.34666089428
17.288,2141.90713751403
17.2890000000002,2141.77472801326
17.2900000000002,2141.83554530414
17.2910000000002,2141.91741282222
17.2920000000001,2141.81116254114
17.2930000000001,2140.57369740961
17.2940000000001,2136.88258949939
17.2950000000001,2132.85139898506
17.296,2128.82176186014
17.297,2125.20021907623
17.298,2122.4175750024
17.2990000000002,2120.04372406557
17.3000000000002,2117.29401659358
17.3010000000002,2116.68760359188
17.3020000000001,2118.47084295027
17.3030000000001,2122.59974719768
17.3040000000001,2128.75077629984
17.3050000000001,2135.52957271115
17.306,2141.21631414043
17.307,2147.25414807237
17.3080000000002,2153.17589509677
17.3090000000002,2158.54112188558
17.3100000000002,2162.98601864386
17.3110000000001,2165.40185797104
17.3120000000001,2164.76268992815
17.3130000000001,2163.26759755063
17.3140000000001,2161.41487258062
17.3150000000001,2159.74611595863
17.316,2158.77942062337
17.317,2158.03104109005
17.3180000000002,2156.93562316494
17.3190000000002,2157.73481549203
17.3200000000002,2160.61682739347
17.3210000000001,2165.48501226803
17.3220000000001,2171.9669074533
17.3230000000001,2178.50054288015
17.3240000000001,2183.57822303672
17.325,2188.57730940103
17.326,2193.1297688141
17.3270000000002,2196.98220907854
17.3280000000002,2200.04522568705
17.3290000000002,2201.41056994081
17.3300000000002,2200.63982144754
17.3310000000001,2200.16897573583
17.3320000000001,2200.652251145
17.3330000000001,2202.57955519639
17.3340000000001,2206.17486653706
17.335,2210.30549748978
17.336,2213.95601164102
17.3370000000002,2218.52110186023
17.3380000000002,2223.51069306814
17.3390000000002,2228.3603084342
17.3400000000001,2232.54726120781
17.3410000000001,2234.6177100636
17.3420000000001,2233.88487870817
17.3430000000001,2232.42548818604
17.3440000000001,2230.79363614927
17.345,2229.58111357327
17.346,2229.298528878
17.3470000000002,2229.16512999316
17.3480000000002,2228.83016617199
17.3490000000002,2230.08046119217
17.3500000000001,2232.80691069172
17.3510000000001,2236.67852517992
17.3520000000001,2241.22773541534
17.3530000000001,2244.81063548582
17.354,2246.63903329745
17.355,2248.31272389903
17.3560000000002,2249.94919434604
17.3570000000002,2251.72077683793
17.3580000000002,2253.79158210572
17.3590000000002,2255.08338925968
17.3600000000001,2255.31028159774
17.3610000000001,2256.18284503761
17.3620000000001,2257.707431877
17.3630000000001,2259.73358693091
17.364,2262.00137252771
17.365,2262.9989971993
17.3660000000002,2262.28480857294
17.3670000000002,2261.53058854035
17.3680000000002,2260.98613801851
17.3690000000001,2260.95063982956
17.3700000000001,2261.72257759519
17.3710000000001,2262.26561780553
17.3720000000001,2262.60815592349
17.373,2264.57320241164
17.374,2268.26935628939
17.375,2273.55628185907
17.3760000000002,2280.0531649169
17.3770000000002,2285.84372694994
17.3780000000002,2290.20748169083
17.3790000000001,2294.29140136653
17.3800000000001,2297.80086270331
17.3810000000001,2300.51917572179
17.3820000000001,2302.33067662228
17.383,2301.81394792631
17.384,2299.1058786716
17.3850000000002,2296.23606968638
17.3860000000002,2293.76477711008
17.3870000000002,2292.16108828448
17.3880000000001,2291.72118826008
17.3890000000001,2291.04760361479
17.3900000000001,2290.11028097619
17.3910000000001,2290.37898586322
17.3920000000001,2291.69642765058
17.393,2293.76075830475
17.394,2296.1767506017
17.3950000000002,2296.99754453859
17.3960000000002,2296.04250095531
17.3970000000002,2294.79077104038
17.3980000000001,2293.36466631618
17.3990000000001,2291.8968595509
17.4000000000001,2290.47665789395
17.4010000000001,2287.54252055161
17.402,2283.31778400045
17.403,2279.39956009935
17.4040000000002,2275.91268891648
17.4050000000002,2272.89610343471
17.4060000000002,2270.31836157901
17.4070000000002,2266.51073816988
17.4080000000001,2261.78050085566
17.4090000000001,2257.7331218637
17.4100000000001,2254.5931304204
17.4110000000001,2252.48083906386
17.412,2251.36781006916
17.413,2249.44201474
17.4140000000002,2246.86793890442
17.4150000000002,2244.87354243773
17.4160000000002,2243.34343728157
17.4170000000001,2242.14984848869
17.4180000000001,2241.20200373099
17.4190000000001,2238.82465846434
17.4200000000001,2235.70343482036
17.421,2233.64768498467
17.422,2233.22818867082
17.423,2234.92687770646
17.4240000000002,2239.04478935032
17.4250000000002,2243.93242716358
17.4260000000002,2250.08487069193
17.4270000000001,2258.68556847778
17.4280000000001,2269.51568480127
17.4290000000001,2282.22280246276
17.4300000000001,2296.38884537972
17.431,2309.85106883221
17.432,2323.01895436065
17.4330000000002,2337.14338108347
17.4340000000002,2352.31116786314
17.4350000000002,2368.53384185295
17.4360000000001,2385.66885111919
17.4370000000001,2401.57309017818
17.4380000000001,2416.56926948794
17.4390000000001,2431.46729786482
17.4400000000001,2445.81811194738
17.441,2459.12125207692
17.442,2470.90775470185
17.4430000000002,2478.96791890995
17.4440000000002,2484.09315652646
17.4450000000002,2487.79857907763
17.4460000000001,2490.6269617345
17.4470000000001,2493.15740545374
17.4480000000001,2495.89468978571
17.4490000000001,2497.3031808686
17.45,2498.54460021496
17.451,2500.91609951041
17.4520000000002,2504.39605627804
17.4530000000002,2508.72352053039
17.4540000000002,2513.45549251983
17.4550000000002,2516.14483438294
17.4560000000001,2517.37097084635
17.4570000000001,2518.00474689202
17.4580000000001,2517.950607153
17.4590000000001,2517.13590587403
17.46,2515.48018515692
17.461,2510.91462986359
17.4620000000002,2504.53021255461
17.4630000000002,2497.52968158924
17.4640000000002,2490.10953597899
17.4650000000001,2482.43546414452
17.4660000000001,2474.65092243922
17.4670000000001,2464.88906318018
17.4680000000001,2454.615887089
17.4690000000001,2445.32502334327
17.47,2437.53472921361
17.471,2431.65242066947
17.4720000000002,2427.90742027895
17.4730000000002,2424.27404360033
17.4740000000002,2421.93010375044
17.4750000000001,2421.7370427035
17.4760000000001,2423.47443999669
17.4770000000001,2426.75429774066
17.4780000000001,2431.06175279146
17.479,2433.7443561402
17.48,2435.68866429537
17.4810000000002,2437.58788856625
17.4820000000002,2439.33562518756
17.4830000000002,2440.84938940891
17.4840000000002,2442.04482697196
17.4850000000001,2440.72160776149
17.4860000000001,2438.3402994238
17.4870000000001,2436.00184061161
17.4880000000001,2433.99920753187
17.489,2432.59946663624
17.49,2432.02191001493
17.4910000000002,2430.26352116444
17.4920000000002,2429.08651665927
17.4930000000002,2429.63266303481
17.4940000000001,2432.10986811743
17.4950000000001,2436.50428256112
17.4960000000001,2442.5399978809
17.4970000000001,2447.43508293228
17.498,2452.25343073609
17.499,2457.22127022832
17.5,2461.71816583486
17.5010000000002,2465.0989150541
17.5020000000002,2466.77244789041
17.5030000000002,2463.97959665832
17.5040000000001,2458.41757519293
17.5050000000001,2451.15631316768
17.5060000000001,2442.72998865768
17.5070000000001,2433.79105294787
17.508,2425.03165141892
17.509,2414.76568062704
17.5100000000002,2405.59530222189
17.5110000000002,2398.95044132062
17.5120000000002,2395.32593305702
17.5130000000001,2394.91189136497
17.5140000000001,2397.58446975347
17.5150000000001,2400.51907995464
17.5160000000001,2405.25978363094
17.5170000000001,2412.05671023725
17.518,2420.39769277862
17.519,2429.69104509599
17.5200000000002,2439.30635124514
17.5210000000002,2446.1590292843
17.5220000000002,2451.93406956168
17.5230000000001,2457.1082530134
17.5240000000001,2461.60169034523
17.5250000000001,2465.35339551785
17.5260000000001,2468.30314778015
17.527,2467.93238096136
17.528,2466.4925820896
17.5290000000002,2464.84629155962
17.5300000000002,2463.27134355632
17.5310000000002,2461.97637278928
17.5320000000002,2461.07863781086
17.5330000000001,2458.10985649163
17.5340000000001,2455.37456787436
17.5350000000001,2453.57943944731
17.5360000000001,2452.79654777756
17.537,2452.9380178111
17.538,2453.75171639021
17.5390000000002,2452.29644729048
17.5400000000002,2450.59417150187
17.5410000000002,2449.00867453137
17.5420000000001,2447.45024643463
17.5430000000001,2445.85780141708
17.5440000000001,2444.21359891049
17.5450000000001,2439.97044546889
17.546,2435.7995628301
17.547,2432.62165975797
17.548,2430.88289840355
17.5490000000002,2430.88453809393
17.5500000000002,2432.70817180599
17.5510000000002,2433.59155113066
17.5520000000001,2435.73374127629
17.5530000000001,2439.20110645396
17.5540000000001,2443.4739304411
17.5550000000001,2447.87270533558
17.556,2451.64161021558
17.557,2451.43397192642
17.5580000000002,2449.39128450431
17.5590000000002,2445.83333108792
17.5600000000002,2440.96745365263
17.5610000000001,2435.19116262576
17.5620000000001,2429.03964738797
17.5630000000001,2420.44981982499
17.5640000000001,2412.87081286303
17.5650000000001,2407.48523801139
17.566,2404.98338313111
17.567,2405.75771897313
17.5680000000002,2409.8448960388
17.5690000000002,2414.27899845816
17.5700000000002,2421.25439710355
17.5710000000001,2430.42384932023
17.5720000000001,2440.96667916633
17.5730000000001,2451.90313908246
17.5740000000001,2462.18823558588
17.575,2468.20251861306
17.576,2471.98102669029
17.5770000000002,2473.41983944686
17.5780000000002,2472.44249853395
17.5790000000002,2469.18363230818
17.5800000000002,2463.95883072986
17.5810000000001,2454.58258506878
17.5820000000001,2444.5914351835
17.5830000000001,2435.04504227359
17.5840000000001,2426.76513527096
17.585,2420.41115673637
17.586,2416.42486552465
17.5870000000002,2412.32400002692
17.5880000000002,2411.14727709407
17.5890000000002,2413.04863958045
17.5900000000001,2417.80493225952
17.5910000000001,2424.94800004428
17.5920000000001,2433.80566580575
17.5930000000001,2440.87962949686
17.5940000000001,2448.43208976834
17.595,2455.97264007774
17.596,2462.9503578092
17.5970000000002,2468.85913651783
17.5980000000002,2473.26533788329
17.5990000000002,2473.1266381497
17.6000000000001,2471.41323923369
17.6010000000001,2468.31931934338
17.6020000000001,2464.0209554489
17.6030000000001,2458.66823537715
17.604,2452.32512168989
17.605,2442.43094367512
17.6060000000002,2432.21723275247
17.6070000000002,2422.11240455443
17.6080000000002,2412.51546229914
17.6090000000002,2403.82557791007
17.6100000000001,2396.34473977981
17.6110000000001,2387.76897571437
17.6120000000001,2381.57807058795
17.6130000000001,2378.25390627926
17.614,2377.96154910657
17.615,2380.48700076666
17.6160000000002,2385.05386007118
17.6170000000002,2387.68145783118
17.6180000000002,2390.63198036981
17.6190000000001,2393.04010605667
17.6200000000001,2394.04749915977
17.6210000000001,2392.92578541452
17.6220000000001,2388.92824732112
17.623,2378.39253228109
17.624,2365.28347995128
17.625,2350.58606758012
17.6260000000002,2335.42588099748
17.6270000000002,2320.85519588489
17.6280000000002,2307.34075486539
17.6290000000001,2291.76931715415
17.6300000000001,2277.99372990157
17.6310000000001,2266.21898287362
17.6320000000001,2256.37625763923
17.633,2248.19848517488
17.634,2241.05283341641
17.6350000000002,2232.46926597149
17.6360000000002,2224.73640909267
17.6370000000002,2217.66421251448
17.6380000000001,2211.08819279507
17.6390000000001,2204.96267056105
17.6400000000001,2199.24965580927
17.6410000000001,2193.38444699505
17.6420000000001,2189.35642713627
17.643,2187.14318923847
17.644,2186.33337739017
17.6450000000002,2186.20381331605
17.6460000000002,2185.6853836073
17.6470000000002,2183.15977050395
17.6480000000001,2179.4812466236
17.6490000000001,2174.01893002219
17.6500000000001,2166.45398306689
17.6510000000001,2156.9930644378
17.652,2146.20116181335
17.653,2134.31015849175
17.6540000000002,2124.91703442617
17.6550000000002,2119.43328965802
17.6560000000002,2118.59089127955
17.6570000000002,2122.22860959339
17.6580000000001,2128.87141114289
17.6590000000001,2134.98779633908
17.6600000000001,2141.14205029682
17.6610000000001,2145.73759203361
17.662,2147.91343822761
17.663,2148.01025400472
17.6640000000002,2147.30233820059
17.6650000000002,2146.93825524112
17.6660000000002,2153.52414895028
17.6670000000001,2171.24854021402
17.6680000000001,2203.48422595478
17.6690000000001,2252.10589065583
17.6700000000001,2316.62779973758
17.671,2393.56765321018
17.672,2482.31538826484
17.673,2579.38992687901
17.6740000000002,2681.65659018378
17.6750000000002,2787.19297313059
17.6760000000002,2895.27538938027
17.6770000000001,3005.82534114196
17.6780000000001,3123.7070759012
17.6790000000001,3251.29776828101
17.6800000000001,3389.20646372075
17.681,3534.91849531023
17.682,3681.32162798754
17.6830000000002,3816.15828276067
17.6840000000002,3927.46542266244
17.6850000000002,3998.966651426
17.6860000000001,4014.38159456495
17.6870000000001,3959.90413863869
17.6880000000001,3825.9591838269
17.6890000000001,3608.76497937895
17.6900000000001,3315.67778125565
17.691,2959.08928965449
17.692,2557.21738752795
17.6930000000002,2132.02126800492
17.6940000000002,1706.04086852182
17.6950000000002,1299.7394504502
17.6960000000001,933.464290865819
17.6970000000001,620.253674530659
17.6980000000001,367.12256571608
17.6990000000001,175.268138307042
17.7,40.4167125780423
17.701,-45.5766503973595
17.7020000000002,-89.1126567751739
17.7030000000002,-98.5619130550013
17.7040000000002,-81.0389500036955
17.7050000000002,-41.5700227557597
17.7060000000001,16.5233935447087
17.7070000000001,91.6145048646674
17.7080000000001,186.719815248324
17.7090000000001,303.416507439493
17.71,442.719619059289
17.711,604.238574677644
17.7120000000002,784.922272663169
17.7130000000002,979.232286383022
17.7140000000002,1182.69075322603
17.7150000000001,1387.44633721891
17.7160000000001,1584.8605588859
17.7170000000001,1766.44112578079
17.7180000000001,1924.05572282161
17.7190000000001,2051.23651890889
17.72,2146.84151187537
17.721,2210.46336191826
17.7220000000002,2244.04234986211
17.7230000000002,2251.44551098341
17.7240000000002,2237.09709938783
17.7250000000001,2205.94645068802
17.7260000000001,2165.7134224617
17.7270000000001,2121.67999895137
17.7280000000001,2078.05744547582
17.729,2037.84629394456
17.73,2002.07351119697
17.7310000000002,1970.8514336189
17.7320000000002,1946.38584767694
17.7330000000002,1928.53703499877
17.7340000000002,1916.79961889637
17.7350000000001,1910.45334971823
17.7360000000001,1907.69154745474
17.7370000000001,1906.90536251106
17.7380000000001,1909.39187646477
17.739,1914.25043903288
17.74,1920.48592292142
17.7410000000002,1927.14249413368
17.7420000000002,1932.28885899632
17.7430000000002,1934.84830730266
17.7440000000001,1937.18945833011
17.7450000000001,1939.37671532204
17.7460000000001,1941.47789647792
17.7470000000001,1943.54556567033
17.748,1944.3425132783
17.749,1943.32793920548
17.75,1942.92755665317
17.7510000000002,1942.81341350892
17.7520000000002,1942.40773080063
17.7530000000002,1941.07634673249
17.7540000000001,1937.45404290724
17.7550000000001,1930.80192461093
17.7560000000001,1922.88063221736
17.7570000000001,1914.25186566308
17.758,1905.57507733901
17.759,1897.47007047579
17.7600000000002,1889.88515607347
17.7610000000002,1882.4850317261
17.7620000000002,1876.2172249288
17.7630000000001,1871.31404535982
17.7640000000001,1867.88135457642
17.7650000000001,1865.85536298794
17.7660000000001,1864.4688086369
17.7670000000001,1862.79122921874
17.768,1861.30336680155
17.769,1860.02507307774
17.7700000000002,1859.06854066875
17.7710000000002,1858.55059647849
17.7720000000002,1857.79485562234
17.7730000000001,1856.30460025032
17.7740000000001,1855.11403531518
17.7750000000001,1854.33620208788
17.7760000000001,1854.0297945001
17.777,1854.16674451366
17.778,1853.61421653266
17.7790000000002,1851.96695687736
17.7800000000002,1850.60676707665
17.7810000000002,1849.55498473188
17.7820000000002,1848.83172825027
17.7830000000001,1848.47837745188
17.7840000000001,1847.43298922133
17.7850000000001,1845.70393060071
17.7860000000001,1845.07948905317
17.787,1845.76680629372
17.788,1847.7905435897
17.7890000000002,1850.97936374064
17.7900000000002,1853.86700296547
17.7910000000002,1855.91732222375
17.7920000000001,1858.17032758151
17.7930000000001,1860.28346782099
17.7940000000001,1861.91686300233
17.7950000000001,1862.80005612075
17.796,1861.66888332291
17.797,1858.54777366104
17.798,1855.15222146732
17.7990000000002,1852.02928576036
17.8000000000002,1849.72637765583
17.8010000000002,1848.70537321226
17.8020000000001,1848.10887035855
17.8030000000001,1848.11063124985
17.8040000000001,1850.07791789519
17.8050000000001,1853.8813954876
17.806,1859.14531981881
17.807,1865.30811296764
17.8080000000002,1870.51348457824
17.8090000000002,1874.2522951833
17.8100000000002,1877.4137119687
17.8110000000001,1879.78134125745
17.8120000000001,1881.24901995376
17.8130000000001,1881.82493764637
17.8140000000001,1880.39779657706
17.8150000000001,1877.40261669319
17.816,1874.55402992666
17.817,1872.38624790903
17.8180000000002,1871.361299026
17.8190000000002,1871.82550811259
17.8200000000002,1872.73847260069
17.8210000000001,1874.42406458059
17.8220000000001,1878.12688955608
17.8230000000001,1883.75289300457
17.8240000000001,1890.96957736587
17.825,1899.22468573883
17.826,1906.53881434484
17.8270000000002,1912.45389116118
17.8280000000002,1917.49957411443
17.8290000000002,1921.19202881628
17.8300000000002,1923.16397907759
17.8310000000001,1923.21937426784
17.8320000000001,1920.09156047022
17.8330000000001,1914.43038031967
17.8340000000001,1907.94301085912
17.835,1901.39312249884
17.836,1895.52432250233
17.8370000000002,1890.96309355023
17.8380000000002,1886.84362976731
17.8390000000002,1883.8503518389
17.8400000000001,1883.16727168855
17.8410000000001,1884.70420796309
17.8420000000001,1888.11088694464
17.8430000000001,1892.84016749342
17.8440000000001,1896.9085955358
17.845,1900.21000299135
17.846,1903.37061490077
17.8470000000002,1906.1548839461
17.8480000000002,1908.43196384147
17.8490000000002,1910.17040534093
17.8500000000001,1910.05399853143
17.8510000000001,1908.81275612139
17.8520000000001,1907.74874928646
17.8530000000001,1907.1634627348
17.854,1907.22914372332
17.855,1907.96174038094
17.8560000000002,1907.80224659892
17.8570000000002,1907.20476171389
17.8580000000002,1907.03963361899
17.8590000000002,1907.21464813866
17.8600000000001,1907.61000592863
17.8610000000001,1908.10396272909
17.8620000000001,1907.11338595161
17.8630000000001,1905.34554879831
17.864,1903.95015784791
17.865,1903.16810370413
17.8660000000002,1903.16114261017
17.8670000000002,1903.9646017388
17.8680000000002,1903.91640460213
17.8690000000001,1903.61750405792
17.8700000000001,1903.87915560801
17.8710000000001,1904.54037814784
17.8720000000001,1905.36170545309
17.873,1906.05938083859
17.874,1904.74604295096
17.875,1902.12218879344
17.8760000000002,1899.19130406963
17.8770000000002,1896.16355035227
17.8780000000002,1893.25880432429
17.8790000000001,1890.65511168873
17.8800000000001,1886.8144772736
17.8810000000001,1882.7281096604
17.8820000000001,1879.38460815931
17.883,1876.81403432224
17.884,1874.88860360781
17.8850000000002,1873.33886188993
17.8860000000002,1870.13483447619
17.8870000000002,1865.97565420069
17.8880000000001,1861.59587819606
17.8890000000001,1857.01060009591
17.8900000000001,1852.29962293088
17.8910000000001,1847.59633676491
17.8920000000001,1841.36837184335
17.893,1834.96417826038
17.894,1829.5815932109
17.8950000000002,1825.56388100432
17.8960000000002,1823.08538601733
17.8970000000002,1822.11587979648
17.8980000000001,1820.72370563636
17.8990000000001,1819.7439907079
17.9000000000001,1819.69189984828
17.9010000000001,1820.32998949993
17.902,1821.41915423508
17.903,1822.76683174478
17.9040000000002,1822.535475174
17.9050000000002,1822.03361697247
17.9060000000002,1822.34054302201
17.9070000000002,1823.90035902574
17.9080000000001,1827.10479107805
17.9090000000001,1832.21240158127
17.9100000000001,1837.5185881753
17.9110000000001,1844.27060894771
17.912,1853.07548892383
17.913,1863.71183393305
17.9140000000002,1875.80276165753
17.9150000000002,1888.87167303585
17.9160000000002,1900.61374047797
17.9170000000001,1912.01156033602
17.9180000000001,1923.57685218252
17.9190000000001,1935.28168922781
17.9200000000001,1947.12347054716
17.921,1959.08125018367
17.922,1969.25258486957
17.923,1979.02216092709
17.9240000000002,1989.04532182245
17.9250000000002,1999.313252915
17.9260000000002,2009.71423836345
17.9270000000001,2020.04306063454
17.9280000000001,2028.16110783032
17.9290000000001,2035.35694259667
17.9300000000001,2042.14416143174
17.931,2048.46653281659
17.932,2054.20937708089
17.9330000000002,2059.1862099563
17.9340000000002,2061.24786215417
17.9350000000002,2061.79201717284
17.9360000000001,2061.36448987059
17.9370000000001,2060.03912854048
17.9380000000001,2057.93045616697
17.9390000000001,2055.19828418245
17.9400000000001,2050.12074234702
17.941,2044.6651189013
17.942,2039.82273334046
17.9430000000002,2036.02309750988
17.9440000000002,2033.51251835808
17.9450000000002,2032.29064596473
17.9460000000001,2030.14015933714
17.9470000000001,2028.36309896132
17.9480000000001,2027.03678708976
17.9490000000001,2025.71291594714
17.95,2023.92560143328
17.951,2021.27314783353
17.9520000000002,2015.52461959649
17.9530000000002,2008.46580762665
17.9540000000002,2000.93450089886
17.9550000000002,1993.51660179008
17.9560000000001,1986.83661004687
17.9570000000001,1981.44516905068
17.9580000000001,1975.72787373164
17.9590000000001,1971.7510634111
17.96,1970.07952449536
17.961,1970.64130896663
17.9620000000002,1973.09251124325
17.9630000000002,1976.86217293777
17.9640000000002,1979.2080728499
17.9650000000001,1981.3578006419
17.9660000000001,1983.24772900192
17.9670000000001,1984.59536725285
17.9680000000001,1985.23638486601
17.9690000000001,1985.11504389074
17.97,1982.20376556311
17.971,1978.66462701363
17.9720000000002,1975.23104461126
17.9730000000002,1972.30631954812
17.9740000000002,1970.18515758598
17.9750000000001,1969.00444011502
17.9760000000001,1966.60275013872
17.9770000000001,1964.9800268329
17.9780000000001,1964.42376295744
17.979,1964.86766063851
17.98,1966.17108840642
17.9810000000002,1968.1365670806
17.9820000000002,1968.3390121129
17.9830000000002,1968.84288282466
17.9840000000002,1969.95112971454
17.9850000000001,1971.69448483084
17.9860000000001,1974.02766872973
17.9870000000001,1976.80251185134
17.9880000000001,1977.51313355912
17.989,1978.25607207793
17.99,1979.17764984178
17.9910000000002,1980.19184812525
17.9920000000002,1981.2005794169
17.9930000000002,1982.11085948943
17.9940000000001,1980.54270840576
17.9950000000001,1978.98903687417
17.9960000000001,1977.91054362676
17.9970000000001,1977.55093496362
17.998,1978.04479539518
17.999,1979.37031311331
18,1978.97251534407
18.0010000000002,1979.1310874684
18.0020000000002,1979.85352439751
18.0030000000002,1980.93250377019
18.0040000000001,1982.11955684856
18.0050000000001,1983.16878648043
18.0060000000001,1981.46566290518
18.0070000000001,1979.60064424398
18.008,1977.97624101043
18.009,1976.92435371275
18.0100000000002,1976.72540248561
18.0110000000002,1977.53084467116
18.0120000000002,1976.86006840518
18.0130000000001,1977.27480363356
18.0140000000001,1978.77936452938
18.0150000000001,1981.15109791124
18.0160000000001,1984.03250886008
18.0170000000001,1986.98139216194
18.018,1987.10274927613
18.019,1986.79492139493
18.0200000000002,1986.11897216671
18.0210000000002,1985.20917596957
18.0220000000002,1984.2597346022
18.0230000000001,1983.4376537435
18.0240000000001,1980.58352678196
18.0250000000001,1978.52394088493
18.0260000000001,1977.59833210912
18.027,1977.97734849343
18.028,1979.659402384
18.0290000000002,1982.39617693538
18.0300000000002,1983.60063290517
18.0310000000002,1985.56401131052
18.0320000000002,1988.16494996151
18.0330000000001,1991.22711627638
18.0340000000001,1994.55050561141
18.0350000000001,1997.80887290944
18.0360000000001,1998.57777603199
18.037,1999.31743756823
18.038,2000.1735004514
18.0390000000002,2001.25306279728
18.0400000000002,2002.61355422421
18.0410000000002,2004.09402370069
18.0420000000001,2003.47593257521
18.0430000000001,2003.23152084168
18.0440000000001,2003.48875166125
18.0450000000001,2004.29263232201
18.046,2005.62097820641
18.047,2007.21115166406
18.048,2006.92781050651
18.0490000000002,2007.1828646485
18.0500000000002,2008.14672908616
18.0510000000002,2009.94927711536
18.0520000000001,2012.68480525564
18.0530000000001,2016.18800131617
18.0540000000001,2018.55089578462
18.0550000000001,2022.18177494396
18.056,2027.22076249956
18.057,2033.66556468614
18.0580000000002,2041.37409891571
18.0590000000002,2049.8236573818
18.0600000000002,2056.80985223334
18.0610000000001,2064.30827686116
18.0620000000001,2072.10760893411
18.0630000000001,2079.94176903934
18.0640000000001,2087.52499639909
18.0650000000001,2094.28752634952
18.066,2098.19760320328
18.067,2101.38848310989
18.0680000000002,2103.86495366442
18.0690000000002,2105.55629460235
18.0700000000002,2106.31225615517
18.0710000000001,2105.59112141862
18.0720000000001,2101.43933889021
18.0730000000001,2095.94626111491
18.0740000000001,2089.16418218947
18.075,2081.19365474075
18.076,2072.22987592657
18.0770000000002,2062.22935434796
18.0780000000002,2049.98890193528
18.0790000000002,2038.3474422914
18.0800000000002,2028.08327529573
18.0810000000001,2019.84565191771
18.0820000000001,2014.07885612244
18.0830000000001,2010.56102677788
18.0840000000001,2007.55850773148
18.085,2007.08854041838
18.086,2008.88015390949
18.0870000000002,2012.48023934925
18.0880000000002,2017.33778838113
18.0890000000002,2022.38624526629
18.0900000000001,2025.26071573929
18.0910000000001,2028.19124404449
18.0920000000001,2031.29174334949
18.0930000000001,2034.6959185575
18.0940000000001,2038.44908984319
18.095,2041.76583462436
18.096,2042.05037792102
18.0970000000002,2041.78798495732
18.0980000000002,2040.85841131312
18.0990000000002,2039.0626395168
18.1000000000001,2036.13034810243
18.1010000000001,2030.99780571445
18.1020000000001,2021.02309377449
18.1030000000001,2009.17421988145
18.104,1996.00512710184
18.105,1982.20335411393
18.1060000000002,1968.47015877839
18.1070000000002,1954.79660199522
18.1080000000002,1940.05188719814
18.1090000000002,1926.72587591017
18.1100000000001,1915.01330807063
18.1110000000001,1904.91137209064
18.1120000000001,1896.33069095707
18.1130000000001,1888.90479112037
18.114,1882.30360728794
18.115,1877.71048774694
18.1160000000002,1874.95306205326
18.1170000000002,1873.69101806635
18.1180000000002,1873.49972796171
18.1190000000001,1873.66742621595
18.1200000000001,1873.6268952974
18.1210000000001,1874.25437680282
18.1220000000001,1875.21939710714
18.123,1876.17784762479
18.124,1876.86631612069
18.125,1876.7978824141
18.1260000000002,1875.68310908179
18.1270000000002,1874.93554298595
18.1280000000002,1874.60909168231
18.1290000000001,1874.64821428748
18.1300000000001,1874.96397019486
18.1310000000001,1874.9228057029
18.1320000000001,1873.82759191652
18.133,1873.80698629779
18.134,1875.39096363029
18.1350000000002,1879.09671294019
18.1360000000002,1885.38401539705
18.1370000000002,1893.89355636545
18.1380000000001,1903.98627948774
18.1390000000001,1918.23350746741
18.1400000000001,1937.57767546259
18.1410000000001,1963.27115103062
18.1420000000001,1996.95626014717
18.143,2039.88142425444
18.144,2093.34011398802
18.1450000000002,2161.31100722003
18.1460000000002,2245.40647095098
18.1470000000002,2346.12670750349
18.1480000000001,2462.55068868174
18.1490000000001,2591.51685502573
18.1500000000001,2728.59369922623
18.1510000000001,2871.08379381827
18.152,3014.38122732015
18.153,3154.15609923793
18.1540000000002,3286.74654425131
18.1550000000002,3408.41269702966
18.1560000000002,3515.86830161765
18.1570000000002,3607.92102183929
18.1580000000001,3680.41628978307
18.1590000000001,3727.07754778752
18.1600000000001,3739.24164259057
18.1610000000001,3705.4921043452
18.162,3614.00149211739
18.163,3456.76212805772
18.1640000000002,3227.86626801249
18.1650000000002,2927.33665924214
18.1660000000002,2562.72799670125
18.1670000000001,2148.73375668378
18.1680000000001,1707.35788074688
18.1690000000001,1267.49440586465
18.1700000000001,857.538863440613
18.171,502.878036708058
18.172,222.175203390623
18.173,23.8532234744394
18.1740000000002,-93.6863843590167
18.1750000000002,-139.469494732142
18.1760000000002,-131.014483005403
18.1770000000001,-89.1278252077998
18.1780000000001,-33.6838461450728
18.1790000000001,19.2747081589788
18.1800000000001,61.482373331377
18.181,94.8530432901593
18.182,127.00277591313
18.1830000000002,170.101288324806
18.1840000000002,237.425501751635
18.1850000000002,338.88667146742
18.1860000000001,479.670055423454
18.1870000000001,660.000256967296
18.1880000000001,871.746344732313
18.1890000000001,1101.23319973627
18.1900000000001,1331.78158770665
18.191,1545.76772926356
18.192,1729.06199228867
18.1930000000002,1874.18772347725
18.1940000000002,1977.95368269542
18.1950000000002,2042.44192261903
18.1960000000001,2073.70065329399
18.1970000000001,2078.90057322038
18.1980000000001,2066.19776217962
18.1990000000001,2044.13833002644
18.2,2017.66349637047
18.201,1989.27834082903
18.2020000000002,1959.57115804504
18.2030000000002,1927.07921886955
18.2040000000002,1891.27959409321
18.2050000000002,1854.07136855246
18.2060000000001,1817.04482359159
18.2070000000001,1782.68239561715
18.2080000000001,1753.87055032834
18.2090000000001,1732.01161523745
18.21,1718.88727741888
18.211,1716.61467488534
18.2120000000002,1724.25555116283
18.2130000000002,1739.56301203041
18.2140000000002,1759.50440665388
18.2150000000001,1779.42155026255
18.2160000000001,1796.87229746105
18.2170000000001,1811.92971057176
18.2180000000001,1823.67542464674
18.2190000000001,1831.93308859301
18.22,1837.08503978117
18.221,1838.19278494502
18.2220000000002,1836.42664975089
18.2230000000002,1834.34933631098
18.2240000000002,1832.17702492506
18.2250000000001,1829.73734855993
18.2260000000001,1826.69417357645
18.2270000000001,1821.52056037916
18.2280000000001,1814.43463745904
18.229,1807.22409469817
18.23,1800.50517506933
18.2310000000002,1794.88781686867
18.2320000000002,1790.84110736282
18.2330000000002,1787.90865192932
18.2340000000002,1785.80504084942
18.2350000000001,1785.05360626591
18.2360000000001,1785.58280773141
18.2370000000001,1787.23042137496
18.2380000000001,1789.73001672746
18.239,1792.02997501124
18.24,1793.50171146744
18.2410000000002,1794.56206459602
18.2420000000002,1795.31405512777
18.2430000000002,1795.94898407046
18.2440000000001,1796.63934340986
18.2450000000001,1796.65517792862
18.2460000000001,1795.85116150089
18.2470000000001,1794.98274910999
18.248,1794.27141321613
18.249,1793.92631280579
18.25,1794.08350195457
18.2510000000002,1793.59967948203
18.2520000000002,1792.68278262643
18.2530000000002,1792.33752976429
18.2540000000001,1792.58575860316
18.2550000000001,1793.3740259777
18.2560000000001,1794.57843870138
18.2570000000001,1794.63203040243
18.258,1793.89569936145
18.259,1793.50569518018
18.2600000000002,1793.50140456062
18.2610000000002,1793.90473790177
18.2620000000002,1794.73723991957
18.2630000000001,1794.64967919027
18.2640000000001,1794.28685184995
18.2650000000001,1794.98006595461
18.2660000000001,1796.99529311732
18.2670000000001,1800.47650196162
18.268,1805.40817848474
18.269,1810.2477409886
18.2700000000002,1815.23282924617
18.2710000000002,1821.0649286571
18.2720000000002,1827.41369947043
18.2730000000001,1833.84667604002
18.2740000000001,1839.86772813627
18.2750000000001,1843.57573624053
18.2760000000001,1845.18633282796
18.277,1845.51666080902
18.278,1844.60691691525
18.2790000000002,1842.59290273432
18.2800000000002,1839.68382044769
18.2810000000002,1834.68480287261
18.2820000000002,1828.6432301865
18.2830000000001,1822.98960474951
18.2840000000001,1818.21023985254
18.2850000000001,1814.67044610594
18.2860000000001,1812.58582024561
18.287,1810.5409968822
18.288,1809.29927350059
18.2890000000002,1809.81284163341
18.2900000000002,1812.09648166141
18.2910000000002,1816.06975804822
18.2920000000001,1821.56591691554
18.2930000000001,1826.84634700535
18.2940000000001,1832.49651343603
18.2950000000001,1839.2417137415
18.296,1846.92272921577
18.297,1855.26344193124
18.298,1863.8607488175
18.2990000000002,1870.67947649059
18.3000000000002,1876.10384617598
18.3010000000002,1880.61216556929
18.3020000000001,1883.96201382261
18.3030000000001,1885.99086632954
18.3040000000001,1886.64890157268
18.3050000000001,1884.48497535353
18.306,1880.74276466475
18.307,1876.75086453117
18.3080000000002,1873.13407690785
18.3090000000002,1870.44407072679
18.3100000000002,1869.07612201737
18.3110000000001,1867.67303157266
18.3120000000001,1867.26921022619
18.3130000000001,1868.54492417314
18.3140000000001,1871.2834318955
18.3150000000001,1875.09866157329
18.316,1879.50246690571
18.317,1882.40483156192
18.3180000000002,1884.49956476011
18.3190000000002,1886.35139085104
18.3200000000002,1887.95333194941
18.3210000000001,1889.34964612132
18.3220000000001,1890.59539339588
18.3230000000001,1890.085069083
18.3240000000001,1889.04096928459
18.325,1888.3183047417
18.326,1888.06204448057
18.3270000000002,1888.32751288669
18.3280000000002,1889.08553200098
18.3290000000002,1888.54596141783
18.3300000000002,1887.8981486167
18.3310000000001,1887.90061020066
18.3320000000001,1888.66160039095
18.3330000000001,1890.21458642202
18.3340000000001,1892.48971204992
18.335,1893.54134154861
18.336,1894.50407214477
18.3370000000002,1895.91765941975
18.3380000000002,1897.67173085766
18.3390000000002,1899.607045174
18.3400000000001,1901.53592049706
18.3410000000001,1901.44408395168
18.3420000000001,1900.67138961146
18.3430000000001,1899.97794563485
18.3440000000001,1899.5704217577
18.345,1899.61171742802
18.346,1900.17184442928
18.3470000000002,1899.33735097315
18.3480000000002,1898.5027096319
18.3490000000002,1898.24913609854
18.3500000000001,1898.5354442745
18.3510000000001,1899.22748946977
18.3520000000001,1900.10836020983
18.3530000000001,1899.00945291122
18.354,1897.26341191134
18.355,1895.37001565023
18.3560000000002,1893.31051357711
18.3570000000002,1891.00995554232
18.3580000000002,1888.31301304069
18.3590000000002,1883.05289354751
18.3600000000001,1876.67606621659
18.3610000000001,1869.66884105727
18.3620000000001,1862.06650934032
18.3630000000001,1853.93532486632
18.364,1845.38808773229
18.365,1834.65477336723
18.3660000000002,1823.77893231832
18.3670000000002,1813.78837137655
18.3680000000002,1805.26900583055
18.3690000000001,1798.71944818414
18.3700000000001,1794.48482092964
18.3710000000001,1790.76554376954
18.3720000000001,1789.36220157571
18.373,1790.72237057516
18.374,1794.71286203529
18.375,1801.02918774307
18.3760000000002,1809.2308453402
18.3770000000002,1816.80746319772
18.3780000000002,1825.13565249964
18.3790000000001,1834.33449310824
18.3800000000001,1844.17547673823
18.3810000000001,1854.42627540571
18.3820000000001,1864.83518615722
18.383,1873.10055514022
18.384,1880.95027896331
18.3850000000002,1888.73289827948
18.3860000000002,1896.46225675336
18.3870000000002,1904.13710189275
18.3880000000001,1911.74122441023
18.3890000000001,1917.19477460377
18.3900000000001,1922.57542361029
18.3910000000001,1928.48940996872
18.3920000000001,1935.22533197161
18.393,1942.99783708037
18.394,1951.89989156176
18.3950000000002,1959.78305869355
18.3960000000002,1968.57967758806
18.3970000000002,1978.46589970673
18.3980000000001,1989.18176658614
18.3990000000001,2000.29770454606
18.4000000000001,2011.24694027183
18.4010000000001,2019.27156922328
18.402,2025.96468505429
18.403,2031.3012350758
18.4040000000002,2035.14513018096
18.4050000000002,2037.48759078174
18.4060000000002,2038.4386779206
18.4070000000002,2036.05099795881
18.4080000000001,2032.89438177306
18.4090000000001,2029.73308200054
18.4100000000001,2027.04292672882
18.4110000000001,2025.11516959155
18.412,2023.9958610209
18.413,2021.27732423613
18.4140000000002,2018.91169924693
18.4150000000002,2016.78373748449
18.4160000000002,2014.52759278769
18.4170000000001,2011.75479657918
18.4180000000001,2008.12149626161
18.4190000000001,2001.15351509923
18.4200000000001,1993.21763352207
18.421,1984.81272646934
18.422,1976.39859965306
18.423,1968.43198425639
18.4240000000002,1961.27632574543
18.4250000000002,1952.88856240742
18.4260000000002,1945.79527929209
18.4270000000001,1940.2593197999
18.4280000000001,1936.28544326227
18.4290000000001,1933.73140071853
18.4300000000001,1932.34535928889
18.431,1929.55920343218
18.432,1927.5972714698
18.4330000000002,1926.56162904403
18.4340000000002,1926.51220637557
18.4350000000002,1927.47220777151
18.4360000000001,1929.37521816793
18.4370000000001,1929.73934835962
18.4380000000001,1930.87950930703
18.4390000000001,1932.74752196032
18.4400000000001,1935.19320586209
18.441,1938.0006370435
18.442,1940.87551111785
18.4430000000002,1941.29505036506
18.4440000000002,1941.63545864848
18.4450000000002,1942.02305123639
18.4460000000001,1942.56278963218
18.4470000000001,1943.31084072769
18.4480000000001,1944.16051062776
18.4490000000001,1942.76088246694
18.45,1941.49787585342
18.451,1940.39945352199
18.4520000000002,1939.42095457636
18.4530000000002,1938.48868408825
18.4540000000002,1937.41744974254
18.4550000000002,1933.98321612214
18.4560000000001,1930.80927123015
18.4570000000001,1928.24860786167
18.4580000000001,1926.60595859125
18.4590000000001,1926.09396317401
18.46,1926.63230926952
18.461,1925.97244949444
18.4620000000002,1926.51976050882
18.4630000000002,1928.2227953488
18.4640000000002,1930.9017273805
18.4650000000001,1934.30552464882
18.4660000000001,1937.96894432188
18.4670000000001,1939.53266251466
18.4680000000001,1941.43653363015
18.4690000000001,1943.84374725908
18.47,1946.89172352814
18.471,1950.65621006613
18.4720000000002,1954.88236201039
18.4730000000002,1957.39884952516
18.4740000000002,1960.50993662715
18.4750000000001,1964.13980520425
18.4760000000001,1968.0955179114
18.4770000000001,1972.1188677547
18.4780000000001,1975.67159173246
18.479,1976.55742600715
18.48,1977.1475198914
18.4810000000002,1977.64337778385
18.4820000000002,1978.24674051617
18.4830000000002,1979.12345525826
18.4840000000002,1980.06095164674
18.4850000000001,1979.15708917253
18.4860000000001,1978.77657686646
18.4870000000001,1979.00110305961
18.4880000000001,1979.78929888807
18.489,1981.00871895879
18.49,1982.13736150111
18.4910000000002,1981.17211004513
18.4920000000002,1980.34790384468
18.4930000000002,1979.79823829249
18.4940000000001,1979.6261140487
18.4950000000001,1979.88145144952
18.4960000000001,1980.17174998095
18.4970000000001,1978.68205064039
18.498,1977.60025276813
18.499,1976.98095513253
18.5,1976.80766186612
18.5010000000002,1977.02372330079
18.5020000000002,1977.15890262191
18.5030000000002,1975.52623717199
18.5040000000001,1974.43738624862
18.5050000000001,1974.16422455587
18.5060000000001,1974.91918328001
18.5070000000001,1976.82235635826
18.508,1979.4382891021
18.509,1981.08719580948
18.5100000000002,1983.85300657325
18.5110000000002,1987.71930199818
18.5120000000002,1992.58286928371
18.5130000000001,1998.29046375105
18.5140000000001,2004.20108788625
18.5150000000001,2008.67468755158
18.5160000000001,2013.78975732188
18.5170000000001,2019.62683575551
18.518,2026.16088550719
18.519,2033.22849804704
18.5200000000002,2040.02035840471
18.5210000000002,2044.72434682217
18.5220000000002,2048.96929112901
18.5230000000001,2052.44247567857
18.5240000000001,2054.8346204241
18.5250000000001,2055.92191060487
18.5260000000001,2055.11174761285
18.527,2051.25960899654
18.528,2046.79919649244
18.5290000000002,2042.4253225369
18.5300000000002,2038.83493119353
18.5310000000002,2036.63318668296
18.5320000000002,2035.68880897742
18.5330000000001,2034.99111484666
18.5340000000001,2036.56789335177
18.5350000000001,2040.33227994266
18.5360000000001,2045.93157318038
18.537,2052.82400668987
18.538,2059.77335539725
18.5390000000002,2064.99716110427
18.5400000000002,2070.00723628077
18.5410000000002,2074.57182362777
18.5420000000001,2078.51221047258
18.5430000000001,2081.69161079387
18.5440000000001,2083.36127215855
18.5450000000001,2082.34012010512
18.546,2080.57845477095
18.547,2078.19836603835
18.548,2075.26645669193
18.5490000000002,2071.81771157392
18.5500000000002,2067.20855251957
18.5510000000002,2060.4808228541
18.5520000000001,2053.80804480502
18.5530000000001,2047.5972839703
18.5540000000001,2042.21095055063
18.5550000000001,2037.92892372909
18.556,2034.13181433307
18.557,2029.74469028515
18.5580000000002,2026.89191987921
18.5590000000002,2025.68635148847
18.5600000000002,2026.06570778471
18.5610000000001,2027.78410661806
18.5620000000001,2029.46128181181
18.5630000000001,2029.24485676776
18.5640000000001,2029.11956955399
18.5650000000001,2029.03192309596
18.566,2028.93363391845
18.567,2028.72513273602
18.5680000000002,2027.03818118696
18.5690000000002,2022.05126743134
18.5700000000002,2016.30610350326
18.5710000000001,2010.09168253136
18.5720000000001,2003.66522972776
18.5730000000001,1997.16006652933
18.5740000000001,1989.47525721317
18.575,1979.24903073753
18.576,1968.52645795311
18.5770000000002,1957.36102913695
18.5780000000002,1945.86494341161
18.5790000000002,1934.2750514798
18.5800000000002,1922.30827891102
18.5810000000001,1910.1093204766
18.5820000000001,1899.70831023106
18.5830000000001,1891.59467007212
18.5840000000001,1885.98513858607
18.585,1882.80772113939
18.586,1881.2983973648
18.5870000000002,1881.00020341876
18.5880000000002,1882.18515843852
18.5890000000002,1884.00144193645
18.5900000000001,1885.66533178651
18.5910000000001,1886.70543983056
18.5920000000001,1886.68056053245
18.5930000000001,1886.17466101351
18.5940000000001,1886.82196890308
18.595,1889.18937940816
18.596,1893.488982115
18.5970000000002,1899.4613238884
18.5980000000002,1905.55386874717
18.5990000000002,1910.44158567063
18.6000000000001,1914.50651264656
18.6010000000001,1916.88603201866
18.6020000000001,1917.13346165434
18.6030000000001,1915.46603238065
18.604,1911.82316124202
18.605,1907.52916428941
18.6060000000002,1906.68693301581
18.6070000000002,1911.93980984568
18.6080000000002,1925.61012162309
18.6090000000002,1949.34277973593
18.6100000000001,1982.81771556544
18.6110000000001,2025.59430757254
18.6120000000001,2078.67318981877
18.6130000000001,2141.16903656955
18.614,2212.22497919417
18.615,2291.39701009768
18.6160000000002,2377.85771329797
18.6170000000002,2472.32542361131
18.6180000000002,2577.81606021678
18.6190000000001,2695.86096806375
18.6200000000001,2827.23406039418
18.6210000000001,2971.24735925987
18.6220000000001,3124.0634401711
18.623,3280.34083177253
18.624,3433.94035032159
18.625,3575.10169628911
18.6260000000002,3692.50987184862
18.6270000000002,3774.36531753702
18.6280000000002,3808.560885374
18.6290000000001,3786.24795507629
18.6300000000001,3703.65128620859
18.6310000000001,3559.88582835982
18.6320000000001,3358.6571298285
18.633,3108.0409398542
18.634,2818.51314812656
18.6350000000002,2503.96034663071
18.6360000000002,2180.44238060927
18.6370000000002,1861.58523492929
18.6380000000001,1558.39291337618
18.6390000000001,1278.27113798417
18.6400000000001,1023.56531448117
18.6410000000001,794.432198603678
18.6420000000001,590.144779457395
18.643,407.87451304631
18.644,245.517278713105
18.6450000000002,103.029961211096
18.6460000000002,-18.0012965391989
18.6470000000002,-111.826818708495
18.6480000000001,-169.326573893911
18.6490000000001,-182.086395551918
18.6500000000001,-143.087101018593
18.6510000000001,-48.5509597064965
18.652,99.4221212914143
18.653,294.899080506091
18.6540000000002,528.219333344396
18.6550000000002,784.741654095319
18.6560000000002,1047.8630180132
18.6570000000002,1301.20710094358
18.6580000000001,1529.45415355823
18.6590000000001,1722.77832149002
18.6600000000001,1877.27744646986
18.6610000000001,1992.62981044054
18.662,2072.38087706289
18.663,2122.56168820951
18.6640000000002,2148.80877940476
18.6650000000002,2157.91259775287
18.6660000000002,2156.1928121239
18.6670000000001,2146.91081038628
18.6680000000001,2131.51769853088
18.6690000000001,2110.25319136069
18.6700000000001,2081.61075402105
18.671,2046.2919567699
18.672,2006.85809628502
18.673,1965.80748399278
18.6740000000002,1926.38983974985
18.6750000000002,1892.04741835993
18.6760000000002,1864.23169002027
18.6770000000001,1845.47836303275
18.6780000000001,1837.69608651394
18.6790000000001,1840.06315676975
18.6800000000001,1850.46152832766
18.681,1865.98959396508
18.682,1881.80577347048
18.6830000000002,1896.21895737439
18.6840000000002,1908.96812529519
18.6850000000002,1919.26821347954
18.6860000000001,1927.09329647354
18.6870000000001,1932.95963147453
18.6880000000001,1935.56633886801
18.6890000000001,1936.92625592958
18.6900000000001,1939.16376913321
18.691,1942.32568554967
18.692,1946.00240186886
18.6930000000002,1949.57494564325
18.6940000000002,1950.64995546921
18.6950000000002,1950.03773293851
18.6960000000001,1949.2512756451
18.6970000000001,1948.73921179794
18.6980000000001,1948.99793806363
18.6990000000001,1950.43656814312
18.7,1951.97081335218
18.701,1954.0182720305
18.7020000000002,1957.26821869571
18.7030000000002,1961.47444190929
18.7040000000002,1966.21082065471
18.7050000000002,1970.93683191739
18.7060000000001,1974.14111402825
18.7070000000001,1975.45297269063
18.7080000000001,1975.36612473603
18.7090000000001,1974.24605118191
18.71,1972.61116865288
18.711,1970.95303524292
18.7120000000002,1968.62443177268
18.7130000000002,1965.87415582643
18.7140000000002,1963.402715243
18.7150000000001,1961.46415324847
18.7160000000001,1960.23070993115
18.7170000000001,1959.74506860208
18.7180000000001,1958.42098836241
18.7190000000001,1956.85857445299
18.72,1955.84891020968
18.721,1955.47489046474
18.7220000000002,1955.8117822414
18.7230000000002,1956.90099811367
18.7240000000002,1956.95394170328
18.7250000000001,1957.09822029506
18.7260000000001,1958.33543333416
18.7270000000001,1960.71041432533
18.7280000000001,1964.14209592156
18.729,1968.43281771652
18.73,1971.4995859567
18.7310000000002,1974.27588844611
18.7320000000002,1977.52509026155
18.7330000000002,1981.18699665718
18.7340000000002,1985.17028501
18.7350000000001,1989.35106877745
18.7360000000001,1991.81871596022
18.7370000000001,1993.64767982391
18.7380000000001,1995.70693550793
18.739,1998.10773180027
18.74,2000.88368014921
18.7410000000002,2003.9640575057
18.7420000000002,2005.37974557164
18.7430000000002,2006.19264663758
18.7440000000001,2007.12659034933
18.7450000000001,2008.20100848877
18.7460000000001,2009.41870309077
18.7470000000001,2010.76854131207
18.748,2010.37509443729
18.749,2009.64806712692
18.75,2009.56453346576
18.7510000000002,2010.39271762842
18.7520000000002,2012.29783509075
18.7530000000002,2015.29590190549
18.7540000000001,2017.34394920022
18.7550000000001,2019.64710457669
18.7560000000001,2022.74491900764
18.7570000000001,2026.4551869269
18.758,2030.53011192699
18.759,2034.69213629598
18.7600000000002,2036.76040325592
18.7610000000002,2038.10617798343
18.7620000000002,2039.5117595235
18.7630000000001,2041.20841125514
18.7640000000001,2043.41240637735
18.7650000000001,2046.26863874082
18.7660000000001,2047.86028464568
18.7670000000001,2049.76552570216
18.768,2052.65887105875
18.769,2056.52677001669
18.7700000000002,2061.2278880887
18.7710000000002,2066.51169824795
18.7720000000002,2070.07428400836
18.7730000000001,2073.29868652337
18.7740000000001,2076.67377707427
18.7750000000001,2080.15473323468
18.7760000000001,2083.6609594763
18.777,2087.05713288932
18.778,2088.15570753577
18.7790000000002,2088.53364057417
18.7800000000002,2088.76115813344
18.7810000000002,2088.91982307918
18.7820000000002,2089.08411909691
18.7830000000001,2089.3210048103
18.7840000000001,2087.67467571839
18.7850000000001,2086.0694694594
18.7860000000001,2085.2978500465
18.787,2085.62333077942
18.788,2087.16574043047
18.7890000000002,2089.86007778142
18.7900000000002,2091.39412231711
18.7910000000002,2093.31124233872
18.7920000000001,2095.83168112216
18.7930000000001,2098.70478676843
18.7940000000001,2101.66592890213
18.7950000000001,2104.47990259261
18.796,2104.83965193429
18.797,2104.73570559254
18.798,2104.88754852215
18.7990000000002,2105.63970658045
18.8000000000002,2107.25606151691
18.8010000000002,2109.8382014816
18.8020000000001,2111.056653099
18.8030000000001,2112.77847519137
18.8040000000001,2115.21879722408
18.8050000000001,2118.09923004747
18.806,2121.0470557511
18.807,2123.65105639312
18.8080000000002,2123.25655958465
18.8090000000002,2121.83214394415
18.8100000000002,2119.85993408806
18.8110000000001,2117.58272028234
18.8120000000001,2115.25700361089
18.8130000000001,2113.08104913002
18.8140000000001,2108.82835530978
18.8150000000001,2104.82130132704
18.816,2101.53956318963
18.817,2099.05220196892
18.8180000000002,2097.30403761898
18.8190000000002,2096.13319748425
18.8200000000002,2092.92332021259
18.8210000000001,2089.88888248005
18.8220000000001,2087.39451206887
18.8230000000001,2085.54413455711
18.8240000000001,2084.38692840279
18.825,2083.87264500291
18.826,2081.39437046683
18.8270000000002,2079.23677443019
18.8280000000002,2077.61240096811
18.8290000000002,2076.44166681275
18.8300000000002,2075.57106757302
18.8310000000001,2074.78543112422
18.8320000000001,2071.39557651631
18.8330000000001,2067.7850339613
18.8340000000001,2064.25749151989
18.835,2060.942202483
18.836,2057.9315912445
18.8370000000002,2055.24635960087
18.8380000000002,2050.38439238437
18.8390000000002,2045.89814832812
18.8400000000001,2042.06998830853
18.8410000000001,2038.98742619451
18.8420000000001,2036.68497428273
18.8430000000001,2035.15700533485
18.8440000000001,2031.91034381715
18.845,2029.7118566471
18.846,2029.02256118015
18.8470000000002,2030.18986042991
18.8480000000002,2033.49383778046
18.8490000000002,2039.0912276168
18.8500000000001,2044.46758906966
18.8510000000001,2052.28950771948
18.8520000000001,2062.58812203961
18.8530000000001,2075.12075806749
18.854,2089.42979638015
18.855,2104.86405406625
18.8560000000002,2118.09285154094
18.8570000000002,2131.20385944113
18.8580000000002,2143.73436450566
18.8590000000002,2155.25434477736
18.8600000000001,2165.41889663485
18.8610000000001,2173.94531355793
18.8620000000001,2178.23432987586
18.8630000000001,2181.17081559363
18.864,2183.19706902704
18.865,2184.7630948812
18.8660000000002,2186.28437422402
18.8670000000002,2188.00725399531
18.8680000000002,2187.72250550324
18.8690000000001,2188.38414971888
18.8700000000001,2190.29619282301
18.8710000000001,2193.59440799707
18.8720000000001,2198.26677937927
18.873,2204.04717739164
18.874,2208.34431136612
18.875,2213.65090188491
18.8760000000002,2219.92040296091
18.8770000000002,2227.00351787623
18.8780000000002,2234.65020363146
18.8790000000001,2242.34178774209
18.8800000000001,2247.36456120407
18.8810000000001,2251.92542529146
18.8820000000001,2255.7376154871
18.883,2258.42964469647
18.884,2259.58848380803
18.8850000000002,2258.60646014498
18.8860000000002,2252.9599568513
18.8870000000002,2245.12852458615
18.8880000000001,2235.36103326443
18.8890000000001,2224.03000206126
18.8900000000001,2211.62557480022
18.8910000000001,2198.48302073794
18.8920000000001,2183.09422266315
18.893,2168.73172196493
18.894,2156.21922905668
18.8950000000002,2146.17272694225
18.8960000000002,2138.94496094918
18.8970000000002,2134.31591185327
18.8980000000001,2130.00970552113
18.8990000000001,2128.17570332524
18.9000000000001,2128.4643635678
18.9010000000001,2130.36962116006
18.902,2133.30914621359
18.903,2136.38410866044
18.9040000000002,2137.11017724039
18.9050000000002,2137.64172887913
18.9060000000002,2137.98189650268
18.9070000000002,2138.18202714621
18.9080000000001,2138.30596850228
18.9090000000001,2138.03794280158
18.9100000000001,2135.46796779828
18.9110000000001,2133.07537474334
18.912,2131.04516034456
18.913,2129.47595061386
18.9140000000002,2128.40056955938
18.9150000000002,2127.41466127134
18.9160000000002,2124.66438362141
18.9170000000001,2122.66704644288
18.9180000000001,2121.68243790518
18.9190000000001,2121.88813881871
18.9200000000001,2123.35316978867
18.921,2125.57853460918
18.922,2126.61339853341
18.923,2128.6688430068
18.9240000000002,2131.59260537254
18.9250000000002,2135.10152027837
18.9260000000002,2138.8332754211
18.9270000000001,2141.92483027925
18.9280000000001,2142.34091896462
18.9290000000001,2142.31261960325
18.9300000000001,2141.91693767687
18.931,2141.24278824675
18.932,2140.37534846879
18.9330000000002,2138.85571111344
18.9340000000002,2135.09072116774
18.9350000000002,2131.58848196926
18.9360000000001,2128.59884606388
18.9370000000001,2126.2821206501
18.9380000000001,2124.72530110812
18.9390000000001,2123.39844989524
18.9400000000001,2120.76030255594
18.941,2119.28916192613
18.942,2119.23155614658
18.9430000000002,2120.73267407154
18.9440000000002,2123.82054894897
18.9450000000002,2127.78939145553
18.9460000000001,2130.94359136097
18.9470000000001,2135.3741098928
18.9480000000001,2140.87272792331
18.9490000000001,2147.07202754072
18.95,2153.4921329601
18.951,2158.96405838794
18.9520000000002,2161.5948605185
18.9530000000002,2163.36125147102
18.9540000000002,2164.25891823092
18.9550000000002,2164.37866708295
18.9560000000001,2163.9084714584
18.9570000000001,2162.44322861184
18.9580000000001,2158.98819853553
18.9590000000001,2156.20080641819
18.96,2154.62892927025
18.961,2154.63614525128
18.9620000000002,2156.34937707001
18.9630000000002,2158.92362636979
18.9640000000002,2160.75157578698
18.9650000000001,2163.58651174582
18.9660000000001,2167.04653944508
18.9670000000001,2170.65323168489
18.9680000000001,2173.90863482056
18.9690000000001,2175.61111097472
18.97,2174.26133644084
18.971,2171.94807388638
18.9720000000002,2168.90776211914
18.9730000000002,2165.41965476187
18.9740000000002,2161.75401204985
18.9750000000001,2157.33016604967
18.9760000000001,2151.19621310326
18.9770000000001,2145.67017422168
18.9780000000001,2141.05126519209
18.979,2137.53676845862
18.98,2135.24310618848
18.9810000000002,2133.39809557555
18.9820000000002,2131.02510155239
18.9830000000002,2130.33835082797
18.9840000000002,2131.59930224844
18.9850000000001,2134.93468513353
18.9860000000001,2140.29093299102
18.9870000000001,2146.53727028882
18.9880000000001,2152.29111411437
18.989,2159.06962824159
18.99,2166.3890717818
18.9910000000002,2173.65265620873
18.9920000000002,2180.2305776138
18.9930000000002,2184.63718198314
18.9940000000001,2185.59608259303
18.9950000000001,2185.00040735961
18.9960000000001,2183.1091553674
18.9970000000001,2180.30860398482
18.998,2177.0551516806
18.999,2172.87208736977
19,2167.42292413876
19.0010000000002,2163.09342229978
19.0020000000002,2160.3456574053
19.0030000000002,2159.43295593236
19.0040000000001,2160.40145603007
19.0050000000001,2162.1502709462
19.0060000000001,2163.76182901384
19.0070000000001,2166.9063965318
19.008,2171.46112688715
19.009,2177.21882707032
19.0100000000002,2183.9006327118
19.0110000000002,2190.17305844253
19.0120000000002,2195.11524455425
19.0130000000001,2200.32091108957
19.0140000000001,2205.68037645388
19.0150000000001,2211.04888681413
19.0160000000001,2216.26685366275
19.0170000000001,2220.15250150873
19.018,2222.12212795937
19.019,2224.02713568414
19.0200000000002,2226.07738374256
19.0210000000002,2228.43134664567
19.0220000000002,2231.17772596103
19.0230000000001,2233.27148535807
19.0240000000001,2234.28486417067
19.0250000000001,2235.99447163431
19.0260000000001,2238.51943412179
19.027,2241.89886846288
19.028,2246.10441164067
19.0290000000002,2249.95269362236
19.0300000000002,2253.00639599025
19.0310000000002,2256.88897474711
19.0320000000002,2261.52570767704
19.0330000000001,2266.65205884707
19.0340000000001,2271.81555434306
19.0350000000001,2275.29586034962
19.0360000000001,2276.21924214159
19.037,2275.7455082519
19.038,2273.63754818338
19.0390000000002,2269.83922815445
19.0400000000002,2264.54284284188
19.0410000000002,2257.05035889815
19.0420000000001,2247.91538566081
19.0430000000001,2239.71479637474
19.0440000000001,2233.48985534128
19.0450000000001,2230.01205290246
19.046,2229.63195134736
19.047,2230.93828151981
19.048,2233.19120021999
19.0490000000002,2237.177205186
19.0500000000002,2241.93914690817
19.0510000000002,2246.43079679737
19.0520000000001,2249.70318867821
19.0530000000001,2249.54350873259
19.0540000000001,2245.49708897492
19.0550000000001,2239.73228460571
19.056,2233.07307378381
19.057,2226.41548658097
19.0580000000002,2220.47807344382
19.0590000000002,2213.77894174752
19.0600000000002,2206.04413424745
19.0610000000001,2199.18400805402
19.0620000000001,2193.06403266364
19.0630000000001,2187.39432752344
19.0640000000001,2181.81940934643
19.0650000000001,2174.11836869213
19.066,2164.01352600006
19.067,2153.85422208916
19.0680000000002,2144.40645304961
19.0690000000002,2136.43419398918
19.0700000000002,2130.48185871865
19.0710000000001,2125.36668421554
19.0720000000001,2121.02240233627
19.0730000000001,2118.2088230851
19.0740000000001,2116.0701798192
19.075,2113.65857830621
19.076,2110.22799929851
19.0770000000002,2104.79698425761
19.0780000000002,2098.13986372203
19.0790000000002,2091.5564897119
19.0800000000002,2085.64796895664
19.0810000000001,2080.9133024024
19.0820000000001,2077.63041487476
19.0830000000001,2075.09723404866
19.0840000000001,2073.61123712134
19.085,2073.24340897689
19.086,2073.02727404559
19.0870000000002,2071.97845597665
19.0880000000002,2069.4012229203
19.0890000000002,2064.01381664951
19.0900000000001,2056.8237158661
19.0910000000001,2049.80075251335
19.0920000000001,2044.06499183729
19.0930000000001,2040.57114519186
19.0940000000001,2039.86956234973
19.095,2040.4415804779
19.096,2042.42010696004
19.0970000000002,2046.48813438721
19.0980000000002,2052.07326231957
19.0990000000002,2058.86002892297
19.1000000000001,2067.09776313211
19.1010000000001,2076.14319323851
19.1020000000001,2088.48072314257
19.1030000000001,2108.05068960362
19.104,2137.83442037107
19.105,2180.57221930325
19.1060000000002,2238.31276264109
19.1070000000002,2310.47647801381
19.1080000000002,2397.65248918785
19.1090000000002,2499.91301282335
19.1100000000001,2615.26005068654
19.1110000000001,2741.04218294595
19.1120000000001,2874.32176400202
19.1130000000001,3010.57447012531
19.114,3147.90551346214
19.115,3285.02633920614
19.1160000000002,3419.43677141881
19.1170000000002,3548.08500360466
19.1180000000002,3666.96889758945
19.1190000000001,3769.17119478747
19.1200000000001,3848.99917975657
19.1210000000001,3899.965563947
19.1220000000001,3913.80521294094
19.123,3882.22893520252
19.124,3797.89267953719
19.125,3653.75575292792
19.1260000000002,3448.51061293638
19.1270000000002,3184.97865714874
19.1280000000002,2869.20650925846
19.1290000000001,2511.38054497704
19.1300000000001,2125.2821306843
19.1310000000001,1725.57212618578
19.1320000000001,1330.9452221175
19.133,960.018762746147
19.134,628.640533993532
19.1350000000002,349.45928072033
19.1360000000002,130.971709143869
19.1370000000002,-24.6508148317823
19.1380000000001,-116.821893414803
19.1390000000001,-148.67928703856
19.1400000000001,-127.055371509174
19.1410000000001,-60.4002098525399
19.1420000000001,42.4181670976421
19.143,171.349827119652
19.144,320.550103167887
19.1450000000002,485.63923658023
19.1460000000002,662.691808465181
19.1470000000002,848.57622285941
19.1480000000001,1040.32647149225
19.1490000000001,1232.75602616636
19.1500000000001,1422.95910619243
19.1510000000001,1607.03006070456
19.152,1779.61019153486
19.153,1935.17373145318
19.1540000000002,2068.68318549975
19.1550000000002,2174.41774164647
19.1560000000002,2251.55208198299
19.1570000000002,2301.03264758924
19.1580000000001,2324.99442426804
19.1590000000001,2327.16543293912
19.1600000000001,2312.29550618333
19.1610000000001,2283.58712260903
19.162,2247.32192318986
19.163,2208.68057458284
19.1640000000002,2171.0517217615
19.1650000000002,2136.67771925173
19.1660000000002,2106.76765886319
19.1670000000001,2079.73578522084
19.1680000000001,2057.1536738738
19.1690000000001,2039.8456657936
19.1700000000001,2027.84255792114
19.171,2021.15981314229
19.172,2019.75511219946
19.173,2021.14148495149
19.1740000000002,2026.92858453383
19.1750000000002,2037.4595280607
19.1760000000002,2051.86278922448
19.1770000000001,2068.92859985652
19.1780000000001,2087.25388366808
19.1790000000001,2102.77759674181
19.1800000000001,2116.78610341387
19.181,2129.36996035287
19.182,2139.89325201849
19.1830000000002,2147.92762338826
19.1840000000002,2153.28424736505
19.1850000000002,2153.30320151747
19.1860000000001,2150.92138147371
19.1870000000001,2147.56875960189
19.1880000000001,2143.73278238401
19.1890000000001,2139.78372516155
19.1900000000001,2136.00077041119
19.191,2130.53384510703
19.192,2125.33029033191
19.1930000000002,2121.36451780362
19.1940000000002,2118.93343313542
19.1950000000002,2118.12576033615
19.1960000000001,2118.78638487146
19.1970000000001,2119.18583729981
19.1980000000001,2119.53485082246
19.1990000000001,2119.99726993501
19.2,2120.6303239401
19.201,2121.57456402599
19.2020000000002,2122.95655560332
19.2030000000002,2123.42068771881
19.2040000000002,2123.72710013673
19.2050000000002,2124.48656645695
19.2060000000001,2126.11786298125
19.2070000000001,2128.97520084142
19.2080000000001,2133.22665522937
19.2090000000001,2136.94006896012
19.21,2141.29194741561
19.211,2146.54897384205
19.2120000000002,2152.58177209579
19.2130000000002,2159.20309821433
19.2140000000002,2166.15790901441
19.2150000000001,2170.84017362344
19.2160000000001,2175.09454175664
19.2170000000001,2179.3180231261
19.2180000000001,2183.46930204214
19.2190000000001,2187.45671981182
19.22,2191.12264804921
19.221,2191.83261114744
19.2220000000002,2191.74947961781
19.2230000000002,2191.34845383446
19.2240000000002,2190.69205465688
19.2250000000001,2189.82186301282
19.2260000000001,2188.76294075664
19.2270000000001,2185.14331370711
19.2280000000001,2181.37281544193
19.229,2178.18615488986
19.23,2175.93027378579
19.2310000000002,2174.83034436437
19.2320000000002,2174.9327155998
19.2330000000002,2173.67980484528
19.2340000000002,2173.16829279142
19.2350000000001,2173.62600884694
19.2360000000001,2174.90561995063
19.2370000000001,2176.80128409283
19.2380000000001,2179.07455037277
19.239,2179.01307939165
19.24,2178.97161603787
19.2410000000002,2179.43877944891
19.2420000000002,2180.65512019539
19.2430000000002,2182.80379248878
19.2440000000001,2185.94595493018
19.2450000000001,2187.45033948925
19.2460000000001,2189.75720464135
19.2470000000001,2193.10889278166
19.248,2197.42553254928
19.249,2202.54864289542
19.25,2208.26772361072
19.2510000000002,2211.77378953891
19.2520000000002,2215.6265151066
19.2530000000002,2220.22089304844
19.2540000000001,2225.75525901352
19.2550000000001,2232.34193018075
19.2560000000001,2239.93804143219
19.2570000000001,2245.69374718986
19.258,2252.03705931573
19.259,2258.94366165302
19.2600000000002,2266.13124433635
19.2610000000002,2273.23133590589
19.2620000000002,2279.82568082246
19.2630000000001,2282.84855376836
19.2640000000001,2284.8566815482
19.2650000000001,2286.05758045322
19.2660000000001,2286.61101710472
19.2670000000001,2286.67671550253
19.268,2286.35772617801
19.269,2282.9835081096
19.2700000000002,2279.51135486718
19.2710000000002,2276.28526055986
19.2720000000002,2273.53954303137
19.2730000000001,2271.46083042029
19.2740000000001,2270.18486227308
19.2750000000001,2267.04997707272
19.2760000000001,2265.24321396058
19.277,2265.18297733931
19.278,2267.15208675592
19.2790000000002,2271.24876988648
19.2800000000002,2277.28759734803
19.2810000000002,2282.15260680742
19.2820000000002,2288.38058483449
19.2830000000001,2295.64348930347
19.2840000000001,2303.50247964339
19.2850000000001,2311.48309188175
19.2860000000001,2319.03914132117
19.287,2323.10784276615
19.288,2326.51209130877
19.2890000000002,2329.48129683226
19.2900000000002,2332.26779957212
19.2910000000002,2335.08294186889
19.2920000000001,2337.88829807407
19.2930000000001,2337.98397808818
19.2940000000001,2338.25972138979
19.2950000000001,2338.80706382866
19.296,2339.60301056069
19.297,2340.55352651598
19.298,2341.34856538325
19.2990000000002,2339.25331707966
19.3000000000002,2337.30389746574
19.3010000000002,2335.9226206054
19.3020000000001,2335.52799283495
19.3030000000001,2336.46720171428
19.3040000000001,2338.70481007658
19.3050000000001,2339.64185003529
19.306,2342.14465651288
19.307,2346.19052922948
19.3080000000002,2351.52920655492
19.3090000000002,2357.714657106
19.3100000000002,2363.87578006081
19.3110000000001,2366.81718434566
19.3120000000001,2369.00991830393
19.3130000000001,2370.36972074176
19.3140000000001,2370.93205777625
19.3150000000001,2370.84338571828
19.316,2369.99200976955
19.317,2366.14024245638
19.3180000000002,2362.58103294289
19.3190000000002,2359.86246949814
19.3200000000002,2358.35316368035
19.3210000000001,2358.18762019191
19.3220000000001,2358.86756841362
19.3230000000001,2357.64095695715
19.3240000000001,2357.09603950061
19.325,2357.11712033439
19.326,2357.59107990761
19.3270000000002,2358.46358818636
19.3280000000002,2359.34224672103
19.3290000000002,2358.02212646795
19.3300000000002,2357.73100925083
19.3310000000001,2359.07032358525
19.3320000000001,2362.50798001195
19.3330000000001,2368.27131071898
19.3340000000001,2375.80273004741
19.335,2382.45161692081
19.336,2390.51139109973
19.3370000000002,2399.5241481115
19.3380000000002,2408.93908305906
19.3390000000002,2418.22634738691
19.3400000000001,2426.46650732114
19.3410000000001,2431.3214122495
19.3420000000001,2435.7539129727
19.3430000000001,2440.39401355509
19.3440000000001,2445.94001727652
19.345,2453.02139018833
19.346,2461.50618701317
19.3470000000002,2469.48821433341
19.3480000000002,2479.70816205438
19.3490000000002,2492.08775069735
19.3500000000001,2506.27262535271
19.3510000000001,2521.71934500163
19.3520000000001,2537.19247021909
19.3530000000001,2550.12934256076
19.354,2562.95198782292
19.355,2575.73691333893
19.3560000000002,2588.65090206992
19.3570000000002,2601.87862235772
19.3580000000002,2614.87785083389
19.3590000000002,2625.74149687543
19.3600000000001,2637.16847176721
19.3610000000001,2649.20823910297
19.3620000000001,2661.70818097755
19.3630000000001,2674.34479457094
19.364,2685.97551057851
19.365,2694.32961082348
19.3660000000002,2701.82356320026
19.3670000000002,2708.53697747703
19.3680000000002,2714.61372972382
19.3690000000001,2720.22893369715
19.3700000000001,2724.79362980324
19.3710000000001,2726.72350065466
19.3720000000001,2728.84389802733
19.373,2731.48224708999
19.374,2734.80586196262
19.375,2738.81251097582
19.3760000000002,2742.5497991327
19.3770000000002,2744.15123695069
19.3780000000002,2746.04804510611
19.3790000000001,2748.29827678147
19.3800000000001,2750.92490314988
19.3810000000001,2753.91329129558
19.3820000000001,2756.35871918763
19.383,2756.63804342379
19.384,2757.33172292987
19.3850000000002,2758.64321196874
19.3860000000002,2760.6578181832
19.3870000000002,2763.31354472637
19.3880000000001,2765.49604001015
19.3890000000001,2765.41927163305
19.3900000000001,2765.35409890147
19.3910000000001,2765.24607455638
19.3920000000001,2765.00338241011
19.393,2764.51593073438
19.394,2762.73097540251
19.3950000000002,2758.22585823578
19.3960000000002,2753.62336766838
19.3970000000002,2749.32590750635
19.3980000000001,2745.69607360862
19.3990000000001,2743.00310758359
19.4000000000001,2740.3816429219
19.4010000000001,2736.57173534174
19.402,2734.07616702392
19.403,2733.03415640579
19.4040000000002,2733.44279315853
19.4050000000002,2735.17460827819
19.4060000000002,2736.9561730568
19.4070000000002,2737.36924742358
19.4080000000001,2738.76802104901
19.4090000000001,2741.29914781559
19.4100000000001,2745.0690914195
19.4110000000001,2750.10984893464
19.412,2755.23317317096
19.413,2759.18943873154
19.4140000000002,2764.26935564628
19.4150000000002,2770.40950775286
19.4160000000002,2777.36427157277
19.4170000000001,2784.71626727074
19.4180000000001,2790.74233447335
19.4190000000001,2793.87960561212
19.4200000000001,2796.11374318244
19.421,2797.28475015807
19.422,2797.28989309949
19.423,2796.10574935038
19.4240000000002,2792.56480414753
19.4250000000002,2785.98461675626
19.4260000000002,2779.17641899625
19.4270000000001,2772.76577910456
19.4280000000001,2767.28140769862
19.4290000000001,2763.09920330557
19.4300000000001,2759.11466844133
19.431,2754.59949800161
19.432,2751.98664199334
19.4330000000002,2751.39746582233
19.4340000000002,2752.80654593616
19.4350000000002,2756.07481713727
19.4360000000001,2759.62371083018
19.4370000000001,2762.53712045363
19.4380000000001,2767.06088902865
19.4390000000001,2773.21942368266
19.4400000000001,2780.88399893516
19.441,2789.74057570777
19.442,2797.88255072154
19.4430000000002,2804.12344859861
19.4440000000002,2810.22379604604
19.4450000000002,2815.82180819688
19.4460000000001,2820.56858380874
19.4470000000001,2824.20041923751
19.4480000000001,2825.14177123991
19.4490000000001,2823.01813349856
19.45,2820.49181773101
19.451,2818.23767472261
19.4520000000002,2816.8494895165
19.4530000000002,2816.73130943802
19.4540000000002,2816.50183887515
19.4550000000002,2815.67678146117
19.4560000000001,2816.28244711711
19.4570000000001,2818.11056799111
19.4580000000001,2820.78357866672
19.4590000000001,2823.85017054845
19.46,2825.31011142733
19.461,2824.59690380545
19.4620000000002,2823.9078911902
19.4630000000002,2823.56239902223
19.4640000000002,2823.85635062299
19.4650000000001,2824.96724102307
19.4660000000001,2825.25410291847
19.4670000000001,2824.34795174318
19.4680000000001,2824.17273745979
19.4690000000001,2824.56219156976
19.47,2825.21545874129
19.471,2825.77462137749
19.4720000000002,2824.2231525712
19.4730000000002,2820.29926894147
19.4740000000002,2816.22336072464
19.4750000000001,2812.42700067794
19.4760000000001,2809.33458241735
19.4770000000001,2807.27497275867
19.4780000000001,2804.67431734144
19.479,2801.59353326766
19.48,2800.09749986948
19.4810000000002,2800.23769917087
19.4820000000002,2801.91259249383
19.4830000000002,2804.92605343298
19.4840000000002,2807.26328328851
19.4850000000001,2808.91924359948
19.4860000000001,2811.95853744559
19.4870000000001,2816.63693370276
19.4880000000001,2823.09187279612
19.489,2831.25827867158
19.49,2838.97980508188
19.4910000000002,2845.95853963087
19.4920000000002,2853.53651710281
19.4930000000002,2861.13157390035
19.4940000000001,2868.03142168844
19.4950000000001,2873.50033475722
19.4960000000001,2875.01042796095
19.4970000000001,2872.53915001894
19.498,2868.08928939524
19.499,2862.25275289652
19.5,2855.8131432453
19.5010000000002,2849.63762386741
19.5020000000002,2842.62842217913
19.5030000000002,2835.9976291439
19.5040000000001,2832.27076245724
19.5050000000001,2832.00095908064
19.5060000000001,2835.33930792429
19.5070000000001,2842.03484765964
19.508,2849.5291519693
19.509,2857.61600084884
19.5100000000002,2867.30005047785
19.5110000000002,2877.92736890081
19.5120000000002,2888.82386134178
19.5130000000001,2899.36083252345
19.5140000000001,2907.01264624199
19.5150000000001,2912.15305133892
19.5160000000001,2916.51489526099
19.5170000000001,2920.41544287197
19.518,2924.20882429984
19.519,2928.22193546879
19.5200000000002,2930.6521099933
19.5210000000002,2932.47657195635
19.5220000000002,2935.54283157739
19.5230000000001,2939.99201461528
19.5240000000001,2945.69692585911
19.5250000000001,2952.27559413215
19.5260000000001,2957.06223355822
19.527,2960.33513785645
19.528,2963.23169892424
19.5290000000002,2965.50182021424
19.5300000000002,2966.96645247632
19.5310000000002,2967.54816714274
19.5320000000002,2965.15513329643
19.5330000000001,2960.99285035294
19.5340000000001,2957.02716440151
19.5350000000001,2953.79086009711
19.5360000000001,2951.64947823827
19.537,2950.73775995838
19.538,2948.79221562452
19.5390000000002,2946.65631030108
19.5400000000002,2945.57052327569
19.5410000000002,2945.35983652689
19.5420000000001,2945.80271415761
19.5430000000001,2946.70276946472
19.5440000000001,2945.71391688189
19.5450000000001,2944.11361148476
19.546,2943.68768024693
19.547,2944.92269255638
19.548,2948.14645640726
19.5490000000002,2953.41337162002
19.5500000000002,2957.96554077539
19.5510000000002,2962.59449522112
19.5520000000001,2968.17522746424
19.5530000000001,2974.03738935876
19.5540000000001,2979.3317866543
19.5550000000001,2983.12466594642
19.556,2981.65915189846
19.557,2975.84342668587
19.5580000000002,2967.28011631375
19.5590000000002,2956.51053361874
19.5600000000002,2944.28266557114
19.5610000000001,2931.3921567624
19.5620000000001,2915.57558739314
19.5630000000001,2899.096064714
19.5640000000001,2884.24780989818
19.5650000000001,2871.7607293922
19.566,2862.07391337013
19.567,2855.30192727038
19.5680000000002,2848.2807507982
19.5690000000002,2842.43189295589
19.5700000000002,2839.03764668443
19.5710000000001,2837.98156597538
19.5720000000001,2838.95434885258
19.5730000000001,2841.40592092334
19.5740000000001,2842.41892999255
19.575,2842.73134778695
19.576,2842.46185340532
19.5770000000002,2840.84262292107
19.5780000000002,2837.37991659322
19.5790000000002,2832.07427769977
19.5800000000002,2824.23758783456
19.5810000000001,2816.46321449236
19.5820000000001,2810.5291168873
19.5830000000001,2807.25298569688
19.5840000000001,2806.86746186183
19.585,2808.91730014453
19.586,2810.76994068908
19.5870000000002,2812.57749995771
19.5880000000002,2813.32921819932
19.5890000000002,2811.48084827666
19.5900000000001,2806.07435919909
19.5910000000001,2797.09585392316
19.5920000000001,2783.24214850592
19.5930000000001,2768.54171603705
19.5940000000001,2756.49179868664
19.595,2749.47510060531
19.596,2748.96289238854
19.5970000000002,2755.10943429685
19.5980000000002,2763.9157261921
19.5990000000002,2775.53507152373
19.6000000000001,2788.82853887626
19.6010000000001,2802.35807565406
19.6020000000001,2816.05580748591
19.6030000000001,2831.73078340857
19.604,2850.34559054146
19.605,2879.36790360789
19.6060000000002,2925.35378033292
19.6070000000002,2992.9160124201
19.6080000000002,3084.14369932636
19.6090000000002,3197.61285412579
19.6100000000001,3325.39676480075
19.6110000000001,3461.40667369126
19.6120000000001,3596.17402957243
19.6130000000001,3719.25719199146
19.614,3821.94624733114
19.615,3898.96957403076
19.6160000000002,3946.76036603576
19.6170000000002,3971.58949877708
19.6180000000002,3981.68971845889
19.6190000000001,3986.16386284502
19.6200000000001,3993.2989095605
19.6210000000001,4008.24610102541
19.6220000000001,4028.48290985076
19.623,4051.26205839918
19.624,4066.88852730586
19.625,4061.19001569245
19.6260000000002,4018.48835953731
19.6270000000002,3924.36285351236
19.6280000000002,3765.51883779045
19.6290000000001,3540.11240520977
19.6300000000001,3251.55061988133
19.6310000000001,2909.5573862425
19.6320000000001,2529.60037880314
19.633,2130.98204596319
19.634,1731.76814687763
19.6350000000002,1354.87343216024
19.6360000000002,1018.7053392465
19.6370000000002,737.202926372056
19.6380000000001,519.736641542924
19.6390000000001,371.140946639938
19.6400000000001,289.425704299619
19.6410000000001,275.004501957565
19.6420000000001,323.79571597899
19.643,429.417981214364
19.644,584.136496999198
19.6450000000002,779.191123716114
19.6460000000002,1002.20515122122
19.6470000000002,1246.01131597191
19.6480000000001,1500.98574885231
19.6490000000001,1757.10231149032
19.6500000000001,2004.77288326106
19.6510000000001,2235.33095062371
19.652,2438.65020354222
19.653,2612.2519241729
19.6540000000002,2753.34852886618
19.6550000000002,2860.75223312743
19.6560000000002,2935.08475264975
19.6570000000002,2978.50816098656
19.6580000000001,2991.54111946826
19.6590000000001,2981.4870584544
19.6600000000001,2953.74957808644
19.6610000000001,2913.54739129529
19.662,2865.92371268578
19.663,2815.4941297017
19.6640000000002,2763.33948725483
19.6650000000002,2715.86323969233
19.6660000000002,2675.95339454494
19.6670000000001,2645.17526579309
19.6680000000001,2624.02900987563
19.6690000000001,2612.03675768822
19.6700000000001,2604.80264382945
19.671,2604.10725797999
19.672,2608.43686759461
19.673,2615.95721966445
19.6740000000002,2624.98259349524
19.6750000000002,2634.14323842407
19.6760000000002,2638.97886702109
19.6770000000001,2643.12440808378
19.6780000000001,2646.79232107898
19.6790000000001,2650.01896367477
19.6800000000001,2652.7839187938
19.681,2654.95569182152
19.682,2652.70635608294
19.6830000000002,2650.05853548611
19.6840000000002,2646.99284858379
19.6850000000002,2643.17455896543
19.6860000000001,2638.22794268207
19.6870000000001,2631.85900265108
19.6880000000001,2620.39471988294
19.6890000000001,2608.33640239813
19.6900000000001,2596.32660343242
19.691,2584.88718868127
19.692,2574.46707767552
19.6930000000002,2565.4004820371
19.6940000000002,2555.11559093122
19.6950000000002,2546.72954937911
19.6960000000001,2540.50710459353
19.6970000000001,2536.47377558782
19.6980000000001,2534.4149346551
19.6990000000001,2533.86373024638
19.7,2532.30179416912
19.701,2530.81684388914
19.7020000000002,2529.33596460258
19.7030000000002,2527.94928016555
19.7040000000002,2526.80240698753
19.7050000000002,2525.9021507513
19.7060000000001,2523.10156508416
19.7070000000001,2520.1797571938
19.7080000000001,2517.22906032601
19.7090000000001,2514.29562493573
19.71,2511.35206049688
19.711,2508.13850704537
19.7120000000002,2501.85566675956
19.7130000000002,2495.31757403898
19.7140000000002,2488.64097756273
19.7150000000001,2481.93066251044
19.7160000000001,2475.30443285559
19.7170000000001,2468.68899473833
19.7180000000001,2459.4324478009
19.7190000000001,2451.22646006922
19.72,2444.48706349182
19.721,2439.47146757065
19.7220000000002,2436.29711842193
19.7230000000002,2434.71311090255
19.7240000000002,2432.00187476014
19.7250000000001,2431.32310818078
19.7260000000001,2432.69399706423
19.7270000000001,2435.94653479777
19.7280000000001,2440.7600722887
19.729,2446.41457031776
19.73,2449.95934407191
19.7310000000002,2453.99356427013
19.7320000000002,2458.25768705294
19.7330000000002,2462.42184745472
19.7340000000002,2466.12669331195
19.7350000000001,2468.69520618979
19.7360000000001,2467.48212310168
19.7370000000001,2465.38190948952
19.7380000000001,2462.56823298446
19.739,2459.23559025747
19.74,2455.61470585197
19.7410000000002,2451.60001094072
19.7420000000002,2445.2234518023
19.7430000000002,2439.83449535205
19.7440000000001,2435.92014344415
19.7450000000001,2433.75461899415
19.7460000000001,2433.37896375585
19.7470000000001,2434.18964986132
19.748,2433.64599752303
19.749,2434.23075659912
19.75,2435.61806891127
19.7510000000002,2437.39439270851
19.7520000000002,2439.15102096824
19.7530000000002,2440.10740617446
19.7540000000001,2438.01972457588
19.7550000000001,2435.72684970271
19.7560000000001,2433.51288146212
19.7570000000001,2431.59904865315
19.758,2430.09545510152
19.759,2428.48339322952
19.7600000000002,2424.67060899828
19.7610000000002,2421.22695245805
19.7620000000002,2418.109621615
19.7630000000001,2415.22110512273
19.7640000000001,2412.49818041065
19.7650000000001,2409.45675292857
19.7660000000001,2404.46562258351
19.7670000000001,2400.55655980708
19.768,2398.28212062867
19.769,2398.02561781836
19.7700000000002,2399.91305827588
19.7710000000002,2403.19553848164
19.7720000000002,2405.665480578
19.7730000000001,2409.22370229661
19.7740000000001,2413.14445834098
19.7750000000001,2416.56804317044
19.7760000000001,2418.67257864335
19.777,2418.24093489535
19.778,2413.37409904061
19.7790000000002,2406.73466297584
19.7800000000002,2398.9353586023
19.7810000000002,2390.72363578812
19.7820000000002,2382.86006447307
19.7830000000001,2375.3629193743
19.7840000000001,2367.16635091066
19.7850000000001,2360.96956564679
19.7860000000001,2356.86448598885
19.787,2354.59935880621
19.788,2353.68037451448
19.7890000000002,2352.82661309948
19.7900000000002,2350.02602479714
19.7910000000002,2347.36167757676
19.7920000000001,2344.80672186029
19.7930000000001,2342.43215275507
19.7940000000001,2340.38098948635
19.7950000000001,2338.09090568764
19.796,2334.32487695722
19.797,2331.66164597399
19.798,2330.2715576968
19.7990000000002,2330.09736073322
19.8000000000002,2330.88448527122
19.8010000000002,2331.47098413607
19.8020000000001,2330.11954124409
19.8030000000001,2328.91368401571
19.8040000000001,2327.78007958146
19.8050000000001,2326.67571073286
19.806,2325.60141346812
19.807,2323.78373818966
19.8080000000002,2320.06950732181
19.8090000000002,2316.94461229703
19.8100000000002,2314.63649250579
19.8110000000001,2313.18111110446
19.8120000000001,2312.40958073799
19.8130000000001,2311.11591061994
19.8140000000001,2307.69765091262
19.8150000000001,2304.01017254185
19.816,2299.77190978892
19.817,2294.70625901956
19.8180000000002,2288.61459599775
19.8190000000002,2280.5496119468
19.8200000000002,2269.60189142038
19.8210000000001,2258.37506881178
19.8220000000001,2247.48811020625
19.8230000000001,2237.51189578596
19.8240000000001,2228.89644701474
19.825,2220.9991716976
19.826,2212.96815556267
19.8270000000002,2206.91561622251
19.8280000000002,2202.72092886042
19.8290000000002,2200.02947855632
19.8300000000002,2198.33656552948
19.8310000000001,2196.14870228686
19.8320000000001,2192.16085168864
19.8330000000001,2188.20612542454
19.8340000000001,2184.31093371376
19.835,2180.59084208845
19.836,2177.23776624727
19.8370000000002,2173.51553496413
19.8380000000002,2168.96587452479
19.8390000000002,2165.95942408025
19.8400000000001,2164.847963817
19.8410000000001,2165.78496432814
19.8420000000001,2168.73000563077
19.8430000000001,2172.47778848834
19.8440000000001,2176.09325252653
19.845,2181.287147694
19.846,2187.87840672587
19.8470000000002,2195.61454721328
19.8480000000002,2204.20833761642
19.8490000000002,2212.34178166327
19.8500000000001,2219.21845729461
19.8510000000001,2226.61847953385
19.8520000000001,2234.5266043826
19.8530000000001,2242.84617453019
19.854,2251.40128171107
19.855,2258.90007232547
19.8560000000002,2264.63362565626
19.8570000000002,2270.27569957525
19.8580000000002,2275.75576147935
19.8590000000002,2280.95199498917
19.8600000000001,2285.7228085581
19.8610000000001,2288.86070158386
19.8620000000001,2289.9292348181
19.8630000000001,2290.76726929373
19.864,2291.53048776209
19.865,2292.28880489181
19.8660000000002,2293.02053627562
19.8670000000002,2292.51772449386
19.8680000000002,2290.36144809237
19.8690000000001,2288.1847503351
19.8700000000001,2285.95106081021
19.8710000000001,2283.55323563067
19.8720000000001,2280.8586931102
19.873,2276.61847639567
19.874,2270.59954135848
19.875,2264.59596871441
19.8760000000002,2258.82917531242
19.8770000000002,2253.44138445443
19.8780000000002,2248.47477713917
19.8790000000001,2242.70448563998
19.8800000000001,2235.87458347992
19.8810000000001,2229.48221820485
19.8820000000001,2223.41679441599
19.883,2217.47363096428
19.884,2211.4156704748
19.8850000000002,2203.85784980638
19.8860000000002,2194.65924414621
19.8870000000002,2185.49746877232
19.8880000000001,2176.66020743554
19.8890000000001,2168.42301301487
19.8900000000001,2161.01312196497
19.8910000000001,2153.36705303122
19.8920000000001,2145.58412071397
19.893,2139.25105590165
19.894,2134.40424030852
19.8950000000002,2130.91185044038
19.8960000000002,2128.51146530145
19.8970000000002,2125.62357041457
19.8980000000001,2122.00554695704
19.8990000000001,2118.90255115234
19.9000000000001,2116.19833702296
19.9010000000001,2113.73996845491
19.902,2111.3431827165
19.903,2107.54267725948
19.9040000000002,2102.33790531054
19.9050000000002,2097.08544207247
19.9060000000002,2091.82129767245
19.9070000000002,2086.54912230276
19.9080000000001,2081.25806953195
19.9090000000001,2074.63814715236
19.9100000000001,2066.98531410373
19.9110000000001,2059.81989442511
19.912,2053.30851264532
19.913,2047.48725621563
19.9140000000002,2042.25381858888
19.9150000000002,2036.03338801704
19.9160000000002,2028.90557429206
19.9170000000001,2022.03916895405
19.9180000000001,2015.32300830644
19.9190000000001,2008.65616080479
19.9200000000001,2002.0038692323
19.921,1994.04869252291
19.922,1985.4414804284
19.923,1977.89571098441
19.9240000000002,1971.8484657161
19.9250000000002,1967.58485044452
19.9260000000002,1965.18234180065
19.9270000000001,1963.06635627798
19.9280000000001,1961.41722294728
19.9290000000001,1961.11280131776
19.9300000000001,1961.68229724247
19.931,1962.56572818011
19.932,1963.22477811595
19.9330000000002,1961.78322797414
19.9340000000002,1958.64458408595
19.9350000000002,1955.19487839173
19.9360000000001,1951.79130798079
19.9370000000001,1948.82439287816
19.9380000000001,1946.64376405709
19.9390000000001,1943.99900543111
19.9400000000001,1941.67347342852
19.941,1940.94492322132
19.942,1941.76193329986
19.9430000000002,1943.86580872737
19.9440000000002,1946.85699690034
19.9450000000002,1948.75483594715
19.9460000000001,1949.87694759483
19.9470000000001,1951.1771735764
19.9480000000001,1952.58680061031
19.9490000000001,1954.04572397196
19.95,1955.48027206456
19.951,1955.24401824571
19.9520000000002,1953.99392178803
19.9530000000002,1952.78683954273
19.9540000000002,1951.57184997018
19.9550000000002,1950.19913459518
19.9560000000001,1948.45950793705
19.9570000000001,1944.59694413207
19.9580000000001,1939.32813661739
19.9590000000001,1933.79292633505
19.96,1928.23200288103
19.961,1922.91394542868
19.9620000000002,1918.11152890386
19.9630000000002,1912.53015686869
19.9640000000002,1907.30382016123
19.9650000000001,1903.67839149026
19.9660000000001,1901.82090951655
19.9670000000001,1901.68811341109
19.9680000000001,1903.03394912828
19.9690000000001,1903.87961418473
19.97,1904.70031987594
19.971,1906.01958132358
19.9720000000002,1907.45124712666
19.9730000000002,1908.59470397833
19.9740000000002,1909.08463085573
19.9750000000001,1907.05954688469
19.9760000000001,1903.41742802108
19.9770000000001,1899.19921744176
19.9780000000001,1894.71551734673
19.979,1890.31869608616
19.98,1886.3668609207
19.9810000000002,1881.61914632458
19.9820000000002,1877.44275079675
19.9830000000002,1874.99793904001
19.9840000000002,1874.50297424493
19.9850000000001,1875.96276139938
19.9860000000001,1879.17628780455
19.9870000000001,1882.22998595381
19.9880000000001,1885.78886727226
19.989,1890.25190078491
19.99,1895.27729189014
19.9910000000002,1900.53002939142
19.9920000000002,1905.72792301734
19.9930000000002,1909.13754162595
19.9940000000001,1911.85708621059
19.9950000000001,1914.72560233081
19.9960000000001,1917.90187579495
19.9970000000001,1921.47191013824
19.998,1925.42068828727
19.999,1928.07736287242
20,1930.48278358986
20.0010000000002,1933.18274048342
20.0020000000002,1936.01326068588
20.0030000000002,1938.75375767971
20.0040000000001,1941.17077792687
20.0050000000001,1941.47595311517
20.0060000000001,1940.82695366322
20.0070000000001,1939.89215224996
20.008,1938.7010543862
20.009,1937.19460918882
20.0100000000002,1935.20852463338
20.0110000000002,1930.86899334151
20.0120000000002,1925.24748548592
20.0130000000001,1918.78106247981
20.0140000000001,1911.34158862501
20.0150000000001,1902.85530802874
20.0160000000001,1893.36537994423
20.0170000000001,1881.45041386379
20.018,1868.93199744216
20.019,1857.04441123681
20.0200000000002,1846.49749470709
20.0210000000002,1837.90059015552
20.0220000000002,1831.67523266289
20.0230000000001,1826.3026970967
20.0240000000001,1823.1949359629
20.0250000000001,1822.69481895563
20.0260000000001,1824.35687227962
20.027,1827.50276791783
20.028,1831.31206693371
20.0290000000002,1832.86168541692
20.0300000000002,1833.14735616694
20.0310000000002,1832.47207268087
20.0320000000002,1830.76832016538
20.0330000000001,1828.06325031018
20.0340000000001,1824.38407251037
20.0350000000001,1817.11960131015
20.0360000000001,1808.22004615902
20.037,1798.59034060369
20.038,1788.50231184948
20.0390000000002,1778.12033441801
20.0400000000002,1767.45517688728
20.0410000000002,1753.80827321607
20.0420000000001,1739.07158102216
20.0430000000001,1724.01904250051
20.0440000000001,1708.93905173204
20.0450000000001,1694.13260822599
20.046,1679.86793610925
20.047,1664.78961947681
20.048,1650.60073030426
20.0490000000002,1637.75533418805
20.0500000000002,1626.24739214182
20.0510000000002,1616.02478296657
20.0520000000001,1607.08856909226
20.0530000000001,1598.72349326678
20.0540000000001,1592.36254191403
20.0550000000001,1588.29296368357
20.056,1586.38695030542
20.057,1586.29580643812
20.0580000000002,1587.49506894648
20.0590000000002,1588.54541599803
20.0600000000002,1590.06146963687
20.0610000000001,1591.53524134887
20.0620000000001,1592.35883081047
20.0630000000001,1592.1889292261
20.0640000000001,1591.08214249234
20.0650000000001,1588.67875810243
20.066,1587.01473654645
20.067,1586.88124235403
20.0680000000002,1588.52512475578
20.0690000000002,1591.66922586218
20.0700000000002,1595.50057612688
20.0710000000001,1597.37404924714
20.0720000000001,1597.65888241529
20.0730000000001,1595.47765681875
20.0740000000001,1590.25594067392
20.075,1582.2701551173
20.076,1572.86300205174
20.0770000000002,1562.49618320586
20.0780000000002,1556.59477390772
20.0790000000002,1559.39656801927
20.0800000000002,1574.81033339573
20.0810000000001,1606.05848105126
20.0820000000001,1655.21383608226
20.0830000000001,1721.01340066328
20.0840000000001,1804.81191709258
20.085,1905.06595263372
20.086,2019.19115355767
20.0870000000002,2144.16145124896
20.0880000000002,2276.87581763835
20.0890000000002,2412.57590307693
20.0900000000001,2550.45117074662
20.0910000000001,2687.82409845116
20.0920000000001,2821.28782475296
20.0930000000001,2946.40739790393
20.0940000000001,3057.40288963203
20.095,3145.29021239572
20.096,3203.82973344571
20.0970000000002,3224.47429586926
20.0980000000002,3198.96610964267
20.0990000000002,3120.59943702367
20.1000000000001,2985.40927952394
20.1010000000001,2791.33919099382
20.1020000000001,2544.74293265604
20.1030000000001,2254.63757622034
20.104,1933.97517006863
20.105,1598.66353083727
20.1060000000002,1266.04706667135
20.1070000000002,951.271815037054
20.1080000000002,671.299819823125
20.1090000000002,437.419181747495
20.1100000000001,255.894374688972
20.1110000000001,127.493659006841
20.1120000000001,47.7051251247415
20.1130000000001,5.85787285557201
20.114,-7.58163405638023
20.115,-4.9812405869371
20.1160000000002,2.26094865342913
20.1170000000002,5.45512077408528
20.1180000000002,-0.175247520972532
20.1190000000001,-16.6328719049545
20.1200000000001,-37.7698027334756
20.1210000000001,-55.913930705358
20.1220000000001,-61.52699012124
20.123,-44.956695113295
20.124,1.7552509239634
20.125,81.8362109953099
20.1260000000002,198.32104074195
20.1270000000002,348.179606646687
20.1280000000002,524.529618956764
20.1290000000001,717.619332912337
20.1300000000001,916.073765041866
20.1310000000001,1106.86272244804
20.1320000000001,1281.88842793612
20.133,1433.46929139289
20.134,1556.6645913329
20.1350000000002,1649.37738773351
20.1360000000002,1711.940527192
20.1370000000002,1745.19374025811
20.1380000000001,1754.8187789631
20.1390000000001,1745.34151012298
20.1400000000001,1721.30620588066
20.1410000000001,1686.92271501663
20.1420000000001,1645.75008511171
20.143,1599.40746312156
20.144,1552.60884091792
20.1450000000002,1507.861422248
20.1460000000002,1467.2639866549
20.1470000000002,1432.51110346835
20.1480000000001,1404.64175379663
20.1490000000001,1382.67123297478
20.1500000000001,1369.19043106407
20.1510000000001,1363.94351397367
20.152,1366.06040113799
20.153,1374.21977177832
20.1540000000002,1386.55424038316
20.1550000000002,1399.51284903662
20.1560000000002,1414.46399368421
20.1570000000002,1430.12489980132
20.1580000000001,1445.3145244411
20.1590000000001,1459.06196218832
20.1600000000001,1470.34319573114
20.1610000000001,1476.93672881722
20.162,1481.50915939196
20.163,1484.18052200202
20.1640000000002,1485.07397125117
20.1650000000002,1484.35693342798
20.1660000000002,1482.0443828802
20.1670000000001,1477.21302810715
20.1680000000001,1471.9155407047
20.1690000000001,1466.77895225792
20.1700000000001,1462.33995811814
20.171,1458.97355455159
20.172,1456.69930212969
20.173,1454.57543676704
20.1740000000002,1453.28924223455
20.1750000000002,1452.89607600098
20.1760000000002,1453.45479650613
20.1770000000001,1454.97787931682
20.1780000000001,1457.21399071338
20.1790000000001,1459.05479070992
20.1800000000001,1461.02817894004
20.181,1463.06950549699
20.182,1465.11926503167
20.1830000000002,1467.07842987154
20.1840000000002,1468.59623793583
20.1850000000002,1468.55290294637
20.1860000000001,1467.56653970956
20.1870000000001,1465.76690576849
20.1880000000001,1463.3897218473
20.1890000000001,1460.70029659813
20.1900000000001,1457.62055757422
20.191,1453.2472644271
20.192,1449.02318363567
20.1930000000002,1445.18390885396
20.1940000000002,1441.91373354221
20.1950000000002,1439.33917494349
20.1960000000001,1437.10953134058
20.1970000000001,1434.10940670537
20.1980000000001,1432.12448322534
20.1990000000001,1431.23581449596
20.2,1431.42422160156
20.201,1432.59174600026
20.2020000000002,1434.14721866159
20.2030000000002,1434.84991616194
20.2040000000002,1436.30467702425
20.2050000000002,1438.52952869375
20.2060000000001,1441.50052650358
20.2070000000001,1445.15564652757
20.2080000000001,1448.96071326233
20.2090000000001,1451.81044987073
20.21,1455.17788220038
20.211,1459.09280030375
20.2120000000002,1463.50947743664
20.2130000000002,1468.29561001302
20.2140000000002,1472.77580898129
20.2150000000001,1475.7545619285
20.2160000000001,1478.50891181977
20.2170000000001,1480.95246026415
20.2180000000001,1483.00343407768
20.2190000000001,1484.60368840146
20.22,1485.24028061923
20.221,1484.08643920554
20.2220000000002,1482.81945156939
20.2230000000002,1481.76417148532
20.2240000000002,1481.22122672299
20.2250000000001,1481.43667752781
20.2260000000001,1482.05887544631
20.2270000000001,1482.36831148408
20.2280000000001,1483.90477544595
20.229,1486.74362680207
20.23,1490.83320136924
20.2310000000002,1496.01416877275
20.2320000000002,1501.51041041391
20.2330000000002,1506.31402970369
20.2340000000002,1511.68104876695
20.2350000000001,1517.56496600065
20.2360000000001,1523.9147440802
20.2370000000001,1530.66843357601
20.2380000000001,1537.17112070991
20.239,1542.61368399111
20.24,1548.32837047215
20.2410000000002,1554.26968966742
20.2420000000002,1560.27217298556
20.2430000000002,1566.05215690494
20.2440000000001,1570.63291491512
20.2450000000001,1572.96157307213
20.2460000000001,1574.143405164
20.2470000000001,1574.07728211438
20.248,1572.76183512376
20.249,1570.3249415241
20.25,1566.39835234115
20.2510000000002,1560.77777996642
20.2520000000002,1555.42413674697
20.2530000000002,1551.03778283438
20.2540000000001,1548.20956494143
20.2550000000001,1547.33398742942
20.2560000000001,1547.87145907305
20.2570000000001,1549.11699179142
20.258,1552.18783631054
20.259,1556.74423357498
20.2600000000002,1562.29008383542
20.2610000000002,1568.24604313777
20.2620000000002,1573.30831825123
20.2630000000001,1576.43301814976
20.2640000000001,1578.74862399823
20.2650000000001,1580.28522251442
20.2660000000001,1581.17689815189
20.2670000000001,1581.604035769
20.268,1580.98073914021
20.269,1578.93551145853
20.2700000000002,1576.96034328674
20.2710000000002,1575.2111087048
20.2720000000002,1573.70992043621
20.2730000000001,1572.3543157941
20.2740000000001,1570.1695345614
20.2750000000001,1566.51285573112
20.2760000000001,1562.61898576549
20.277,1558.55953964212
20.278,1554.43839699831
20.2790000000002,1550.37784013744
20.2800000000002,1545.69349557659
20.2810000000002,1540.14947657846
20.2820000000002,1535.24493119824
20.2830000000001,1531.24247880505
20.2840000000001,1528.3071498389
20.2850000000001,1526.49035303561
20.2860000000001,1524.90687982719
20.287,1523.13385498715
20.288,1522.34838994309
20.2890000000002,1522.54002530104
20.2900000000002,1523.64686530758
20.2910000000002,1525.55873565088
20.2920000000001,1527.27195828908
20.2930000000001,1528.39837063908
20.2940000000001,1530.09631805453
20.2950000000001,1532.37940985388
20.296,1535.21120769474
20.297,1538.49946937181
20.298,1541.21278852499
20.2990000000002,1543.04057530394
20.3000000000002,1545.16626118701
20.3010000000002,1547.67481397584
20.3020000000001,1550.65504798818
20.3030000000001,1554.20432722548
20.3040000000001,1557.51009571179
20.3050000000001,1560.62892465853
20.306,1565.03903584062
20.307,1571.10506622041
20.3080000000002,1579.1158900285
20.3090000000002,1589.24219232195
20.3100000000002,1600.5541326137
20.3110000000001,1612.88661266818
20.3120000000001,1627.20658867996
20.3130000000001,1643.22478183289
20.3140000000001,1660.45182356103
20.3150000000001,1678.2290553114
20.316,1694.81923810463
20.317,1709.46240454837
20.3180000000002,1722.65757018119
20.3190000000002,1733.98265435851
20.3200000000002,1743.14738723273
20.3210000000001,1750.01749311428
20.3220000000001,1753.61474161361
20.3230000000001,1754.22596762924
20.3240000000001,1753.38878930454
20.325,1751.66796873705
20.326,1749.5724285178
20.3270000000002,1747.4861659869
20.3280000000002,1744.58270731817
20.3290000000002,1741.07460174974
20.3300000000002,1738.08177383543
20.3310000000001,1735.60123294712
20.3320000000001,1733.52209403838
20.3330000000001,1731.67026787686
20.3340000000001,1728.78419161186
20.335,1724.92052141159
20.336,1721.14669649053
20.3370000000002,1717.58109544974
20.3380000000002,1714.30126967425
20.3390000000002,1711.30656077406
20.3400000000001,1707.41009044514
20.3410000000001,1702.71193024372
20.3420000000001,1698.14285489041
20.3430000000001,1693.68620565268
20.3440000000001,1689.32387282293
20.345,1685.06908091791
20.346,1679.87598364489
20.3470000000002,1674.21573525047
20.3480000000002,1669.40749390661
20.3490000000002,1665.86073288666
20.3500000000001,1663.8719456275
20.3510000000001,1663.54860059929
20.3520000000001,1663.61728782269
20.3530000000001,1664.12146305562
20.354,1665.64312393145
20.355,1667.77725349608
20.3560000000002,1670.06333775963
20.3570000000002,1672.06514827579
20.3580000000002,1672.26726612479
20.3590000000002,1670.93879396283
20.3600000000001,1669.13089678595
20.3610000000001,1667.15934042038
20.3620000000001,1665.35032452866
20.3630000000001,1663.94986941116
20.364,1661.84741343897
20.365,1659.49241576357
20.3660000000002,1657.7049521453
20.3670000000002,1656.35235749589
20.3680000000002,1655.21036787732
20.3690000000001,1654.03302182012
20.3700000000001,1651.37156850468
20.3710000000001,1647.74777152237
20.3720000000001,1644.26519037395
20.373,1641.32032814734
20.374,1639.32306650591
20.375,1638.61093146658
20.3760000000002,1638.06416506651
20.3770000000002,1638.38715101312
20.3780000000002,1640.4214657632
20.3790000000001,1644.00251297805
20.3800000000001,1648.78349419974
20.3810000000001,1654.29815526111
20.3820000000001,1658.6810250204
20.383,1662.25352706784
20.384,1665.65777247688
20.3850000000002,1668.8329435076
20.3860000000002,1671.77040211079
20.3870000000002,1674.48212684705
20.3880000000001,1675.56892975275
20.3890000000001,1675.85615474635
20.3900000000001,1676.27048200518
20.3910000000001,1676.89968991538
20.3920000000001,1677.73670750146
20.393,1678.6945644429
20.394,1678.20535164874
20.3950000000002,1677.04695164665
20.3960000000002,1676.08907701095
20.3970000000002,1675.49070604056
20.3980000000001,1675.40242007905
20.3990000000001,1675.94321683956
20.4000000000001,1675.71944474231
20.4010000000001,1675.70504880153
20.402,1676.7711693511
20.403,1678.97795537584
20.4040000000002,1682.2393063144
20.4050000000002,1686.32018399868
20.4060000000002,1689.36523816957
20.4070000000002,1691.96153805531
20.4080000000001,1694.56365738396
20.4090000000001,1696.95933818841
20.4100000000001,1698.94576240209
20.4110000000001,1700.34723594025
20.412,1699.52481805661
20.413,1697.49457817623
20.4140000000002,1695.14537133229
20.4150000000002,1692.77275534989
20.4160000000002,1690.65524202416
20.4170000000001,1689.01373142931
20.4180000000001,1686.46753747848
20.4190000000001,1684.20750189658
20.4200000000001,1683.03518732407
20.421,1683.05281710585
20.422,1684.24174814317
20.423,1686.4673754315
20.4240000000002,1687.95896312553
20.4250000000002,1689.61804731954
20.4260000000002,1691.91172933732
20.4270000000001,1694.69552904219
20.4280000000001,1697.7593174756
20.4290000000001,1700.82833307401
20.4300000000001,1702.00030806962
20.431,1702.2121263323
20.432,1701.95700905086
20.4330000000002,1701.23993452827
20.4340000000002,1700.1111272143
20.4350000000002,1698.66927839341
20.4360000000001,1695.47232713068
20.4370000000001,1692.03691972023
20.4380000000001,1689.34824116506
20.4390000000001,1687.86803252046
20.4400000000001,1687.9600232271
20.441,1689.83064669396
20.442,1691.91439572837
20.4430000000002,1695.38612847706
20.4440000000002,1700.55867461797
20.4450000000002,1707.09778975596
20.4460000000001,1714.51290847225
20.4470000000001,1722.21629637705
20.4480000000001,1728.03268752361
20.4490000000001,1732.83223027655
20.45,1736.83865120061
20.451,1739.98603583714
20.4520000000002,1742.34075961843
20.4530000000002,1744.08520395352
20.4540000000002,1743.90321693584
20.4550000000002,1743.57870208641
20.4560000000001,1744.01673051755
20.4570000000001,1745.61606763737
20.4580000000001,1748.59359167288
20.4590000000001,1752.94620340348
20.46,1756.83279333973
20.461,1761.37042698474
20.4620000000002,1766.58343190855
20.4630000000002,1772.0150273475
20.4640000000002,1777.1449058934
20.4650000000001,1781.45013642118
20.4660000000001,1782.82993450842
20.4670000000001,1782.52015685686
20.4680000000001,1780.84199595488
20.4690000000001,1777.87242911946
20.47,1773.74969320848
20.471,1768.64512898384
20.4720000000002,1761.08951289221
20.4730000000002,1752.92949024717
20.4740000000002,1744.87311980925
20.4750000000001,1737.27981263154
20.4760000000001,1730.45699634878
20.4770000000001,1724.6604076372
20.4780000000001,1718.38374149593
20.479,1713.52846890893
20.48,1710.71552455477
20.4810000000002,1710.16386854049
20.4820000000002,1711.92245359216
20.4830000000002,1715.83415314092
20.4840000000002,1719.53793970571
20.4850000000001,1724.43623031568
20.4860000000001,1730.42034763867
20.4870000000001,1736.97998081682
20.4880000000001,1743.49263566463
20.489,1749.24675077395
20.49,1750.96956651492
20.4910000000002,1750.34957030442
20.4920000000002,1747.60397531771
20.4930000000002,1742.8311994385
20.4940000000001,1736.22345982299
20.4950000000001,1727.96742331585
20.4960000000001,1715.18678467874
20.4970000000001,1700.69849099192
20.498,1685.42711095944
20.499,1670.01622960826
20.5,1655.01262806497
20.5010000000002,1640.7690485084
20.5020000000002,1624.98612764156
20.5030000000002,1609.96409075827
20.5040000000001,1596.08424119076
20.5050000000001,1583.4820594845
20.5060000000001,1572.29578212005
20.5070000000001,1562.69835984144
20.508,1553.76428495165
20.509,1547.18670386993
20.5100000000002,1543.14184082937
20.5110000000002,1541.4702430189
20.5120000000002,1541.79647295698
20.5130000000001,1543.59487449654
20.5140000000001,1545.47125445602
20.5150000000001,1548.11832803933
20.5160000000001,1550.93262019739
20.5170000000001,1553.25610969868
20.518,1554.56626771578
20.519,1554.57750190096
20.5200000000002,1552.48040118111
20.5210000000002,1549.80290816041
20.5220000000002,1546.80682320392
20.5230000000001,1543.62571783096
20.5240000000001,1540.31046009867
20.5250000000001,1536.86451303616
20.5260000000001,1531.95909321624
20.527,1527.43996931856
20.528,1523.52780443172
20.5290000000002,1520.42400524547
20.5300000000002,1518.39318309276
20.5310000000002,1517.80170599775
20.5320000000002,1517.1165521626
20.5330000000001,1519.41903889824
20.5340000000001,1525.87728530186
20.5350000000001,1537.79793087601
20.5360000000001,1556.59283708044
20.537,1583.66453459646
20.538,1618.31864815306
20.5390000000002,1664.10916498048
20.5400000000002,1722.17302622691
20.5410000000002,1793.16821709489
20.5420000000001,1877.20627164314
20.5430000000001,1973.77879448877
20.5440000000001,2080.16233955211
20.5450000000001,2197.20454059345
20.546,2323.53337436285
20.547,2457.51075519753
20.548,2597.19222953969
20.5490000000002,2740.04147799115
20.5500000000002,2881.08476193081
20.5510000000002,3017.93387360379
20.5520000000001,3144.66008052497
20.5530000000001,3253.48060921879
20.5540000000001,3334.92984951771
20.5550000000001,3378.33871702804
20.556,3371.44258996098
20.557,3307.21170849961
20.5580000000002,3179.67864736016
20.5590000000002,2987.26924616333
20.5600000000002,2733.85554400553
20.5610000000001,2428.95533655132
20.5620000000001,2085.88032555141
20.5630000000001,1725.54377207471
20.5640000000001,1368.7832711472
20.5650000000001,1035.63051732563
20.566,742.810379725925
20.567,501.526747740433
20.5680000000002,315.06933677431
20.5690000000002,183.592773062555
20.5700000000002,99.785771181202
20.5710000000001,52.4329288302957
20.5720000000001,28.8033671260957
20.5730000000001,16.9126070608202
20.5740000000001,6.52637016334199
20.575,-4.80888138479292
20.576,-16.5334508980863
20.5770000000002,-24.0087086904867
20.5780000000002,-19.9004327448585
20.5790000000002,3.75611895438608
20.5800000000002,52.6993553871722
20.5810000000001,133.430387683359
20.5820000000001,247.184507845545
20.5830000000001,391.323732832821
20.5840000000001,559.765720496428
20.585,743.683354935805
20.586,931.894555876937
20.5870000000002,1116.47892561569
20.5880000000002,1288.93684852309
20.5890000000002,1442.51118638411
20.5900000000001,1572.50535819897
20.5910000000001,1675.97638174082
20.5920000000001,1750.73884338387
20.5930000000001,1799.16452589857
20.5940000000001,1823.07070100418
20.595,1825.01342295018
20.596,1808.10143411822
20.5970000000002,1775.56452670472
20.5980000000002,1730.0243691666
20.5990000000002,1677.47336715823
20.6000000000001,1622.30454322609
20.6010000000001,1568.65849203749
20.6020000000001,1520.13415009599
20.6030000000001,1479.1274025135
20.604,1446.09595803684
20.605,1423.82471428706
20.6060000000002,1412.16837290799
20.6070000000002,1410.07118682602
20.6080000000002,1415.8577909918
20.6090000000002,1427.04485151867
20.6100000000001,1440.23719310217
20.6110000000001,1456.17691465873
20.6120000000001,1473.51101207793
20.6130000000001,1491.1138277651
20.614,1508.11380800922
20.615,1523.25016299981
20.6160000000002,1534.63006417563
20.6170000000002,1544.81635667519
20.6180000000002,1553.64571731851
20.6190000000001,1560.87386489289
20.6200000000001,1566.28043586149
20.6210000000001,1569.20866554178
20.6220000000001,1568.49810136841
20.623,1566.69027270438
20.624,1564.27751247903
20.625,1561.6880687705
20.6260000000002,1559.25671909795
20.6270000000002,1556.87272067731
20.6280000000002,1553.73158836456
20.6290000000001,1551.070029456
20.6300000000001,1549.18002591905
20.6310000000001,1548.29474861121
20.6320000000001,1548.51736657218
20.633,1549.48521412824
20.634,1550.10513987374
20.6350000000002,1550.88574269646
20.6360000000002,1551.72956484792
20.6370000000002,1552.57503241216
20.6380000000001,1553.35985800973
20.6390000000001,1553.69328309516
20.6400000000001,1552.65351391328
20.6410000000001,1551.00413225565
20.6420000000001,1549.01500595343
20.643,1547.02719699134
20.644,1545.35553674328
20.6450000000002,1543.7780677522
20.6460000000002,1541.54251382835
20.6470000000002,1539.86478892854
20.6480000000001,1538.92747676939
20.6490000000001,1538.88335614127
20.6500000000001,1539.84191780177
20.6510000000001,1541.24292661792
20.652,1542.24569595006
20.653,1544.51850112527
20.6540000000002,1548.14871251141
20.6550000000002,1553.10429385675
20.6560000000002,1559.23062304483
20.6570000000002,1565.58883040758
20.6580000000001,1571.03701843275
20.6590000000001,1576.95838284366
20.6600000000001,1583.160592163
20.6610000000001,1589.4283028134
20.662,1595.5607710418
20.663,1600.75144718923
20.6640000000002,1604.18818313588
20.6650000000002,1607.47359458749
20.6660000000002,1610.88789178461
20.6670000000001,1614.6767759397
20.6680000000001,1618.99105944467
20.6690000000001,1623.1737391405
20.6700000000001,1626.43025139209
20.671,1630.09945701998
20.672,1634.14590630292
20.673,1638.49187160552
20.6740000000002,1643.05088158501
20.6750000000002,1647.03696660421
20.6760000000002,1649.8192602848
20.6770000000001,1653.01542264946
20.6780000000001,1656.92634900313
20.6790000000001,1661.79067619212
20.6800000000001,1667.71754119706
20.681,1673.88122106101
20.682,1679.47683869905
20.6830000000002,1685.63835974083
20.6840000000002,1692.03594716121
20.6850000000002,1698.2359321255
20.6860000000001,1703.77095858867
20.6870000000001,1707.43504397138
20.6880000000001,1708.4454585337
20.6890000000001,1708.21113045687
20.6900000000001,1707.02096634823
20.691,1705.27540099084
20.692,1703.41820427718
20.6930000000002,1701.04405182427
20.6940000000002,1698.04685457816
20.6950000000002,1696.13451842656
20.6960000000001,1695.57238172677
20.6970000000001,1696.41365099484
20.6980000000001,1698.50674373213
20.6990000000001,1700.68641833881
20.7,1702.17855075228
20.701,1704.05769225779
20.7020000000002,1706.19800157333
20.7030000000002,1708.52972389953
20.7040000000002,1711.04698501204
20.7050000000002,1712.93241282141
20.7060000000001,1713.98262775525
20.7070000000001,1715.75220180372
20.7080000000001,1718.55284167648
20.7090000000001,1722.57893688323
20.71,1727.86037793451
20.711,1733.35189116003
20.7120000000002,1738.50647264506
20.7130000000002,1744.30150769027
20.7140000000002,1750.46860682959
20.7150000000001,1756.6911782532
20.7160000000001,1762.65061173369
20.7170000000001,1767.1446444125
20.7180000000001,1769.82158301187
20.7190000000001,1772.00285852118
20.72,1773.94751542094
20.721,1775.94051575197
20.7220000000002,1778.23434074184
20.7230000000002,1780.02004435886
20.7240000000002,1781.24892655295
20.7250000000001,1783.24863416147
20.7260000000001,1786.05573068979
20.7270000000001,1789.5455756428
20.7280000000001,1793.44959641647
20.729,1796.36209766119
20.73,1797.8219734797
20.7310000000002,1798.84300516598
20.7320000000002,1799.34437758337
20.7330000000002,1799.28715788564
20.7340000000002,1798.66752560729
20.7350000000001,1796.41537033521
20.7360000000001,1792.59307305898
20.7370000000001,1788.69447642784
20.7380000000001,1785.07321571377
20.739,1782.03430410355
20.74,1779.80232526542
20.7410000000002,1777.35803023558
20.7420000000002,1774.82244369099
20.7430000000002,1773.58666303198
20.7440000000001,1773.83476909288
20.7450000000001,1775.64491820642
20.7460000000001,1778.97008782285
20.7470000000001,1782.44074171405
20.748,1785.91479821318
20.749,1790.39608957164
20.75,1795.68071766277
20.7510000000002,1801.45879938494
20.7520000000002,1807.32404498695
20.7530000000002,1811.58344750768
20.7540000000001,1813.97228958837
20.7550000000001,1815.40550935178
20.7560000000001,1815.7862839449
20.7570000000001,1815.08195432213
20.758,1813.32145346432
20.759,1809.34230554595
20.7600000000002,1803.58037283748
20.7610000000002,1797.55233074593
20.7620000000002,1791.72870200522
20.7630000000001,1786.5099076539
20.7640000000001,1782.17307789205
20.7650000000001,1777.56374590713
20.7660000000001,1773.02290298414
20.7670000000001,1769.69107653406
20.768,1767.57804526465
20.769,1766.58424413565
20.7700000000002,1766.52758821235
20.7710000000002,1765.87057725013
20.7720000000002,1764.83991477974
20.7730000000001,1764.53284116634
20.7740000000001,1765.1020978928
20.7750000000001,1766.70756341065
20.7760000000001,1769.4810173948
20.777,1772.1451314873
20.778,1775.22685482448
20.7790000000002,1779.88811608413
20.7800000000002,1786.21752229075
20.7810000000002,1794.16743094108
20.7820000000002,1803.55480993268
20.7830000000001,1812.69902164848
20.7840000000001,1821.8445797051
20.7850000000001,1831.83514475855
20.7860000000001,1842.57730271291
20.787,1853.96951950806
20.788,1865.89721726055
20.7890000000002,1876.80574367475
20.7900000000002,1887.22283290737
20.7910000000002,1898.16020811212
20.7920000000001,1909.65768946129
20.7930000000001,1921.64541727314
20.7940000000001,1933.92193331883
20.7950000000001,1944.70090813369
20.796,1954.30611874073
20.797,1963.41700051128
20.798,1971.80582047213
20.7990000000002,1979.2296076465
20.8000000000002,1985.4572193378
20.8010000000002,1988.82096355429
20.8020000000001,1990.02428020206
20.8030000000001,1990.17560874268
20.8040000000001,1989.61340785543
20.8050000000001,1988.69054305231
20.806,1987.72323085833
20.807,1985.42295314353
20.8080000000002,1982.81175095288
20.8090000000002,1981.01053809125
20.8100000000002,1980.17978291591
20.8110000000001,1980.30271132761
20.8120000000001,1981.18645924909
20.8130000000001,1980.91650214414
20.8140000000001,1980.04484284798
20.8150000000001,1979.22072743524
20.816,1978.32501585135
20.817,1977.27278288923
20.8180000000002,1976.02076003043
20.8190000000002,1972.95198607176
20.8200000000002,1969.14846722911
20.8210000000001,1965.71911613402
20.8220000000001,1962.97076407013
20.8230000000001,1961.09548982108
20.8240000000001,1960.12265170922
20.825,1958.26354707731
20.826,1956.33020615036
20.8270000000002,1954.95991171837
20.8280000000002,1954.01636968451
20.8290000000002,1953.33848180391
20.8300000000002,1952.77080500904
20.8310000000001,1950.51835671748
20.8320000000001,1947.68223441157
20.8330000000001,1945.2334797786
20.8340000000001,1943.45535569327
20.835,1942.54992556741
20.836,1942.57330989583
20.8370000000002,1941.71196742311
20.8380000000002,1940.92275873039
20.8390000000002,1940.75778998147
20.8400000000001,1941.04614284876
20.8410000000001,1941.58253975957
20.8420000000001,1942.1717208877
20.8430000000001,1940.92142104131
20.8440000000001,1939.09807655526
20.845,1937.63654213109
20.846,1936.85292403361
20.8470000000002,1936.9775233482
20.8480000000002,1938.07457929852
20.8490000000002,1938.18678937819
20.8500000000001,1938.41660050996
20.8510000000001,1939.19023411176
20.8520000000001,1940.23792593635
20.8530000000001,1941.26529188995
20.854,1942.026171559
20.855,1940.51805920328
20.8560000000002,1938.31254521737
20.8570000000002,1936.45688215377
20.8580000000002,1935.47384305709
20.8590000000002,1935.82951013789
20.8600000000001,1937.82437165318
20.8610000000001,1939.59711450735
20.8620000000001,1942.59731206045
20.8630000000001,1947.23228826252
20.864,1953.14087717021
20.865,1959.81483189872
20.8660000000002,1966.68896472865
20.8670000000002,1971.2732305485
20.8680000000002,1974.89114091092
20.8690000000001,1978.10959921477
20.8700000000001,1981.08099512206
20.8710000000001,1983.99105779329
20.8720000000001,1986.98197826455
20.873,1988.10288806643
20.874,1989.08476681484
20.875,1990.534720022
20.8760000000002,1992.46736416148
20.8770000000002,1994.81365969415
20.8780000000002,1997.45858416021
20.8790000000001,1998.26396303854
20.8800000000001,1999.00665502163
20.8810000000001,2000.36212332902
20.8820000000001,2002.5106003649
20.883,2005.50842461601
20.884,2009.22685756675
20.8850000000002,2011.26814014436
20.8860000000002,2013.06876020018
20.8870000000002,2014.72928077972
20.8880000000001,2015.88277382239
20.8890000000001,2016.18057495888
20.8900000000001,2015.36724736613
20.8910000000001,2011.23825634738
20.8920000000001,2005.92565455985
20.893,2000.42011836717
20.894,1995.4316501308
20.8950000000002,1991.64409266336
20.8960000000002,1989.58868580394
20.8970000000002,1987.40744740233
20.8980000000001,1987.19173476612
20.8990000000001,1989.30259845535
20.9000000000001,1993.47241884145
20.9010000000001,1999.19204681515
20.902,2005.78665582747
20.903,2010.32784387435
20.9040000000002,2014.30356543465
20.9050000000002,2017.77517497043
20.9060000000002,2020.62764053726
20.9070000000002,2022.84936756823
20.9080000000001,2024.48317080077
20.9090000000001,2023.34321136995
20.9100000000001,2021.73544397194
20.9110000000001,2020.26577466678
20.912,2019.18616606265
20.913,2018.63631000315
20.9140000000002,2018.63168562752
20.9150000000002,2016.81176150997
20.9160000000002,2015.36884825533
20.9170000000001,2014.69409090557
20.9180000000001,2014.90802922786
20.9190000000001,2016.07571220616
20.9200000000001,2018.17866688459
20.921,2018.78797348644
20.922,2020.11878557012
20.923,2022.40675577117
20.9240000000002,2025.56738773382
20.9250000000002,2029.37728769194
20.9260000000002,2033.47182165778
20.9270000000001,2034.99005132561
20.9280000000001,2035.96760685774
20.9290000000001,2036.43814548168
20.9300000000001,2036.32772977977
20.931,2035.63601806778
20.932,2034.43386409878
20.9330000000002,2030.46072474109
20.9340000000002,2026.53080036694
20.9350000000002,2023.34470528888
20.9360000000001,2021.42671775409
20.9370000000001,2021.17512281975
20.9380000000001,2022.79191914402
20.9390000000001,2023.87311786365
20.9400000000001,2026.8161786708
20.941,2031.58182806711
20.942,2037.85107463576
20.9430000000002,2045.15730597345
20.9440000000002,2052.93742843468
20.9450000000002,2058.21550118232
20.9460000000001,2063.15726722408
20.9470000000001,2067.67736831685
20.9480000000001,2071.71343053728
20.9490000000001,2075.26421677897
20.95,2078.35808615436
20.951,2078.60642706341
20.9520000000002,2078.83692756995
20.9530000000002,2079.39932280856
20.9540000000002,2080.55491332549
20.9550000000002,2082.47049046857
20.9560000000001,2085.16561879865
20.9570000000001,2086.25757734913
20.9580000000001,2088.34963514945
20.9590000000001,2091.57465398485
20.96,2095.95012641908
20.961,2101.38187752851
20.9620000000002,2107.57787211435
20.9630000000002,2111.92931260353
20.9640000000002,2116.71511682288
20.9650000000001,2121.75832781436
20.9660000000001,2126.78456640918
20.9670000000001,2131.46030413939
20.9680000000001,2135.31353747408
20.9690000000001,2135.78642159868
20.97,2135.32782688116
20.971,2134.14219173849
20.9720000000002,2132.53143194279
20.9730000000002,2130.89414754411
20.9740000000002,2129.53552033001
20.9750000000001,2126.73574053207
20.9760000000001,2125.59027788681
20.9770000000001,2126.7092089637
20.9780000000001,2130.44085483093
20.979,2136.80804342614
20.98,2145.26782736289
20.9810000000002,2152.86357894343
20.9820000000002,2161.41006638761
20.9830000000002,2170.14293099583
20.9840000000002,2178.1940212122
20.9850000000001,2184.69316857833
20.9860000000001,2188.57373989242
20.9870000000001,2186.57590274623
20.9880000000001,2181.47488122433
20.989,2173.68004071232
20.99,2163.79714045663
20.9910000000002,2152.49431709043
20.9920000000002,2139.97656052269
20.9930000000002,2123.58791842944
20.9940000000001,2107.13257646641
20.9950000000001,2091.38498270142
20.9960000000001,2076.99983350606
20.9970000000001,2064.45541079981
20.998,2053.57815755715
20.999,2041.50625649792
21,2031.4752344581
21.0010000000002,2023.80088464987
21.0020000000002,2018.68461807935
21.0030000000002,2016.15842013303
21.0040000000001,2015.72821472313
21.0050000000001,2015.43624805376
21.0060000000001,2016.75096594006
21.0070000000001,2018.93650107736
21.008,2021.14727927356
21.009,2022.64010050597
21.0100000000002,2022.77129531809
21.0110000000002,2020.9077811059
21.0120000000002,2018.69597118696
21.0130000000001,2016.50440690902
21.0140000000001,2014.6586404753
21.0150000000001,2013.38437855328
21.0160000000001,2012.56337502934
21.0170000000001,2011.61209532279
21.018,2011.66308738158
21.019,2012.27645448973
21.0200000000002,2012.93601726599
21.0210000000002,2013.28692844584
21.0220000000002,2012.97521479964
21.0230000000001,2011.33923857865
21.0240000000001,2010.99497464586
21.0250000000001,2012.81638398367
21.0260000000001,2017.38529167974
21.027,2024.77967210045
21.028,2033.97557976281
21.0290000000002,2042.37217477073
21.0300000000002,2051.13286423125
21.0310000000002,2059.42724172052
21.0320000000002,2066.96692820784
21.0330000000001,2074.3745274987
21.0340000000001,2082.79814395803
21.0350000000001,2093.37625189949
21.0360000000001,2111.98482596302
21.037,2142.39864568781
21.038,2187.73490091681
21.0390000000002,2249.84865937617
21.0400000000002,2328.3929415966
21.0410000000002,2420.56267576071
21.0420000000001,2526.02460736252
21.0430000000001,2641.72391076595
21.0440000000001,2764.64947723797
21.0450000000001,2892.47829405392
21.046,3023.2909636738
21.047,3155.3661202294
21.048,3290.88100651712
21.0490000000002,3429.24805194672
21.0500000000002,3567.99340521704
21.0510000000002,3701.82856236566
21.0520000000001,3821.55185960391
21.0530000000001,3914.36694541093
21.0540000000001,3969.07412552523
21.0550000000001,3972.2055638208
21.056,3912.07812623611
21.057,3780.89863785236
21.0580000000002,3575.7752241888
21.0590000000002,3299.82550628544
21.0600000000002,2965.98457768717
21.0610000000001,2590.58538136491
21.0620000000001,2193.30057917123
21.0630000000001,1794.72955367767
21.0640000000001,1413.2485086156
21.0650000000001,1063.31282591757
21.066,757.792698849508
21.067,502.490593900873
21.0680000000002,298.464627037778
21.0690000000002,143.21947875124
21.0700000000002,31.5157601293424
21.0710000000001,-42.5904534888436
21.0720000000001,-81.1142831587104
21.0730000000001,-86.4496144789333
21.0740000000001,-59.5340258572485
21.075,-0.34196561210575
21.076,90.4964813336174
21.0770000000002,211.413167394014
21.0780000000002,362.368590801508
21.0790000000002,539.565268028867
21.0800000000002,737.198798836862
21.0810000000001,947.841964207407
21.0820000000001,1162.30155052179
21.0830000000001,1371.2169002568
21.0840000000001,1568.82819214595
21.085,1748.8888962617
21.086,1906.75299878158
21.0870000000002,2039.4802338267
21.0880000000002,2144.87215343371
21.0890000000002,2222.17906151065
21.0900000000001,2274.57731998726
21.0910000000001,2304.3196916342
21.0920000000001,2314.20287699947
21.0930000000001,2307.39168499333
21.0940000000001,2286.37718708457
21.095,2253.97815296254
21.096,2215.78088063256
21.0970000000002,2175.49063802792
21.0980000000002,2136.44461529113
21.0990000000002,2101.42821881711
21.1000000000001,2071.52206240679
21.1010000000001,2047.38283700989
21.1020000000001,2031.60962435871
21.1030000000001,2024.20440551073
21.104,2024.46134061229
21.105,2031.13203292903
21.1060000000002,2041.4307261649
21.1070000000002,2053.09502381288
21.1080000000002,2066.76015116111
21.1090000000002,2081.03837443405
21.1100000000001,2094.69352101347
21.1110000000001,2106.74973159584
21.1120000000001,2115.1503586445
21.1130000000001,2119.24783343765
21.114,2121.71714967951
21.115,2122.90025160863
21.1160000000002,2123.12140206284
21.1170000000002,2122.67337420829
21.1180000000002,2120.37542143871
21.1190000000001,2116.15799067811
21.1200000000001,2112.68511140597
21.1210000000001,2110.1100314143
21.1220000000001,2108.38714873811
21.123,2107.3910635422
21.124,2106.03789815036
21.125,2103.92121525434
21.1260000000002,2102.83030012858
21.1270000000002,2103.30272862147
21.1280000000002,2105.78524809093
21.1290000000001,2110.47402272379
21.1300000000001,2116.52820305775
21.1310000000001,2122.84456632846
21.1320000000001,2129.63829712261
21.133,2136.38387175078
21.134,2142.55737182015
21.1350000000002,2147.66835262633
21.1360000000002,2150.602699647
21.1370000000002,2150.57959374765
21.1380000000001,2148.60661457808
21.1390000000001,2145.35386516523
21.1400000000001,2141.68309835814
21.1410000000001,2138.43330767454
21.1420000000001,2135.23980982959
21.143,2132.12600049721
21.144,2130.50495146989
21.1450000000002,2130.47875708538
21.1460000000002,2131.94386627281
21.1470000000002,2134.64122748151
21.1480000000001,2136.92394248207
21.1490000000001,2138.41008459882
21.1500000000001,2140.5848033023
21.1510000000001,2143.52850599092
21.152,2147.3158678242
21.153,2151.96159777132
21.1540000000002,2155.97393814147
21.1550000000002,2159.21583854121
21.1560000000002,2163.1574783518
21.1570000000002,2167.64697303238
21.1580000000001,2172.41988397529
21.1590000000001,2177.16023240506
21.1600000000001,2180.1866198595
21.1610000000001,2181.40675549627
21.162,2182.44044760376
21.163,2183.61825948746
21.1640000000002,2185.27114789364
21.1650000000002,2187.64906236167
21.1660000000002,2189.44400967803
21.1670000000001,2190.78508411872
21.1680000000001,2193.12052262938
21.1690000000001,2196.43408567634
21.1700000000001,2200.58120377993
21.171,2205.32739253946
21.172,2208.92537027479
21.173,2211.39901665476
21.1740000000002,2214.15869684159
21.1750000000002,2217.30760279572
21.1760000000002,2220.88802865618
21.1770000000001,2224.83220197956
21.1780000000001,2227.42411353999
21.1790000000001,2228.72408421335
21.1800000000001,2229.95383633221
21.181,2231.01744294114
21.182,2231.80499150578
21.1830000000002,2232.2335856915
21.1840000000002,2230.71690902018
21.1850000000002,2227.78208614633
21.1860000000001,2225.17743445798
21.1870000000001,2223.42022637617
21.1880000000001,2222.93181943916
21.1890000000001,2223.9447966671
21.1900000000001,2224.83871759931
21.191,2225.89967383356
21.192,2228.22911117962
21.1930000000002,2231.57465554704
21.1940000000002,2235.59484246192
21.1950000000002,2239.93630793658
21.1960000000001,2242.66691357035
21.1970000000001,2244.26503804163
21.1980000000001,2246.22564958298
21.1990000000001,2248.95765820304
21.2,2252.85086465856
21.201,2258.17410190715
21.2020000000002,2263.32423033785
21.2030000000002,2268.85966184849
21.2040000000002,2275.85664468685
21.2050000000002,2284.05127756481
21.2060000000001,2293.00041493502
21.2070000000001,2302.15309967372
21.2080000000001,2309.23101431461
21.2090000000001,2314.54556709767
21.21,2319.16586362098
21.211,2323.20246313653
21.2120000000002,2326.83875772121
21.2130000000002,2330.26764548732
21.2140000000002,2331.86237393455
21.2150000000001,2332.5897962159
21.2160000000001,2333.83270281987
21.2170000000001,2335.7847325437
21.2180000000001,2338.48453646116
21.2190000000001,2341.81814852568
21.22,2343.70687611116
21.221,2344.83266134296
21.2220000000002,2346.24129924339
21.2230000000002,2347.90757355582
21.2240000000002,2349.74781595071
21.2250000000001,2351.6066911701
21.2260000000001,2351.35801199771
21.2270000000001,2349.84513559261
21.2280000000001,2348.20973935546
21.229,2346.6085014746
21.23,2345.21046428716
21.2310000000002,2344.18955643679
21.2320000000002,2341.74207542295
21.2330000000002,2339.24381869949
21.2340000000002,2338.23165150011
21.2350000000001,2339.18929749271
21.2360000000001,2342.43809050529
21.2370000000001,2348.05995640324
21.2380000000001,2353.78721836739
21.239,2360.44795521365
21.24,2368.6889780786
21.2410000000002,2377.99282160026
21.2420000000002,2387.66751181709
21.2430000000002,2396.9037164998
21.2440000000001,2402.73375362188
21.2450000000001,2405.7975235702
21.2460000000001,2406.84070638016
21.2470000000001,2405.90136722278
21.248,2403.2108621034
21.249,2399.14306322743
21.25,2391.99054302639
21.2510000000002,2383.71371971805
21.2520000000002,2376.01593773352
21.2530000000002,2369.56987608955
21.2540000000001,2364.78729496252
21.2550000000001,2361.75294675023
21.2560000000001,2358.02395388549
21.2570000000001,2354.68576578911
21.258,2352.32871754974
21.259,2350.6557177923
21.2600000000002,2349.39152874762
21.2610000000002,2348.34234628985
21.2620000000002,2345.18157038103
21.2630000000001,2341.67391185753
21.2640000000001,2339.21379111161
21.2650000000001,2338.41064352752
21.2660000000001,2339.74750354486
21.2670000000001,2343.45607659936
21.268,2347.13164640298
21.269,2352.17816372281
21.2700000000002,2359.10807891975
21.2710000000002,2367.48787245728
21.2720000000002,2376.78366491004
21.2730000000001,2386.45194047791
21.2740000000001,2393.6755526799
21.2750000000001,2400.0471122864
21.2760000000001,2406.53485363406
21.277,2413.47660650941
21.278,2421.18629553739
21.2790000000002,2429.84029580205
21.2800000000002,2437.01551118998
21.2810000000002,2444.46603157705
21.2820000000002,2452.83723894871
21.2830000000001,2461.95976261385
21.2840000000001,2471.58922048978
21.2850000000001,2481.47912300851
21.2860000000001,2489.01425348998
21.287,2496.24950453084
21.288,2504.29381602708
21.2890000000002,2513.6507194413
21.2900000000002,2524.72370548667
21.2910000000002,2537.68652016806
21.2920000000001,2549.91437392865
21.2930000000001,2563.13732779287
21.2940000000001,2577.59699054818
21.2950000000001,2592.70721413889
21.296,2607.73012092141
21.297,2621.87961892358
21.298,2631.89961627659
21.2990000000002,2639.53817069467
21.3000000000002,2645.42070171355
21.3010000000002,2649.79371091178
21.3020000000001,2652.98042626947
21.3030000000001,2655.26996363433
21.3040000000001,2654.24022232328
21.3050000000001,2652.33504649399
21.306,2650.346196659
21.307,2648.403922267
21.3080000000002,2646.51629852465
21.3090000000002,2644.61535004737
21.3100000000002,2639.98635234656
21.3110000000001,2635.11174455057
21.3120000000001,2630.90460628466
21.3130000000001,2627.82279430311
21.3140000000001,2626.24826687356
21.3150000000001,2626.39295463118
21.316,2625.56061059218
21.317,2626.08386262775
21.3180000000002,2628.31206868392
21.3190000000002,2631.95880004915
21.3200000000002,2636.55537125291
21.3210000000001,2641.50250081482
21.3220000000001,2643.41741108811
21.3230000000001,2644.38138953319
21.3240000000001,2644.68797144116
21.325,2644.34947936477
21.326,2643.43185399883
21.3270000000002,2641.99654669179
21.3280000000002,2637.29903357678
21.3290000000002,2632.09024359719
21.3300000000002,2627.05033893593
21.3310000000001,2622.45469908692
21.3320000000001,2618.48314254987
21.3330000000001,2615.20487263635
21.3340000000001,2609.77743859662
21.335,2605.00050347161
21.336,2601.43718145822
21.3370000000002,2599.27874780146
21.3380000000002,2598.59452090642
21.3390000000002,2599.29512852967
21.3400000000001,2598.26223411503
21.3410000000001,2598.13723670874
21.3420000000001,2599.12215109942
21.3430000000001,2601.09278814411
21.3440000000001,2603.85911277678
21.345,2607.17606769537
21.346,2607.8386245306
21.3470000000002,2608.72924733628
21.3480000000002,2610.21652387778
21.3490000000002,2612.43014025962
21.3500000000001,2615.41578862835
21.3510000000001,2619.08706973954
21.3520000000001,2620.22336662258
21.3530000000001,2621.74871754701
21.354,2623.78481606488
21.355,2626.19348435445
21.3560000000002,2628.75699086813
21.3570000000002,2631.19948792172
21.3580000000002,2630.16689105376
21.3590000000002,2628.82569030962
21.3600000000001,2627.47940962114
21.3610000000001,2626.31454225574
21.3620000000001,2625.48444277594
21.3630000000001,2625.07207333744
21.364,2621.97515762863
21.365,2619.66692654149
21.3660000000002,2618.48652077605
21.3670000000002,2618.60103986623
21.3680000000002,2620.07270975812
21.3690000000001,2622.85478927133
21.3700000000001,2623.65992695284
21.3710000000001,2625.90929494535
21.3720000000001,2629.74269214607
21.373,2635.14130669109
21.374,2641.9210687393
21.375,2649.66456054505
21.3760000000002,2654.78907184473
21.3770000000002,2660.21853415874
21.3780000000002,2665.66792592523
21.3790000000001,2670.78568485844
21.3800000000001,2675.22030046599
21.3810000000001,2678.56062041146
21.3820000000001,2677.60730119491
21.383,2675.76098372924
21.384,2673.39190484833
21.3850000000002,2670.85304776436
21.3860000000002,2668.43717703822
21.3870000000002,2666.17311538931
21.3880000000001,2661.21721879099
21.3890000000001,2656.95489598248
21.3900000000001,2653.57216706936
21.3910000000001,2651.10082196351
21.3920000000001,2649.46710007722
21.393,2648.33117155562
21.394,2644.73157737249
21.3950000000002,2641.91614935825
21.3960000000002,2640.10277704989
21.3970000000002,2639.41159869566
21.3980000000001,2639.83716260688
21.3990000000001,2640.97317174191
21.4000000000001,2639.80845225351
21.4010000000001,2639.26648210297
21.402,2639.21998496714
21.403,2639.4541530922
21.4040000000002,2639.73079326016
21.4050000000002,2639.54447911188
21.4060000000002,2636.15695409643
21.4070000000002,2632.79713423706
21.4080000000001,2629.81828365907
21.4090000000001,2627.50740230357
21.4100000000001,2626.03309327184
21.4110000000001,2625.05825014861
21.412,2621.91214451621
21.413,2619.5121211389
21.4140000000002,2617.76508997098
21.4150000000002,2616.45233581218
21.4160000000002,2615.31025176703
21.4170000000001,2613.71517502094
21.4180000000001,2609.11546461205
21.4190000000001,2604.69713034612
21.4200000000001,2600.8863818596
21.421,2598.08575498025
21.422,2596.61066773431
21.423,2596.18895553319
21.4240000000002,2594.4788517549
21.4250000000002,2594.40596425477
21.4260000000002,2595.88641463624
21.4270000000001,2598.61093843594
21.4280000000001,2602.11838285234
21.4290000000001,2605.4071861126
21.4300000000001,2605.80403755907
21.431,2605.96650697572
21.432,2605.93515624392
21.4330000000002,2605.8049830169
21.4340000000002,2605.71305303532
21.4350000000002,2605.29633747246
21.4360000000001,2602.65759771147
21.4370000000001,2600.84462145685
21.4380000000001,2600.11971017105
21.4390000000001,2600.54798597077
21.4400000000001,2602.01941715323
21.441,2603.73583413569
21.442,2603.46210654394
21.4430000000002,2603.81682676416
21.4440000000002,2604.78755532298
21.4450000000002,2606.33279328741
21.4460000000001,2608.41165680573
21.4470000000001,2610.39691247308
21.4480000000001,2610.44679447706
21.4490000000001,2611.40700742969
21.45,2613.45566658492
21.451,2616.58409296254
21.4520000000002,2620.59228791911
21.4530000000002,2624.47350656742
21.4540000000002,2626.02845750516
21.4550000000002,2627.5120015637
21.4560000000001,2628.64118667975
21.4570000000001,2629.1161734486
21.4580000000001,2628.69791807325
21.4590000000001,2626.5937535688
21.46,2621.24175006793
21.461,2615.55731855101
21.4620000000002,2610.06027748933
21.4630000000002,2605.19921331133
21.4640000000002,2601.29795304281
21.4650000000001,2597.80270776716
21.4660000000001,2593.20451966754
21.4670000000001,2590.02098774074
21.4680000000001,2588.19973942189
21.4690000000001,2587.5214731459
21.47,2587.68617876129
21.471,2587.62863041697
21.4720000000002,2585.68222005431
21.4730000000002,2584.41608482664
21.4740000000002,2584.06445148178
21.4750000000001,2584.79872382178
21.4760000000001,2586.66671034843
21.4770000000001,2588.66132075574
21.4780000000001,2588.92343728229
21.479,2589.75732885688
21.48,2590.80543152446
21.4810000000002,2591.49820095215
21.4820000000002,2591.11782681736
21.4830000000002,2587.79843414392
21.4840000000002,2578.99599306367
21.4850000000001,2567.5049792378
21.4860000000001,2553.68286376335
21.4870000000001,2538.10874332523
21.4880000000001,2521.47054832182
21.489,2503.23434472217
21.49,2482.11903304283
21.4910000000002,2461.93084688737
21.4920000000002,2443.58138077035
21.4930000000002,2427.7888465908
21.4940000000001,2415.02617420497
21.4950000000001,2404.48001371962
21.4960000000001,2394.85098889509
21.4970000000001,2388.43271907644
21.498,2384.95074856802
21.499,2383.86848755691
21.5,2384.46743629244
21.5010000000002,2385.29432052473
21.5020000000002,2385.18413270354
21.5030000000002,2385.01496533669
21.5040000000001,2384.06643044634
21.5050000000001,2381.73255408792
21.5060000000001,2377.70304887445
21.5070000000001,2371.57429899432
21.508,2363.84990701921
21.509,2356.51189582015
21.5100000000002,2350.08709390902
21.5110000000002,2344.80173991577
21.5120000000002,2340.55993423497
21.5130000000001,2336.34400200623
21.5140000000001,2331.47540880805
21.5150000000001,2326.82405943044
21.5160000000001,2321.75373398257
21.5170000000001,2315.78557960507
21.518,2308.83181428487
21.519,2300.35677967838
21.5200000000002,2290.81476131248
21.5210000000002,2283.52685256372
21.5220000000002,2279.90687537132
21.5230000000001,2280.93140762635
21.5240000000001,2286.89432165665
21.5250000000001,2296.16871686613
21.5260000000001,2307.03887687934
21.527,2320.36507162378
21.528,2335.17032109106
21.5290000000002,2351.10471723254
21.5300000000002,2368.91092662588
21.5310000000002,2389.53515688417
21.5320000000002,2415.9237760019
21.5330000000001,2454.5542573229
21.5340000000001,2510.21409551404
21.5350000000001,2586.97628625389
21.5360000000001,2687.35005054292
21.537,2810.47115329982
21.538,2953.68908064979
21.5390000000002,3114.06752946359
21.5400000000002,3284.63809118279
21.5410000000002,3456.83971213499
21.5420000000001,3621.41133094435
21.5430000000001,3768.10893107085
21.5440000000001,3888.52908307484
21.5450000000001,3977.75888267978
21.546,4030.54315559058
21.547,4042.8747153876
21.548,4011.8128405819
21.5490000000002,3934.13423254918
21.5500000000002,3808.5728059736
21.5510000000002,3637.02395774976
21.5520000000001,3421.10705468407
21.5530000000001,3164.22458829122
21.5540000000001,2871.94609175592
21.5550000000001,2550.96232434589
21.556,2211.24466489849
21.557,1866.25631579969
21.5580000000002,1528.48759238604
21.5590000000002,1209.88203184867
21.5600000000002,920.742180125708
21.5610000000001,667.631273996286
21.5620000000001,455.367836940743
21.5630000000001,287.561696726995
21.5640000000001,163.74441574424
21.5650000000001,81.6652786519999
21.566,38.2625998299417
21.567,29.3069337214665
21.5680000000002,52.6062798830441
21.5690000000002,108.472164029136
21.5700000000002,196.34162183463
21.5710000000001,315.62036141716
21.5720000000001,464.935615063529
21.5730000000001,640.157648133603
21.5740000000001,836.648005707135
21.575,1049.20890496379
21.576,1269.46605667357
21.5770000000002,1487.95777135557
21.5780000000002,1695.10913605338
21.5790000000002,1880.97484312188
21.5800000000002,2038.9856702788
21.5810000000001,2166.382902689
21.5820000000001,2261.67356769616
21.5830000000001,2325.79273622679
21.5840000000001,2361.63561262325
21.585,2372.08206223689
21.586,2362.25331543433
21.5870000000002,2338.47155466703
21.5880000000002,2305.21837510253
21.5890000000002,2266.17310221363
21.5900000000001,2224.18913245718
21.5910000000001,2180.05243487419
21.5920000000001,2135.84741340288
21.5930000000001,2094.447591824
21.5940000000001,2057.18697875451
21.595,2025.16998444706
21.596,1999.25496808863
21.5970000000002,1978.47137572571
21.5980000000002,1963.60436118737
21.5990000000002,1955.99508325206
21.6000000000001,1955.07190553612
21.6010000000001,1959.77878452687
21.6020000000001,1968.72399660174
21.6030000000001,1978.51023102603
21.604,1988.59820744588
21.605,1999.44327462285
21.6060000000002,2009.94367272109
21.6070000000002,2019.16580377412
21.6080000000002,2026.44627294354
21.6090000000002,2029.46545074329
21.6100000000001,2029.35644765871
21.6110000000001,2028.14556007581
21.6120000000001,2026.13196746822
21.6130000000001,2023.50345242894
21.614,2020.36388881359
21.615,2015.1433424498
21.6160000000002,2008.7049828132
21.6170000000002,2002.48840619942
21.6180000000002,1996.56238234334
21.6190000000001,1990.85637163897
21.6200000000001,1985.21472252292
21.6210000000001,1978.41396289628
21.6220000000001,1970.58026069268
21.623,1962.65288522126
21.624,1955.07769775015
21.625,1948.34281660799
21.6260000000002,1942.85339445345
21.6270000000002,1937.99815576667
21.6280000000002,1933.7974606547
21.6290000000001,1930.81461902462
21.6300000000001,1929.12605166353
21.6310000000001,1928.6915763075
21.6320000000001,1929.30879126909
21.633,1929.58453560691
21.634,1929.29765107241
21.6350000000002,1928.79488677978
21.6360000000002,1927.97352841261
21.6370000000002,1926.78884508052
21.6380000000001,1925.19797389102
21.6390000000001,1921.64752934666
21.6400000000001,1916.82803033726
21.6410000000001,1911.69985730743
21.6420000000001,1906.3681976123
21.643,1900.93059035385
21.644,1895.49829072476
21.6450000000002,1888.49939531457
21.6460000000002,1881.25411546655
21.6470000000002,1875.18048935193
21.6480000000001,1870.66926204951
21.6490000000001,1867.9814891625
21.6500000000001,1867.22073020947
21.6510000000001,1866.62980476913
21.652,1867.12631829339
21.653,1869.48453745618
21.6540000000002,1873.44097092078
21.6550000000002,1878.5941617556
21.6560000000002,1884.45940887654
21.6570000000002,1888.89677458919
21.6580000000001,1892.55934299217
21.6590000000001,1896.1159429938
21.6600000000001,1899.50391552905
21.6610000000001,1902.6823310563
21.662,1905.606583178
21.663,1906.55417482114
21.6640000000002,1906.61161396025
21.6650000000002,1906.66788614042
21.6660000000002,1906.8022287723
21.6670000000001,1907.01516648556
21.6680000000001,1907.23857675784
21.6690000000001,1905.65149281908
21.6700000000001,1903.41087759161
21.671,1901.39338523647
21.672,1899.73439275428
21.673,1898.52898424897
21.6740000000002,1897.82113547524
21.6750000000002,1895.86537436148
21.6760000000002,1893.94525405934
21.6770000000001,1892.8942294333
21.6780000000001,1892.76554802811
21.6790000000001,1893.49784566122
21.6800000000001,1894.91998948988
21.681,1895.02228887752
21.682,1894.89733505595
21.6830000000002,1895.1312108375
21.6840000000002,1895.64007175271
21.6850000000002,1896.31400822995
21.6860000000001,1897.02928697418
21.6870000000001,1895.94552557195
21.6880000000001,1894.39946411774
21.6890000000001,1893.1737057205
21.6900000000001,1892.45770104199
21.691,1892.41316382213
21.692,1893.16115385575
21.6930000000002,1893.04435311669
21.6940000000002,1893.57562998473
21.6950000000002,1895.51822227688
21.6960000000001,1898.96790677617
21.6970000000001,1903.87210493739
21.6980000000001,1910.02117067469
21.6990000000001,1915.27161088006
21.7,1920.73371271511
21.701,1926.66832338316
21.7020000000002,1932.75130130247
21.7030000000002,1938.6176659294
21.7040000000002,1943.89092871951
21.7050000000002,1946.34479839911
21.7060000000001,1947.33171104398
21.7070000000001,1947.40615843574
21.7080000000001,1946.65700888836
21.7090000000001,1945.16419433453
21.71,1942.96947607603
21.711,1938.21835624906
21.7120000000002,1932.56816098058
21.7130000000002,1926.72118944741
21.7140000000002,1920.92848698801
21.7150000000001,1915.44514219264
21.7160000000001,1910.52896336433
21.7170000000001,1904.55706291565
21.7180000000001,1899.50144231649
21.7190000000001,1896.17693959151
21.72,1894.79234498843
21.721,1895.29409039291
21.7220000000002,1897.33431067916
21.7230000000002,1898.38873341562
21.7240000000002,1899.51621086277
21.7250000000001,1900.55579446595
21.7260000000001,1901.0334013872
21.7270000000001,1900.66427259753
21.7280000000001,1899.43029437809
21.729,1895.65590441146
21.73,1891.74351321375
21.7310000000002,1888.89942151956
21.7320000000002,1887.83970099349
21.7330000000002,1888.93523737016
21.7340000000002,1892.06050144088
21.7350000000001,1894.58361977013
21.7360000000001,1897.33984701069
21.7370000000001,1899.49749431465
21.7380000000001,1899.83341030781
21.739,1897.3067874016
21.74,1891.28341370354
21.7410000000002,1879.68416189184
21.7420000000002,1865.04575883131
21.7430000000002,1848.89263083944
21.7440000000001,1832.67614616991
21.7450000000001,1817.77245650178
21.7460000000001,1805.22008012039
21.7470000000001,1793.53030258234
21.748,1784.81177398307
21.749,1779.15258166551
21.75,1776.1125185018
21.7510000000002,1775.20653269923
21.7520000000002,1776.12225644474
21.7530000000002,1776.82047933291
21.7540000000001,1779.81827608808
21.7550000000001,1786.17268130236
21.7560000000001,1796.66532138456
21.7570000000001,1811.71442343715
21.758,1831.10454905745
21.759,1851.75266004664
21.7600000000002,1874.15309902346
21.7610000000002,1896.43569991849
21.7620000000002,1916.26771825347
21.7630000000001,1931.43705282226
21.7640000000001,1940.24799936259
21.7650000000001,1939.68653547833
21.7660000000001,1932.24425577006
21.7670000000001,1919.43710616713
21.768,1903.30667323726
21.769,1886.19462172594
21.7700000000002,1870.3147950782
21.7710000000002,1855.17933993479
21.7720000000002,1844.19580369314
21.7730000000001,1837.89297229278
21.7740000000001,1835.87152148804
21.7750000000001,1837.12236223829
21.7760000000001,1840.30837089502
21.777,1841.87089470562
21.778,1843.17438898067
21.7790000000002,1843.86957422286
21.7800000000002,1843.9057477122
21.7810000000002,1843.52022608758
21.7820000000002,1843.07493872054
21.7830000000001,1840.69052000883
21.7840000000001,1839.03685666847
21.7850000000001,1838.35765135366
21.7860000000001,1838.5717005371
21.787,1839.38120240276
21.788,1840.3719706967
21.7890000000002,1838.91055763845
21.7900000000002,1837.28817678628
21.7910000000002,1835.67111434392
21.7920000000001,1834.31980988553
21.7930000000001,1833.5329259389
21.7940000000001,1833.5148577713
21.7950000000001,1832.18949802807
21.796,1832.02328561202
21.797,1833.02035906021
21.798,1834.95586245678
21.7990000000002,1837.44360852831
21.8000000000002,1839.94091523739
21.8010000000002,1839.85320740568
21.8020000000001,1839.32688102875
21.8030000000001,1838.39534798982
21.8040000000001,1837.16659489514
21.8050000000001,1835.79899431836
21.806,1834.3450514717
21.807,1830.88115837422
21.8080000000002,1827.88566481914
21.8090000000002,1825.60907928774
21.8100000000002,1824.1714550708
21.8110000000001,1823.57890328289
21.8120000000001,1823.6060656999
21.8130000000001,1822.1357816413
21.8140000000001,1821.40224742174
21.8150000000001,1821.55183564617
21.816,1822.70506849874
21.817,1824.94663104188
21.8180000000002,1828.12519940972
21.8190000000002,1830.24318286409
21.8200000000002,1833.58176005236
21.8210000000001,1838.2134355338
21.8220000000001,1844.07587584742
21.8230000000001,1850.974124054
21.8240000000001,1858.36978908799
21.825,1863.92286995239
21.826,1869.57934535582
21.8270000000002,1875.07290286964
21.8280000000002,1880.07825239524
21.8290000000002,1884.25111360503
21.8300000000002,1887.01661993866
21.8310000000001,1886.28168725373
21.8320000000001,1884.21158077755
21.8330000000001,1880.98068198956
21.8340000000001,1876.80536220039
21.835,1871.93034608011
21.836,1866.32815989355
21.8370000000002,1858.50233018259
21.8380000000002,1850.95869344624
21.8390000000002,1844.12706825657
21.8400000000001,1838.32761255315
21.8410000000001,1833.76258487475
21.8420000000001,1830.20149154027
21.8430000000001,1825.93986025385
21.8440000000001,1823.1461233815
21.845,1821.90775542368
21.846,1822.20534176595
21.8470000000002,1823.92306223099
21.8480000000002,1826.51413963515
21.8490000000002,1828.10795944338
21.8500000000001,1830.63495858726
21.8510000000001,1834.03246995447
21.8520000000001,1838.18685642289
21.8530000000001,1842.94736008314
21.854,1847.76619902905
21.855,1850.96177227279
21.8560000000002,1854.47677533201
21.8570000000002,1858.32713796836
21.8580000000002,1862.45582073719
21.8590000000002,1866.7368768447
21.8600000000001,1870.5940203509
21.8610000000001,1872.43522194243
21.8620000000001,1874.14821838241
21.8630000000001,1875.79585193844
21.864,1877.45156570868
21.865,1879.22111336354
21.8660000000002,1880.82431802282
21.8670000000002,1881.12572667605
21.8680000000002,1882.32859499759
21.8690000000001,1884.75218839852
21.8700000000001,1888.54525630002
21.8710000000001,1893.65138957305
21.8720000000001,1899.34808978707
21.873,1903.94648072288
21.874,1908.86536588483
21.875,1913.68676323182
21.8760000000002,1917.97258589875
21.8770000000002,1921.35339549501
21.8780000000002,1923.11463526766
21.8790000000001,1922.03781241626
21.8800000000001,1920.20611290801
21.8810000000001,1918.06811797502
21.8820000000001,1916.05911993361
21.883,1914.52185930185
21.884,1913.12026615723
21.8850000000002,1910.7379370195
21.8860000000002,1909.14348259907
21.8870000000002,1908.20245045325
21.8880000000001,1907.638573212
21.8890000000001,1907.12747679717
21.8900000000001,1905.83099191207
21.8910000000001,1902.53865953019
21.8920000000001,1899.23630904975
21.893,1896.32210631216
21.894,1894.24661944312
21.8950000000002,1893.43856716999
21.8960000000002,1893.58297301184
21.8970000000002,1893.70577392308
21.8980000000001,1895.79223165665
21.8990000000001,1899.77517121669
21.9000000000001,1905.27249485236
21.9010000000001,1911.61250563249
21.902,1917.11761417818
21.903,1919.45816371429
21.9040000000002,1920.04792629864
21.9050000000002,1918.52346916153
21.9060000000002,1914.7152866445
21.9070000000002,1908.62730643
21.9080000000001,1899.41872440664
21.9090000000001,1885.73771395764
21.9100000000001,1870.63065076475
21.9110000000001,1855.0591310789
21.912,1839.93886181684
21.913,1825.98205102136
21.9140000000002,1812.63677220187
21.9150000000002,1798.61750471686
21.9160000000002,1786.12187166758
21.9170000000001,1775.17810556822
21.9180000000001,1765.72353371812
21.9190000000001,1757.67710329976
21.9200000000001,1750.37299353464
21.921,1743.2631544569
21.922,1737.85667089845
21.923,1734.16243589576
21.9240000000002,1732.02381019731
21.9250000000002,1731.13817625326
21.9260000000002,1730.72853691164
21.9270000000001,1730.32040219346
21.9280000000001,1730.33557507467
21.9290000000001,1730.16484762968
21.9300000000001,1729.25058192512
21.931,1727.26867629657
21.932,1723.88012402414
21.9330000000002,1719.54877130355
21.9340000000002,1715.82716301848
21.9350000000002,1713.30859650433
21.9360000000001,1712.39705641327
21.9370000000001,1713.23510425303
21.9380000000001,1715.11110123797
21.9390000000001,1717.46503418091
21.9400000000001,1720.91741040613
21.941,1724.77016435784
21.942,1728.32122755659
21.9430000000002,1731.0800189133
21.9440000000002,1732.09665707422
21.9450000000002,1731.33387980444
21.9460000000001,1731.41353883072
21.9470000000001,1733.87932162042
21.9480000000001,1740.44004910654
21.9490000000001,1752.75435098004
21.95,1771.29332027704
21.951,1796.66024916224
21.9520000000002,1831.29161546295
21.9530000000002,1875.78287660989
21.9540000000002,1930.47600681652
21.9550000000002,1995.61372193866
21.9560000000001,2070.55953831225
21.9570000000001,2155.37612652521
21.9580000000001,2252.1106998791
21.9590000000001,2361.25045104637
21.96,2482.7773534198
21.961,2615.8043159581
21.9620000000002,2757.29362086429
21.9630000000002,2903.40776051449
21.9640000000002,3050.43712477384
21.9650000000001,3191.71833544388
21.9660000000001,3319.22814556676
21.9670000000001,3424.09585245728
21.9680000000001,3496.32695801263
21.9690000000001,3527.36858829054
21.97,3511.82095754931
21.971,3445.09882607804
21.9720000000002,3325.27242651777
21.9730000000002,3153.40265875913
21.9740000000002,2932.62714041993
21.9750000000001,2669.82919668395
21.9760000000001,2375.93824202763
21.9770000000001,2062.34277895836
21.9780000000001,1741.28559454608
21.979,1424.9536713553
21.98,1123.58220080484
21.9810000000002,846.625458182691
21.9820000000002,602.741025461642
21.9830000000002,396.701615512565
21.9840000000002,230.511715593672
21.9850000000001,103.646487234656
21.9860000000001,12.5372533629548
21.9870000000001,-46.6505408517929
21.9880000000001,-76.8171891732655
21.989,-81.7491803204721
21.99,-64.3708279674288
21.9910000000002,-26.3942629771735
21.9920000000002,30.6593583081818
21.9930000000002,107.355571527746
21.9940000000001,205.987811135098
21.9950000000001,327.387418151195
21.9960000000001,471.27718550588
21.9970000000001,635.655385297496
21.998,815.369542514119
21.999,1004.44931592208
22,1196.52665758593
22.0010000000002,1383.20930088362
22.0020000000002,1556.0690325279
22.0030000000002,1707.59945754643
22.0040000000001,1830.93147966065
22.0050000000001,1922.88429993212
22.0060000000001,1984.03165556136
22.0070000000001,2016.31965629722
22.008,2023.64717995247
22.009,2011.16443132565
22.0100000000002,1983.32025922152
22.0110000000002,1945.76558377806
22.0120000000002,1904.42689060932
22.0130000000001,1863.05612525416
22.0140000000001,1824.19789000883
22.0150000000001,1789.32305910066
22.0160000000001,1757.81504920966
22.0170000000001,1730.27838320144
22.018,1708.07507416053
22.019,1691.37267417874
22.0200000000002,1680.29640551985
22.0210000000002,1674.8813785209
22.0220000000002,1673.45331518419
22.0230000000001,1676.24598204752
22.0240000000001,1683.9680606823
22.0250000000001,1695.58938911665
22.0260000000001,1709.73911681678
22.027,1724.90885825843
22.028,1737.88101140438
22.0290000000002,1748.53429034192
22.0300000000002,1757.81288501115
22.0310000000002,1765.43258978177
22.0320000000002,1771.35742010084
22.0330000000001,1775.76889976651
22.0340000000001,1777.27257393122
22.0350000000001,1777.19593399812
22.0360000000001,1777.37364617905
22.037,1778.04940596425
22.038,1779.19079588617
22.0390000000002,1780.56977662866
22.0400000000002,1780.66715456869
22.0410000000002,1779.6045049811
22.0420000000001,1778.25174165901
22.0430000000001,1776.82034151384
22.0440000000001,1775.56703475542
22.0450000000001,1774.70725986427
22.046,1773.50440321632
22.047,1771.97013052626
22.048,1770.76700696928
22.0490000000002,1770.16493071848
22.0500000000002,1770.39982767835
22.0510000000002,1771.59722262426
22.0520000000001,1772.88381657696
22.0530000000001,1774.13894333923
22.0540000000001,1775.85229458114
22.0550000000001,1778.16841515475
22.056,1781.21586054156
22.057,1785.02303970204
22.0580000000002,1788.35552577956
22.0590000000002,1791.33632965617
22.0600000000002,1794.51006879039
22.0610000000001,1797.87051028853
22.0620000000001,1801.40718746089
22.0630000000001,1805.0726127251
22.0640000000001,1807.25588447096
22.0650000000001,1808.68309606829
22.066,1810.25259694251
22.067,1812.01811626871
22.0680000000002,1813.97962618817
22.0690000000002,1816.08273481298
22.0700000000002,1816.60170724102
22.0710000000001,1816.46275525097
22.0720000000001,1816.63149841204
22.0730000000001,1817.20101293752
22.0740000000001,1818.2002682725
22.075,1819.59296087936
22.076,1819.70833336173
22.0770000000002,1819.45270827856
22.0780000000002,1819.73541455256
22.0790000000002,1820.70453957883
22.0800000000002,1822.46133596775
22.0810000000001,1825.04035987149
22.0820000000001,1826.81967076797
22.0830000000001,1828.74350666408
22.0840000000001,1831.64324189496
22.085,1835.59365132874
22.086,1840.57063164857
22.0870000000002,1846.43247729355
22.0880000000002,1851.29449183209
22.0890000000002,1855.96399799502
22.0900000000001,1861.02774183652
22.0910000000001,1866.38026631255
22.0920000000001,1871.89370246068
22.0930000000001,1877.42178996489
22.0940000000001,1881.13243359513
22.095,1884.11075730981
22.096,1887.15217527361
22.0970000000002,1890.38070390262
22.0980000000002,1893.84709752938
22.0990000000002,1897.49612501013
22.1000000000001,1899.45093498728
22.1010000000001,1900.7610998069
22.1020000000001,1902.02200749511
22.1030000000001,1903.18136598882
22.104,1904.16440682666
22.105,1904.89213333597
22.1060000000002,1903.57317481734
22.1070000000002,1901.55928388343
22.1080000000002,1899.74435036179
22.1090000000002,1898.4480303852
22.1100000000001,1897.93360822265
22.1110000000001,1898.357476193
22.1120000000001,1897.99502737496
22.1130000000001,1898.17431627314
22.114,1899.50965194853
22.115,1901.97192764825
22.1160000000002,1905.43934253712
22.1170000000002,1909.71763277849
22.1180000000002,1912.80067081265
22.1190000000001,1915.94208109411
22.1200000000001,1919.68170130773
22.1210000000001,1924.02165475513
22.1220000000001,1928.89436722231
22.123,1934.13429052518
22.124,1937.67899763967
22.125,1940.76716712068
22.1260000000002,1943.77741200737
22.1270000000002,1946.59581126448
22.1280000000002,1949.11488087128
22.1290000000001,1951.25831734887
22.1300000000001,1951.17376328244
22.1310000000001,1950.55738391649
22.1320000000001,1950.22192489744
22.133,1950.51194954057
22.134,1951.67140185453
22.1350000000002,1953.78001671101
22.1360000000002,1954.8419601625
22.1370000000002,1956.29496401112
22.1380000000001,1958.39568696202
22.1390000000001,1960.86722387174
22.1400000000001,1963.36074516118
22.1410000000001,1965.51246784168
22.1420000000001,1965.05396079881
22.143,1963.60432178826
22.144,1961.76581361779
22.1450000000002,1959.83600443169
22.1460000000002,1958.1271683726
22.1470000000002,1956.89105413359
22.1480000000001,1954.23342567627
22.1490000000001,1952.08916689662
22.1500000000001,1950.98462329779
22.1510000000001,1950.92690797344
22.152,1951.76944669518
22.153,1953.23555625941
22.1540000000002,1952.86319738944
22.1550000000002,1952.32317203587
22.1560000000002,1951.91931893842
22.1570000000002,1951.64514844557
22.1580000000001,1951.49173560601
22.1590000000001,1951.41377115613
22.1600000000001,1949.14913875648
22.1610000000001,1946.68679084127
22.162,1944.44554387276
22.163,1942.46986713891
22.1640000000002,1940.71673831371
22.1650000000002,1939.05224432592
22.1660000000002,1935.07484898226
22.1670000000001,1930.77699728972
22.1680000000001,1926.52079187708
22.1690000000001,1922.39342666797
22.1700000000001,1918.45397800643
22.171,1914.71017687873
22.172,1908.89540750616
22.173,1903.20146952018
22.1740000000002,1898.04878514656
22.1750000000002,1893.56666142518
22.1760000000002,1889.80289105927
22.1770000000001,1886.7095792463
22.1780000000001,1881.91793102633
22.1790000000001,1877.59315033264
22.1800000000001,1874.02432665717
22.181,1871.26308214865
22.182,1869.30949532144
22.1830000000002,1868.10495606
22.1840000000002,1865.27999125202
22.1850000000002,1863.14479252845
22.1860000000001,1862.04015102731
22.1870000000001,1862.11795353458
22.1880000000001,1863.48064910173
22.1890000000001,1866.15981173324
22.1900000000001,1867.81039456466
22.191,1870.84668230645
22.192,1875.53732727537
22.1930000000002,1881.93137458966
22.1940000000002,1889.96393553382
22.1950000000002,1899.44387584196
22.1960000000001,1907.73530165225
22.1970000000001,1917.05179007579
22.1980000000001,1927.3657659857
22.1990000000001,1938.50512464828
22.2,1950.24659907777
22.201,1962.31813169956
22.2020000000002,1972.05572034113
22.2030000000002,1981.82638091643
22.2040000000002,1991.70255036245
22.2050000000002,2001.68414154852
22.2060000000001,2011.73300299502
22.2070000000001,2021.75201412464
22.2080000000001,2029.19579211222
22.2090000000001,2036.6013541571
22.21,2044.06397821982
22.211,2051.59720389948
22.2120000000002,2059.14027767984
22.2130000000002,2066.51477140787
22.2140000000002,2071.18388589912
22.2150000000001,2075.61063859492
22.2160000000001,2079.86313461142
22.2170000000001,2083.95375639061
22.2180000000001,2087.84682402572
22.2190000000001,2091.37546230573
22.22,2092.13392984241
22.221,2092.61824578285
22.2220000000002,2092.95622046652
22.2230000000002,2093.20830232236
22.2240000000002,2093.37090554083
22.2250000000001,2093.25781272764
22.2260000000001,2090.54141301814
22.2270000000001,2087.66914242521
22.2280000000001,2084.75779282441
22.229,2081.86012087542
22.23,2078.97280813291
22.2310000000002,2075.88733490915
22.2320000000002,2070.37251850063
22.2330000000002,2064.88786056208
22.2340000000002,2059.62663547095
22.2350000000001,2054.73952872009
22.2360000000001,2050.33371221073
22.2370000000001,2046.27727625035
22.2380000000001,2040.51213657244
22.239,2035.51901615431
22.24,2031.51968260976
22.2410000000002,2028.64217567208
22.2420000000002,2026.9124543626
22.2430000000002,2026.02462791938
22.2440000000001,2023.80430583185
22.2450000000001,2022.46815401869
22.2460000000001,2022.00390579637
22.2470000000001,2022.31756249944
22.248,2023.24559916558
22.249,2024.30684098851
22.25,2023.31375127968
22.2510000000002,2022.44235852935
22.2520000000002,2021.73139806307
22.2530000000002,2021.1922837351
22.2540000000001,2020.80722310895
22.2550000000001,2020.22804904323
22.2560000000001,2017.50914924283
22.2570000000001,2014.98796476582
22.258,2012.85421893051
22.259,2011.24347591273
22.2600000000002,2010.23348630693
22.2610000000002,2009.50370729686
22.2620000000002,2007.20433279804
22.2630000000001,2005.6994628742
22.2640000000001,2005.16333148961
22.2650000000001,2005.68318635443
22.2660000000001,2007.25548049562
22.2670000000001,2009.40316757285
22.268,2010.18114993697
22.269,2011.78413015212
22.2700000000002,2014.17647225264
22.2710000000002,2017.21772486837
22.2720000000002,2020.68020726419
22.2730000000001,2023.85289750583
22.2740000000001,2024.72214511742
22.2750000000001,2025.43191719148
22.2760000000001,2026.00461194087
22.277,2026.47181174615
22.278,2026.88738564771
22.2790000000002,2026.87154785342
22.2800000000002,2024.90597945048
22.2810000000002,2023.51627319628
22.2820000000002,2023.06102215857
22.2830000000001,2023.78415497262
22.2840000000001,2025.78891066838
22.2850000000001,2028.52915183452
22.2860000000001,2030.26662647644
22.287,2033.05796162253
22.288,2036.75354458358
22.2890000000002,2041.08736039063
22.2900000000002,2045.72540839769
22.2910000000002,2049.78808425459
22.2920000000001,2051.50217377686
22.2930000000001,2052.95037496003
22.2940000000001,2054.23786357425
22.2950000000001,2055.49089521655
22.296,2056.84101138427
22.297,2057.84014953881
22.298,2057.18622306223
22.2990000000002,2057.18591646316
22.3000000000002,2058.05775017585
22.3010000000002,2059.87360295449
22.3020000000001,2062.55771235144
22.3030000000001,2065.30317060929
22.3040000000001,2066.49415542038
22.3050000000001,2068.02550927929
22.306,2069.80738192744
22.307,2071.71538817603
22.3080000000002,2073.61437740734
22.3090000000002,2074.73942325596
22.3100000000002,2073.74505689954
22.3110000000001,2072.77693362336
22.3120000000001,2072.06098496048
22.3130000000001,2071.7715625118
22.3140000000001,2072.01052059916
22.3150000000001,2072.12025326081
22.316,2070.86867070499
22.317,2070.31970890161
22.3180000000002,2070.5795072377
22.3190000000002,2071.66526934191
22.3200000000002,2073.51657286944
22.3210000000001,2075.29521146003
22.3220000000001,2075.7285477491
22.3230000000001,2076.77713109651
22.3240000000001,2078.49653152808
22.325,2080.85218035669
22.326,2083.70860659292
22.3270000000002,2086.07732249068
22.3280000000002,2086.6136786718
22.3290000000002,2087.10444205612
22.3300000000002,2087.48830768265
22.3310000000001,2087.68388449822
22.3320000000001,2087.61328694768
22.3330000000001,2086.42885385328
22.3340000000001,2083.15819772168
22.335,2079.93548361854
22.336,2077.09645257123
22.3370000000002,2074.90999625795
22.3380000000002,2073.53505598973
22.3390000000002,2072.16512708146
22.3400000000001,2069.80481978322
22.3410000000001,2068.26744968923
22.3420000000001,2067.48888556188
22.3430000000001,2067.2961927775
22.3440000000001,2067.4526433597
22.345,2066.84375587108
22.346,2064.46184776177
22.3470000000002,2062.20920327212
22.3480000000002,2060.32027262298
22.3490000000002,2059.03953925052
22.3500000000001,2058.58089936409
22.3510000000001,2058.18091457941
22.3520000000001,2057.16501480882
22.3530000000001,2057.48027525948
22.354,2059.22952738969
22.355,2062.35231542112
22.3560000000002,2066.64208715374
22.3570000000002,2070.84786228928
22.3580000000002,2073.96287180227
22.3590000000002,2077.54136870024
22.3600000000001,2081.46788341825
22.3610000000001,2085.60444096367
22.3620000000001,2089.7992795525
22.3630000000001,2092.94546052105
22.364,2094.37238594685
22.365,2095.82760326771
22.3660000000002,2097.44435666418
22.3670000000002,2099.31403417371
22.3680000000002,2101.48751970162
22.3690000000001,2103.00240039018
22.3700000000001,2103.41578866319
22.3710000000001,2104.52751788554
22.3720000000001,2106.5084427523
22.373,2109.42129112365
22.374,2113.21595525972
22.375,2116.72872277994
22.3760000000002,2119.37396483662
22.3770000000002,2122.66695010375
22.3780000000002,2126.54786061961
22.3790000000001,2130.90267852611
22.3800000000001,2135.58783072222
22.3810000000001,2139.40374631211
22.3820000000001,2141.92419364064
22.383,2144.76804302802
22.384,2148.01060553038
22.3850000000002,2151.61992487074
22.3860000000002,2155.43979118655
22.3870000000002,2158.10674676619
22.3880000000001,2159.05347130171
22.3890000000001,2159.61598486159
22.3900000000001,2159.64814812381
22.3910000000001,2159.01341721359
22.3920000000001,2157.63628144539
22.393,2154.4199460092
22.394,2149.38315031999
22.3950000000002,2144.47885768103
22.3960000000002,2140.2550345162
22.3970000000002,2137.18639825043
22.3980000000001,2135.60588327469
22.3990000000001,2134.47980211244
22.4000000000001,2133.67509412068
22.4010000000001,2134.62345002237
22.402,2137.14944642536
22.403,2140.89288583786
22.4040000000002,2145.36311492688
22.4050000000002,2148.65015578923
22.4060000000002,2150.13081216628
22.4070000000002,2151.18115302997
22.4080000000001,2151.74619172087
22.4090000000001,2151.75914086001
22.4100000000001,2151.07470173882
22.4110000000001,2147.79740008039
22.412,2141.44980679871
22.413,2133.77561456523
22.4140000000002,2124.92739096785
22.4150000000002,2115.0839924461
22.4160000000002,2104.42355851871
22.4170000000001,2091.21029112683
22.4180000000001,2075.50761514958
22.4190000000001,2059.90964562429
22.4200000000001,2045.31768384952
22.421,2032.54736946976
22.422,2022.15615392832
22.423,2012.70094514974
22.4240000000002,2004.05959317717
22.4250000000002,1997.5166200873
22.4260000000002,1992.65589351759
22.4270000000001,1988.96369633653
22.4280000000001,1985.98057477716
22.4290000000001,1982.39884387814
22.4300000000001,1978.57203798147
22.431,1975.70270587178
22.432,1973.97933021239
22.4330000000002,1973.47909903595
22.4340000000002,1974.12306654111
22.4350000000002,1975.02420243456
22.4360000000001,1976.37898829046
22.4370000000001,1978.31129725367
22.4380000000001,1980.11613132759
22.4390000000001,1981.18937937077
22.4400000000001,1981.26890544807
22.441,1979.84704885115
22.442,1978.21700853276
22.4430000000002,1977.95180777059
22.4440000000002,1979.68085612892
22.4450000000002,1983.56566457116
22.4460000000001,1989.16611184
22.4470000000001,1994.2294267436
22.4480000000001,1997.95978241261
22.4490000000001,2000.05919606016
22.45,1999.5182695906
22.451,1996.0185086603
22.4520000000002,1990.24310689551
22.4530000000002,1982.38463049285
22.4540000000002,1975.84246410977
22.4550000000002,1975.38814983501
22.4560000000001,1984.56970018421
22.4570000000001,2006.19269850962
22.4580000000001,2041.78925340984
22.4590000000001,2089.7477947675
22.46,2149.35213065996
22.461,2219.56282040337
22.4620000000002,2297.87957124265
22.4630000000002,2382.16237160452
22.4640000000002,2471.26406735752
22.4650000000001,2563.82404530136
22.4660000000001,2662.11432654193
22.4670000000001,2769.63451481426
22.4680000000001,2888.70015166464
22.4690000000001,3020.37332880459
22.47,3163.46326015449
22.471,3312.24423452509
22.4720000000002,3460.35062581941
22.4730000000002,3599.05456453215
22.4740000000002,3716.82151219818
22.4750000000001,3801.6311808563
22.4760000000001,3842.52146431612
22.4770000000001,3829.40912813012
22.4780000000001,3758.46062592133
22.479,3630.38084389474
22.48,3449.11548146696
22.4810000000002,3222.16305590476
22.4820000000002,2959.52185250526
22.4830000000002,2670.76155443717
22.4840000000002,2368.08041857543
22.4850000000001,2062.8046756883
22.4860000000001,1763.57457842624
22.4870000000001,1476.93136874816
22.4880000000001,1207.42839647105
22.489,956.386272770412
22.49,726.904377561141
22.4910000000002,521.841324205574
22.4920000000002,343.345108328601
22.4930000000002,193.947981120891
22.4940000000001,76.5807809653004
22.4950000000001,-7.34138627284629
22.4960000000001,-53.7629572354416
22.4970000000001,-59.3187360348323
22.498,-22.6475011813049
22.499,55.9653157444469
22.5,174.301243715399
22.5010000000002,326.387198898348
22.5020000000002,507.329688215006
22.5030000000002,710.572868507259
22.5040000000001,927.712830445869
22.5050000000001,1149.82771881219
22.5060000000001,1368.08405862761
22.5070000000001,1572.54626068547
22.508,1757.53346161966
22.509,1918.67851736125
22.5100000000002,2052.60243851493
22.5110000000002,2157.65692719237
22.5120000000002,2233.79466072038
22.5130000000001,2280.53095455312
22.5140000000001,2301.65834013023
22.5150000000001,2301.42002239138
22.5160000000001,2283.84010394011
22.5170000000001,2253.14357603878
22.518,2213.52898405145
22.519,2167.10301245448
22.5200000000002,2119.01254566565
22.5210000000002,2073.4606806598
22.5220000000002,2033.35372613331
22.5230000000001,2000.84810839894
22.5240000000001,1977.25080394697
22.5250000000001,1960.88718656144
22.5260000000001,1953.12988318377
22.527,1953.82773815927
22.528,1961.48767403286
22.5290000000002,1974.22525764788
22.5300000000002,1990.02612098723
22.5310000000002,2004.58935806303
22.5320000000002,2018.61175186662
22.5330000000001,2031.97315022653
22.5340000000001,2044.07319621788
22.5350000000001,2054.59401005969
22.5360000000001,2063.43690464792
22.537,2067.93809496805
22.538,2070.90632446725
22.5390000000002,2073.43883833046
22.5400000000002,2075.55634861798
22.5410000000002,2077.11005823307
22.5420000000001,2077.90141474273
22.5430000000001,2075.42638561878
22.5440000000001,2071.95612219973
22.5450000000001,2068.55363735131
22.546,2065.61816414424
22.547,2063.46560383909
22.548,2062.2704207303
22.5490000000002,2060.31687747994
22.5500000000002,2058.76971972491
22.5510000000002,2058.09657758873
22.5520000000001,2058.31571021042
22.5530000000001,2059.3580607889
22.5540000000001,2061.05343246732
22.5550000000001,2061.82831700038
22.556,2062.12707045816
22.557,2062.33713671399
22.5580000000002,2062.73348229281
22.5590000000002,2063.57282777923
22.5600000000002,2064.95368782251
22.5610000000001,2065.31436733369
22.5620000000001,2065.22180649146
22.5630000000001,2064.89878457991
22.5640000000001,2064.41376995078
22.5650000000001,2063.90011838473
22.566,2063.51765889112
22.567,2061.44481245135
22.5680000000002,2059.58299678074
22.5690000000002,2058.78324996446
22.5700000000002,2059.50995547562
22.5710000000001,2062.07076444367
22.5720000000001,2066.5168666613
22.5730000000001,2070.22866511014
22.5740000000001,2075.02314245346
22.575,2080.85073381969
22.576,2087.11798408936
22.5770000000002,2093.17179100354
22.5780000000002,2098.40772210477
22.5790000000002,2099.96469386614
22.5800000000002,2100.02718577762
22.5810000000001,2099.26300631423
22.5820000000001,2098.13362338118
22.5830000000001,2097.12070606489
22.5840000000001,2096.60917363407
22.585,2094.46198965257
22.586,2093.02991336688
22.5870000000002,2092.75924107183
22.5880000000002,2093.63417787627
22.5890000000002,2095.49353273264
22.5900000000001,2098.08007436884
22.5910000000001,2098.7394125249
22.5920000000001,2099.64904323799
22.5930000000001,2101.21732864388
22.5940000000001,2103.63194025649
22.595,2107.03444155529
22.596,2111.44393826732
22.5970000000002,2114.27739621132
22.5980000000002,2117.78297510135
22.5990000000002,2122.06912884085
22.6000000000001,2126.91127382665
22.6010000000001,2132.00168292823
22.6020000000001,2136.99538359602
22.6030000000001,2139.07803589187
22.604,2140.66087940292
22.605,2142.11467226789
22.6060000000002,2143.67779224143
22.6070000000002,2145.56315106278
22.6080000000002,2147.88894865995
22.6090000000002,2148.13130999264
22.6100000000001,2148.88421190771
22.6110000000001,2150.41136790567
22.6120000000001,2152.75783533545
22.6130000000001,2155.90620168262
22.614,2159.79522429846
22.615,2161.7904978201
22.6160000000002,2164.62616529525
22.6170000000002,2168.6677282359
22.6180000000002,2174.09986776924
22.6190000000001,2180.94569207987
22.6200000000001,2189.00221430416
22.6210000000001,2195.24305487851
22.6220000000001,2201.92839835198
22.623,2208.73235737768
22.624,2215.22760608483
22.625,2221.02335224324
22.6260000000002,2225.83277081465
22.6270000000002,2226.91934389736
22.6280000000002,2227.31814391667
22.6290000000001,2227.64547222327
22.6300000000001,2228.55689231185
22.6310000000001,2230.63495348188
22.6320000000001,2234.21702301876
22.633,2236.85186056391
22.634,2241.23124442992
22.6350000000002,2247.19168836121
22.6360000000002,2254.27868168227
22.6370000000002,2261.83744159884
22.6380000000001,2269.02604049101
22.6390000000001,2272.60649334547
22.6400000000001,2274.85088118537
22.6410000000001,2275.65744499415
22.6420000000001,2275.06689245012
22.643,2273.23990778912
22.644,2270.27657628881
22.6450000000002,2263.98590272181
22.6460000000002,2257.48190325338
22.6470000000002,2251.31903656847
22.6480000000001,2245.95358141386
22.6490000000001,2241.73399951387
22.6500000000001,2238.72015250323
22.6510000000001,2234.6206473238
22.652,2232.3096032968
22.653,2232.02443370069
22.6540000000002,2233.81271572061
22.6550000000002,2237.50681796776
22.6560000000002,2242.49503727953
22.6570000000002,2245.78782642538
22.6580000000001,2249.55386042017
22.6590000000001,2253.39271730252
22.6600000000001,2256.90536753882
22.6610000000001,2259.76656312459
22.662,2261.51114705964
22.663,2259.72567031444
22.6640000000002,2257.42345068954
22.6650000000002,2255.19789889144
22.6660000000002,2253.62987591838
22.6670000000001,2253.18137148747
22.6680000000001,2253.79113000704
22.6690000000001,2253.13626757733
22.6700000000001,2253.81048096029
22.671,2255.66817360601
22.672,2258.36283334684
22.673,2261.42737589378
22.6740000000002,2264.01095984895
22.6750000000002,2263.45127019646
22.6760000000002,2262.26556858322
22.6770000000001,2260.63744325342
22.6780000000001,2258.83284232969
22.6790000000001,2257.14027953166
22.6800000000001,2255.40768515543
22.681,2251.64800060053
22.682,2248.66816681021
22.6830000000002,2246.67341908985
22.6840000000002,2245.68595663157
22.6850000000002,2245.57164076058
22.6860000000001,2245.64885788831
22.6870000000001,2243.57590793023
22.6880000000001,2241.8642371767
22.6890000000001,2240.62898518107
22.6900000000001,2239.99400245132
22.691,2240.07397659733
22.692,2240.46780781228
22.6930000000002,2239.23476247006
22.6940000000002,2239.06786605333
22.6950000000002,2240.1640512567
22.6960000000001,2242.58002000374
22.6970000000001,2246.23905633529
22.6980000000001,2250.43507655411
22.6990000000001,2253.05278924238
22.7,2256.54349015455
22.701,2260.99040529593
22.7020000000002,2266.46281998943
22.7030000000002,2273.02085737468
22.7040000000002,2280.14919694375
22.7050000000002,2286.09752448831
22.7060000000001,2293.55091966996
22.7070000000001,2302.79192254071
22.7080000000001,2313.97017088667
22.7090000000001,2327.07592649904
22.71,2341.32745034795
22.711,2354.69410766947
22.7120000000002,2369.32430940586
22.7130000000002,2384.96845794432
22.7140000000002,2401.25292380337
22.7150000000001,2417.71508437661
22.7160000000001,2433.20054390811
22.7170000000001,2445.5912222314
22.7180000000001,2457.05165748265
22.7190000000001,2467.56437401046
22.72,2477.15024948665
22.721,2485.84992129527
22.7220000000002,2493.00421205044
22.7230000000002,2497.07689301741
22.7240000000002,2500.62599062902
22.7250000000001,2503.89701451618
22.7260000000001,2507.00298496777
22.7270000000001,2509.91404391324
22.7280000000001,2511.7319712409
22.729,2510.73974466997
22.73,2509.19542954705
22.7310000000002,2507.15175696451
22.7320000000002,2504.64901678533
22.7330000000002,2501.73270662701
22.7340000000002,2497.68196151131
22.7350000000001,2491.20506967439
22.7360000000001,2484.96245351534
22.7370000000001,2479.44570761893
22.7380000000001,2475.07384733786
22.739,2472.14252774799
22.74,2469.95648617403
22.7410000000002,2467.16314567754
22.7420000000002,2466.00866668418
22.7430000000002,2466.41804771834
22.7440000000001,2468.10404154474
22.7450000000001,2470.59734903156
22.7460000000001,2472.43779191012
22.7470000000001,2471.78118524972
22.748,2470.47868622778
22.749,2468.40717716745
22.75,2465.558217169
22.7510000000002,2462.04575187348
22.7520000000002,2457.17784158463
22.7530000000002,2450.12179620393
22.7540000000001,2443.62554196705
22.7550000000001,2438.33207865552
22.7560000000001,2434.71234603785
22.7570000000001,2432.98813780746
22.758,2432.13800013672
22.759,2430.7851861028
22.7600000000002,2430.76477472385
22.7610000000002,2431.76070672326
22.7620000000002,2433.37733023538
22.7630000000001,2435.22287938175
22.7640000000001,2435.99273887071
22.7650000000001,2434.58005298284
22.7660000000001,2433.29378257331
22.7670000000001,2432.58349617136
22.768,2432.9074514784
22.769,2434.64026352357
22.7700000000002,2436.94632547728
22.7710000000002,2438.98222449052
22.7720000000002,2442.8311308986
22.7730000000001,2448.37915789185
22.7740000000001,2455.28244127948
22.7750000000001,2463.02923850332
22.7760000000001,2469.90226553342
22.777,2474.55097597163
22.778,2478.83162926439
22.7790000000002,2482.72357138493
22.7800000000002,2486.28298733059
22.7810000000002,2489.61544818068
22.7820000000002,2491.65660524679
22.7830000000001,2491.83334488893
22.7840000000001,2492.54813088785
22.7850000000001,2494.12945480187
22.7860000000001,2496.75617564775
22.787,2500.45001427992
22.788,2503.86481547157
22.7890000000002,2506.19122169069
22.7900000000002,2509.38836973453
22.7910000000002,2513.37817257802
22.7920000000001,2517.9549540059
22.7930000000001,2522.79943904138
22.7940000000001,2526.25413033349
22.7950000000001,2527.41685204198
22.796,2528.0996472173
22.797,2528.27719315823
22.798,2527.96671393735
22.7990000000002,2527.25418892491
22.8000000000002,2525.02195225007
22.8010000000002,2521.15261035063
22.8020000000001,2518.1223341981
22.8030000000001,2516.55486543841
22.8040000000001,2516.92592346072
22.8050000000001,2519.48729544564
22.806,2522.87736957855
22.807,2526.50977631509
22.8080000000002,2531.97271374033
22.8090000000002,2538.83292253489
22.8100000000002,2546.45211647328
22.8110000000001,2554.06518877831
22.8120000000001,2559.4678551237
22.8130000000001,2561.70910798747
22.8140000000001,2562.31675403598
22.8150000000001,2561.20985868289
22.816,2558.42333992983
22.817,2554.08218107404
22.8180000000002,2546.93077541389
22.8190000000002,2537.08327641825
22.8200000000002,2526.89751065583
22.8210000000001,2517.02431837237
22.8220000000001,2508.05828957688
22.8230000000001,2500.51160292495
22.8240000000001,2493.31563350807
22.825,2486.75824770589
22.826,2483.07179936675
22.8270000000002,2482.66543001818
22.8280000000002,2485.71330077589
22.8290000000002,2492.11629152944
22.8300000000002,2499.95860283453
22.8310000000001,2508.66677201623
22.8320000000001,2519.39201280638
22.8330000000001,2531.49693533533
22.8340000000001,2544.21101660421
22.835,2556.69777363306
22.836,2566.53198403661
22.8370000000002,2573.14616977122
22.8380000000002,2577.9529103047
22.8390000000002,2580.92124119392
22.8400000000001,2582.1322304392
22.8410000000001,2581.73740223953
22.8420000000001,2578.27369967123
22.8430000000001,2572.19370571732
22.8440000000001,2565.60576736741
22.845,2558.99072503177
22.846,2552.70856596431
22.8470000000002,2546.98005610587
22.8480000000002,2540.19252774337
22.8490000000002,2532.68169352054
22.8500000000001,2526.23265466067
22.8510000000001,2521.00008568745
22.8520000000001,2517.00184170456
22.8530000000001,2514.11988542956
22.854,2510.37982493007
22.855,2505.96457094488
22.8560000000002,2502.45700412274
22.8570000000002,2499.9808897767
22.8580000000002,2498.68719078078
22.8590000000002,2498.76090207039
22.8600000000001,2498.65906091913
22.8610000000001,2499.17012067787
22.8620000000001,2502.24331109063
22.8630000000001,2508.25108114268
22.864,2517.29892808116
22.865,2529.16427311703
22.8660000000002,2541.51587053302
22.8670000000002,2554.17256099128
22.8680000000002,2567.78981206751
22.8690000000001,2581.53890696393
22.8700000000001,2594.55982149103
22.8710000000001,2606.07508151888
22.8720000000001,2613.67194820054
22.873,2617.7748921896
22.874,2619.94818433079
22.875,2620.59609421792
22.8760000000002,2620.17265710848
22.8770000000002,2619.08944077775
22.8780000000002,2615.80567979219
22.8790000000001,2611.36375039702
22.8800000000001,2607.42461811078
22.8810000000001,2604.25096417245
22.8820000000001,2602.00270969883
22.883,2600.79232051463
22.884,2598.87767170555
22.8850000000002,2597.34198033636
22.8860000000002,2597.870700315
22.8870000000002,2600.83928714683
22.8880000000001,2606.40055864175
22.8890000000001,2614.40072905122
22.8900000000001,2622.44666368206
22.8910000000001,2630.75554903416
22.8920000000001,2639.76608653918
22.893,2648.59579963571
22.894,2656.32485872182
22.8950000000002,2662.1505554949
22.8960000000002,2663.5603691671
22.8970000000002,2661.52944200632
22.8980000000001,2657.74519717957
22.8990000000001,2653.04162660393
22.9000000000001,2648.3877850121
22.9010000000001,2644.72328390988
22.902,2640.76014394447
22.903,2638.19599708743
22.9040000000002,2638.52900856615
22.9050000000002,2641.67766368931
22.9060000000002,2647.09263408141
22.9070000000002,2653.84249424297
22.9080000000001,2658.5546459511
22.9090000000001,2661.35692531454
22.9100000000001,2662.61933627621
22.9110000000001,2661.78186690992
22.912,2658.47869560878
22.913,2652.53219641214
22.9140000000002,2641.38197699363
22.9150000000002,2626.71794804146
22.9160000000002,2610.56581966688
22.9170000000001,2593.88323721756
22.9180000000001,2577.58024801708
22.9190000000001,2562.38386329646
22.9200000000001,2545.87103795858
22.921,2529.93133164105
22.922,2516.36826966994
22.923,2505.58990700364
22.9240000000002,2497.74406057288
22.9250000000002,2492.66178123428
22.9260000000002,2487.02022105845
22.9270000000001,2481.8898447701
22.9280000000001,2478.11758237356
22.9290000000001,2475.40516128123
22.9300000000001,2473.43828813337
22.931,2471.887285957
22.932,2468.39941847356
22.9330000000002,2464.26321967746
22.9340000000002,2460.15687910277
22.9350000000002,2455.89168734851
22.9360000000001,2451.28398320564
22.9370000000001,2446.24592555013
22.9380000000001,2439.71154691427
22.9390000000001,2433.29772929766
22.9400000000001,2427.70903605343
22.941,2422.97828572036
22.942,2419.01991159901
22.9430000000002,2415.71591537889
22.9440000000002,2411.87704925299
22.9450000000002,2408.94588975564
22.9460000000001,2407.37089410381
22.9470000000001,2407.0147358633
22.9480000000001,2407.70475349967
22.9490000000001,2409.31709963725
22.95,2409.99436562753
22.951,2411.59442553878
22.9520000000002,2414.96000563672
22.9530000000002,2420.11653558278
22.9540000000002,2426.82939591202
22.9550000000002,2434.61580122556
22.9560000000001,2440.39555728013
22.9570000000001,2445.75004595353
22.9580000000001,2451.4503967775
22.9590000000001,2457.99390013913
22.96,2466.45698146755
22.961,2478.53353181064
22.9620000000002,2493.92676080882
22.9630000000002,2517.40019197495
22.9640000000002,2552.42894583189
22.9650000000001,2601.26844137245
22.9660000000001,2665.21148757443
22.9670000000001,2744.30889070721
22.9680000000001,2834.86060757336
22.9690000000001,2936.72302911898
22.97,3047.55180317904
22.971,3163.95416849263
22.9720000000002,3282.55345659242
22.9730000000002,3400.368040957
22.9740000000002,3512.57450393871
22.9750000000001,3619.6925243896
22.9760000000001,3720.99504863011
22.9770000000001,3814.91263290615
22.9780000000001,3899.05251003576
22.979,3969.77219765425
22.98,4019.51850039916
22.9810000000002,4044.33484819077
22.9820000000002,4037.86235260356
22.9830000000002,3993.1217351837
22.9840000000002,3903.94858123058
22.9850000000001,3765.96398046615
22.9860000000001,3574.9387182317
22.9870000000001,3334.786098668
22.9880000000001,3051.12341432581
22.989,2732.19733390426
22.99,2388.71276880465
22.9910000000002,2032.95686093132
22.9920000000002,1675.32968261772
22.9930000000002,1330.88765304122
22.9940000000001,1011.73774507847
22.9950000000001,727.774203155844
22.9960000000001,486.737095858244
22.9970000000001,294.116141375305
22.998,150.749617274115
22.999,60.6470279476554
23,24.2491752655152
23.0010000000002,40.1266181222124
23.0020000000002,105.478898660153
23.0030000000002,216.220070026225
23.0040000000001,364.530772347402
23.0050000000001,546.589745406426
23.0060000000001,755.532333489235
23.0070000000001,983.261408470806
23.008,1221.02376532969
23.009,1459.77970822819
23.0100000000002,1688.12721172305
23.0110000000002,1900.612143475
23.0120000000002,2090.84172215022
23.0130000000001,2253.69385760282
23.0140000000001,2385.86701605708
23.0150000000001,2486.00632090839
23.0160000000001,2552.06724163033
23.0170000000001,2589.1520904058
23.018,2601.45374254503
23.019,2593.7751159262
23.0200000000002,2571.24242521869
23.0210000000002,2538.81486390785
23.0220000000002,2498.24276891098
23.0230000000001,2456.05823069927
23.0240000000001,2415.43794160376
23.0250000000001,2378.39968116554
23.0260000000001,2346.11686392302
23.027,2319.1135183775
23.028,2294.6640889215
23.0290000000002,2275.89287111262
23.0300000000002,2263.04965841661
23.0310000000002,2256.08628835138
23.0320000000002,2254.78458905201
23.0330000000001,2258.68495513959
23.0340000000001,2263.87962559343
23.0350000000001,2273.08188576844
23.0360000000001,2285.26386748775
23.037,2298.92395629152
23.038,2312.41192574451
23.0390000000002,2324.15867420321
23.0400000000002,2329.45667940192
23.0410000000002,2331.83727309973
23.0420000000001,2331.31240750362
23.0430000000001,2328.13045503599
23.0440000000001,2322.8232866993
23.0450000000001,2316.11394160772
23.046,2305.39995325291
23.047,2295.68321635637
23.048,2287.76288615718
23.0490000000002,2281.98684043229
23.0500000000002,2278.31465242078
23.0510000000002,2276.36550540848
23.0520000000001,2273.10447402348
23.0530000000001,2270.79635947082
23.0540000000001,2269.2053038118
23.0550000000001,2268.06679113734
23.056,2267.08334962192
23.057,2265.85775893404
23.0580000000002,2262.28740404276
23.0590000000002,2257.5758048267
23.0600000000002,2251.96635224652
23.0610000000001,2245.91477146611
23.0620000000001,2239.99567555463
23.0630000000001,2234.70981730741
23.0640000000001,2228.84839900296
23.0650000000001,2224.26256660308
23.066,2221.5906675526
23.067,2221.30421048978
23.0680000000002,2223.5609678635
23.0690000000002,2227.9551159709
23.0700000000002,2231.66152631929
23.0710000000001,2236.08684647406
23.0720000000001,2240.48424527425
23.0730000000001,2244.15512008874
23.0740000000001,2246.5950275983
23.075,2247.36198185287
23.076,2244.13504317262
23.0770000000002,2240.39009664956
23.0780000000002,2237.01636699236
23.0790000000002,2234.85254092503
23.0800000000002,2234.53482307337
23.0810000000001,2236.09081156764
23.0820000000001,2237.04496507838
23.0830000000001,2239.93187706548
23.0840000000001,2244.16755578841
23.085,2248.86578318562
23.086,2253.03103343096
23.0870000000002,2255.45382663988
23.0880000000002,2253.27033547667
23.0890000000002,2249.10956300062
23.0900000000001,2243.43727237829
23.0910000000001,2237.00123919139
23.0920000000001,2230.70966497572
23.0930000000001,2225.13179280855
23.0940000000001,2218.91238897219
23.095,2215.31796054284
23.096,2214.772279811
23.0970000000002,2217.25403301909
23.0980000000002,2222.34094167501
23.0990000000002,2228.92326699091
23.1000000000001,2234.08242053792
23.1010000000001,2239.65186123436
23.1020000000001,2245.07017328082
23.1030000000001,2249.87268909375
23.104,2253.74404854606
23.105,2256.11080922564
23.1060000000002,2255.03896891388
23.1070000000002,2253.37158069304
23.1080000000002,2251.57766810592
23.1090000000002,2250.06372693927
23.1100000000001,2249.13555108548
23.1110000000001,2248.51665378361
23.1120000000001,2246.41852123947
23.1130000000001,2245.48140886146
23.114,2245.8833785487
23.115,2247.671519242
23.1160000000002,2250.78357217745
23.1170000000002,2254.5727896809
23.1180000000002,2257.07443488375
23.1190000000001,2260.63335044172
23.1200000000001,2265.22943057918
23.1210000000001,2270.73332656859
23.1220000000001,2276.91175597956
23.123,2282.91091668035
23.124,2286.69492735821
23.125,2290.36026894026
23.1260000000002,2293.73735116242
23.1270000000002,2296.60745675256
23.1280000000002,2298.74111222567
23.1290000000001,2299.37485593252
23.1300000000001,2296.83141889196
23.1310000000001,2293.57478763476
23.1320000000001,2289.97224729858
23.133,2286.42326092559
23.134,2283.33363508203
23.1350000000002,2280.47836490123
23.1360000000002,2276.71061247048
23.1370000000002,2274.67591173506
23.1380000000001,2274.69910532038
23.1390000000001,2276.8631066458
23.1400000000001,2281.00756175095
23.1410000000001,2286.1184255829
23.1420000000001,2290.28519516729
23.143,2295.22334709321
23.144,2300.47347286763
23.1450000000002,2305.51184693738
23.1460000000002,2309.81132337076
23.1470000000002,2312.22051442718
23.1480000000001,2311.07941907195
23.1490000000001,2308.49242576732
23.1500000000001,2304.59323946637
23.1510000000001,2299.56312958111
23.152,2293.61978100212
23.153,2286.28788499698
23.1540000000002,2276.60928361684
23.1550000000002,2267.19781371737
23.1560000000002,2258.60590371875
23.1570000000002,2251.29923746983
23.1580000000001,2245.63892028111
23.1590000000001,2241.09607820068
23.1600000000001,2236.61422353942
23.1610000000001,2234.51732357374
23.162,2234.93490409421
23.163,2237.77101426404
23.1640000000002,2242.69846906984
23.1650000000002,2248.34869985042
23.1660000000002,2252.8924299631
23.1670000000001,2257.84867336182
23.1680000000001,2262.65595960068
23.1690000000001,2266.72368511621
23.1700000000001,2269.50171348765
23.171,2269.68008998285
23.172,2265.94545557781
23.173,2260.51619101724
23.1740000000002,2253.80100245031
23.1750000000002,2246.30229036377
23.1760000000002,2238.55638178426
23.1770000000001,2230.16723643497
23.1780000000001,2220.61589803267
23.1790000000001,2212.44065067395
23.1800000000001,2206.04955186692
23.181,2201.59648482263
23.182,2198.98399522465
23.1830000000002,2196.95645296344
23.1840000000002,2194.19668123889
23.1850000000002,2192.34428206564
23.1860000000001,2191.08127189941
23.1870000000001,2190.04791384182
23.1880000000001,2188.88815070801
23.1890000000001,2186.31138444473
23.1900000000001,2181.32983354505
23.191,2175.95434583475
23.192,2170.38076799259
23.1930000000002,2164.79544614543
23.1940000000002,2159.35547229244
23.1950000000002,2153.16877108463
23.1960000000001,2145.65392421319
23.1970000000001,2138.96051111704
23.1980000000001,2133.36182607099
23.1990000000001,2129.03104459437
23.2,2126.05127795499
23.201,2123.39544874454
23.2020000000002,2120.46833599357
23.2030000000002,2119.26406508067
23.2040000000002,2119.95916203414
23.2050000000002,2122.63655510803
23.2060000000001,2127.28477020873
23.2070000000001,2132.73278860506
23.2080000000001,2138.34285781181
23.2090000000001,2145.87415569533
23.21,2155.26675446904
23.211,2166.33730404964
23.2120000000002,2178.80047882234
23.2130000000002,2191.19790390688
23.2140000000002,2202.75964807521
23.2150000000001,2215.0372787241
23.2160000000001,2227.87841970842
23.2170000000001,2241.06762511823
23.2180000000001,2254.33422529045
23.2190000000001,2266.23561343482
23.22,2276.13719479041
23.221,2285.60254703873
23.2220000000002,2294.55478682537
23.2230000000002,2302.86422861192
23.2240000000002,2310.36142337428
23.2250000000001,2315.6938175693
23.2260000000001,2318.46375217706
23.2270000000001,2320.36516260961
23.2280000000001,2321.51065321227
23.229,2321.96725790781
23.23,2321.75575060522
23.2310000000002,2319.65731960818
23.2320000000002,2315.50444734681
23.2330000000002,2311.05545147387
23.2340000000002,2306.48492819875
23.2350000000001,2301.89443871421
23.2360000000001,2297.32457462701
23.2370000000001,2291.54964095464
23.2380000000001,2284.49975148447
23.239,2277.89688414145
23.24,2271.93204626457
23.2410000000002,2266.70729870108
23.2420000000002,2262.23457628664
23.2430000000002,2257.19294057991
23.2440000000001,2251.48247759966
23.2450000000001,2246.64674425259
23.2460000000001,2242.73687352464
23.2470000000001,2239.71883458721
23.248,2237.48220424654
23.249,2234.56923852439
23.25,2230.86719445785
23.2510000000002,2227.78666309052
23.2520000000002,2225.27793265353
23.2530000000002,2223.18533213092
23.2540000000001,2221.25343180507
23.2550000000001,2217.84543068537
23.2560000000001,2212.77591372337
23.2570000000001,2207.29563480932
23.258,2201.33461650506
23.259,2194.83867392712
23.2600000000002,2187.79764043572
23.2610000000002,2178.94125714066
23.2620000000002,2168.66783269503
23.2630000000001,2158.76028083374
23.2640000000001,2149.73333369718
23.2650000000001,2142.03874228516
23.2660000000001,2136.01348322508
23.2670000000001,2130.47606955744
23.268,2125.77380429532
23.269,2123.26804381955
23.2700000000002,2122.86940104022
23.2710000000002,2124.2793365822
23.2720000000002,2127.03070518143
23.2730000000001,2129.13353636739
23.2740000000001,2130.41043692424
23.2750000000001,2131.79125330854
23.2760000000001,2133.01894136558
23.277,2133.87923507613
23.278,2134.21387047681
23.2790000000002,2132.45420680482
23.2800000000002,2129.09369301211
23.2810000000002,2125.61869433193
23.2820000000002,2122.26826676111
23.2830000000001,2119.194223658
23.2840000000001,2116.44664568902
23.2850000000001,2112.46760184791
23.2860000000001,2107.76714179402
23.287,2103.62331994765
23.288,2100.05509624919
23.2890000000002,2097.01206916694
23.2900000000002,2094.40895626432
23.2910000000002,2090.62154828173
23.2920000000001,2086.30444283847
23.2930000000001,2082.82654009496
23.2940000000001,2080.37401497139
23.2950000000001,2079.04711316339
23.296,2078.84427605905
23.297,2078.09599107475
23.298,2077.38218524524
23.2990000000002,2077.7611601634
23.3000000000002,2079.07129878823
23.3010000000002,2081.02952502023
23.3020000000001,2083.27307398403
23.3030000000001,2083.82139978824
23.3040000000001,2083.16210527026
23.3050000000001,2082.30158441165
23.306,2081.22307697552
23.307,2079.91488859628
23.3080000000002,2078.36784945155
23.3090000000002,2074.95378372811
23.3100000000002,2070.59318514604
23.3110000000001,2066.5555746044
23.3120000000001,2063.0460612691
23.3130000000001,2060.18182136674
23.3140000000001,2057.99264728004
23.3150000000001,2054.789260824
23.316,2051.46476626847
23.317,2049.09994074936
23.3180000000002,2047.72670944651
23.3190000000002,2047.27222636416
23.3200000000002,2047.56955965541
23.3210000000001,2046.72284752653
23.3220000000001,2045.5134988703
23.3230000000001,2044.834137106
23.3240000000001,2044.63226263529
23.325,2044.81874044075
23.326,2045.28282938354
23.3270000000002,2044.22944113724
23.3280000000002,2042.66307271078
23.3290000000002,2041.61564323003
23.3300000000002,2041.19956699999
23.3310000000001,2041.42833951821
23.3320000000001,2042.19853270783
23.3330000000001,2041.57880328097
23.3340000000001,2040.44682743315
23.335,2039.5330375586
23.336,2038.67285478464
23.3370000000002,2037.65053457481
23.3380000000002,2036.23522513659
23.3390000000002,2032.48504715535
23.3400000000001,2027.51319556229
23.3410000000001,2022.29598999642
23.3420000000001,2017.0409130979
23.3430000000001,2011.93346872476
23.3440000000001,2007.1115056972
23.345,2000.90397012715
23.346,1994.64535299049
23.3470000000002,1989.28671453743
23.3480000000002,1984.93244256379
23.3490000000002,1981.57670819302
23.3500000000001,1979.12349042122
23.3510000000001,1975.66615000593
23.3520000000001,1972.41004248247
23.3530000000001,1970.13380551028
23.354,1968.8838597353
23.355,1968.65333579734
23.3560000000002,1969.37688560197
23.3570000000002,1969.18016633299
23.3580000000002,1969.32719412564
23.3590000000002,1970.49510199159
23.3600000000001,1972.6160730662
23.3610000000001,1975.51977855131
23.3620000000001,1978.94839045217
23.3630000000001,1980.84476796715
23.364,1982.35770000812
23.365,1983.97623875767
23.3660000000002,1985.5494599161
23.3670000000002,1986.89764987245
23.3680000000002,1987.83294776732
23.3690000000001,1986.47226297988
23.3700000000001,1984.2122225458
23.3710000000001,1981.71994623843
23.3720000000001,1979.08820768397
23.373,1976.38433479284
23.374,1973.65997066818
23.375,1969.2548833952
23.3760000000002,1964.81033596684
23.3770000000002,1961.1097147803
23.3780000000002,1958.35726221673
23.3790000000001,1956.67469064583
23.3800000000001,1956.09848771482
23.3810000000001,1954.8503221954
23.3820000000001,1954.45032352606
23.383,1955.38148263826
23.384,1957.50884172144
23.3850000000002,1960.56267689298
23.3860000000002,1964.16589113589
23.3870000000002,1966.1146156712
23.3880000000001,1967.6527368645
23.3890000000001,1968.98604468413
23.3900000000001,1969.86459041676
23.3910000000001,1970.05290069088
23.3920000000001,1969.36021811953
23.393,1965.88319695817
23.394,1961.3548793363
23.3950000000002,1956.43117095298
23.3960000000002,1951.34916921841
23.3970000000002,1946.30832201697
23.3980000000001,1941.45059631206
23.3990000000001,1935.05198005427
23.4000000000001,1928.9329553299
23.4010000000001,1923.58407524216
23.402,1918.97437893459
23.403,1914.93918751131
23.4040000000002,1911.21454494635
23.4050000000002,1905.59373305859
23.4060000000002,1899.68333944142
23.4070000000002,1893.79159073588
23.4080000000001,1887.87530621262
23.4090000000001,1881.88415796392
23.4100000000001,1875.74961377878
23.4110000000001,1867.11837128342
23.412,1858.06794649195
23.413,1849.16477793894
23.4140000000002,1840.52712023488
23.4150000000002,1832.11558735473
23.4160000000002,1823.68716031443
23.4170000000001,1811.99762067946
23.4180000000001,1799.1050582632
23.4190000000001,1785.358956919
23.4200000000001,1770.81264142162
23.421,1755.57930280741
23.422,1739.79313596953
23.423,1720.58825970819
23.4240000000002,1700.92197915629
23.4250000000002,1681.89943442035
23.4260000000002,1664.30660976529
23.4270000000001,1648.8312219709
23.4280000000001,1635.93839209377
23.4290000000001,1623.73470004345
23.4300000000001,1614.24078709412
23.431,1607.43568014493
23.432,1602.82377995042
23.4330000000002,1599.79548574112
23.4340000000002,1597.78335271828
23.4350000000002,1595.45086878875
23.4360000000001,1594.00983078208
23.4370000000001,1593.37937625393
23.4380000000001,1593.3401255125
23.4390000000001,1593.66274591688
23.4400000000001,1594.14065241012
23.441,1593.74253869016
23.442,1593.76721906642
23.4430000000002,1594.08783332362
23.4440000000002,1594.4111980815
23.4450000000002,1594.46688292055
23.4460000000001,1594.10114098354
23.4470000000001,1592.43207115254
23.4480000000001,1591.02435932842
23.4490000000001,1589.95585619933
23.45,1589.0580620349
23.451,1588.02421199801
23.4520000000002,1586.49845729238
23.4530000000002,1582.88684717859
23.4540000000002,1578.88386021641
23.4550000000002,1574.71156535882
23.4560000000001,1570.7778751026
23.4570000000001,1567.82783740653
23.4580000000001,1566.98260486272
23.4590000000001,1567.6965656141
23.46,1574.12242726394
23.461,1588.41036168638
23.4620000000002,1612.55235428499
23.4630000000002,1648.24602897305
23.4640000000002,1696.73623843061
23.4650000000001,1756.55683111149
23.4660000000001,1830.35143964807
23.4670000000001,1917.93245822945
23.4680000000001,2018.53716818315
23.4690000000001,2130.92016538407
23.47,2253.39812772535
23.471,2382.06277643439
23.4720000000002,2516.89682172397
23.4730000000002,2655.36827715468
23.4740000000002,2794.35101350176
23.4750000000001,2929.98160390449
23.4760000000001,3057.43441147694
23.4770000000001,3169.15635967977
23.4780000000001,3260.5286170007
23.479,3324.03027284532
23.48,3351.55215356949
23.4810000000002,3335.04410816971
23.4820000000002,3267.29442973055
23.4830000000002,3141.41988741186
23.4840000000002,2957.4095438587
23.4850000000001,2717.218069764
23.4860000000001,2427.20368670618
23.4870000000001,2098.20702061022
23.4880000000001,1744.90297959542
23.489,1383.24243822396
23.49,1034.03706367903
23.4910000000002,715.40538439801
23.4920000000002,442.527639464351
23.4930000000002,225.891424726267
23.4940000000001,69.9605692460928
23.4950000000001,-28.5105153684914
23.4960000000001,-74.9302049751835
23.4970000000001,-80.9419677871044
23.498,-60.7326662822234
23.499,-28.7700082266421
23.5,2.22311858514626
23.5010000000002,21.8721928559991
23.5020000000002,28.1163311979167
23.5030000000002,22.1730639328928
23.5040000000001,9.65013689244338
23.5050000000001,-0.752644289907146
23.5060000000001,0.818266523102622
23.5070000000001,22.4633400981108
23.508,73.5143109892379
23.509,158.218680311473
23.5100000000002,276.821064776343
23.5110000000002,425.618740320742
23.5120000000002,597.356926311936
23.5130000000001,781.320431599062
23.5140000000001,969.025042713825
23.5150000000001,1150.4537505923
23.5160000000001,1316.74378218776
23.5170000000001,1460.93949670272
23.518,1578.14661957791
23.519,1664.77299477005
23.5200000000002,1722.68451711146
23.5210000000002,1753.9254561451
23.5220000000002,1761.86674680499
23.5230000000001,1750.70995169069
23.5240000000001,1724.72674618199
23.5250000000001,1687.11397541516
23.5260000000001,1644.0368020437
23.527,1599.36671178648
23.528,1556.24034358826
23.5290000000002,1517.01145885704
23.5300000000002,1482.89050064848
23.5310000000002,1453.35695188016
23.5320000000002,1430.97988634278
23.5330000000001,1415.74400705671
23.5340000000001,1407.20148068388
23.5350000000001,1404.62583738889
23.5360000000001,1406.64038458888
23.537,1410.76995591709
23.538,1418.75878693902
23.5390000000002,1429.67825630531
23.5400000000002,1442.45604859972
23.5410000000002,1455.9892837408
23.5420000000001,1468.69758575305
23.5430000000001,1478.25649568993
23.5440000000001,1486.89836179124
23.5450000000001,1494.35120994504
23.546,1500.45047820311
23.547,1505.20027691132
23.548,1508.36079921459
23.5490000000002,1509.11174914546
23.5500000000002,1509.75227131238
23.5510000000002,1510.8190973703
23.5520000000001,1512.62930327101
23.5530000000001,1515.22150388724
23.5540000000001,1518.10417641579
23.5550000000001,1519.9525656408
23.556,1521.09400727336
23.557,1521.28191738272
23.5580000000002,1520.39157403076
23.5590000000002,1518.3964733888
23.5600000000002,1515.07957528321
23.5610000000001,1509.70279423293
23.5620000000001,1503.27256209175
23.5630000000001,1496.34234361193
23.5640000000001,1489.55536796996
23.5650000000001,1483.53232304836
23.566,1478.49904126368
23.567,1473.97379094811
23.5680000000002,1470.95605236223
23.5690000000002,1469.76787635555
23.5700000000002,1470.62563277436
23.5710000000001,1473.58010443284
23.5720000000001,1478.10106947445
23.5730000000001,1483.01221050054
23.5740000000001,1489.02866094973
23.575,1495.91812186689
23.576,1503.43495894377
23.5770000000002,1511.29889648536
23.5780000000002,1518.61391114559
23.5790000000002,1524.1212437466
23.5800000000002,1529.12018907544
23.5810000000001,1533.45298410776
23.5820000000001,1536.98140831719
23.5830000000001,1539.62390537512
23.5840000000001,1540.76656908985
23.585,1539.69360209619
23.586,1538.36072288005
23.5870000000002,1537.23839931809
23.5880000000002,1536.75159003749
23.5890000000002,1537.22586026914
23.5900000000001,1538.23829703754
23.5910000000001,1539.06050632128
23.5920000000001,1541.16759408014
23.5930000000001,1544.52634069101
23.5940000000001,1548.96281178752
23.595,1554.19690816438
23.596,1559.26848308981
23.5970000000002,1563.13869999193
23.5980000000002,1567.04016101142
23.5990000000002,1570.9741094904
23.6000000000001,1574.97811238724
23.6010000000001,1579.09885073521
23.6020000000001,1582.70118038473
23.6030000000001,1585.13576118745
23.604,1587.90112008034
23.605,1591.13575428903
23.6060000000002,1594.894380849
23.6070000000002,1599.14258687187
23.6080000000002,1603.06140417514
23.6090000000002,1605.88909000079
23.6100000000001,1608.97076552041
23.6110000000001,1612.32333089551
23.6120000000001,1615.92206228141
23.6130000000001,1619.69556788442
23.614,1622.79703411426
23.615,1624.55527451383
23.6160000000002,1626.32483197401
23.6170000000002,1628.17092040051
23.6180000000002,1630.13102216083
23.6190000000001,1632.21731345076
23.6200000000001,1633.66942088168
23.6210000000001,1634.0257410465
23.6220000000001,1634.79025999165
23.623,1636.22442295852
23.624,1638.55609300486
23.625,1641.95009549343
23.6260000000002,1645.71097547509
23.6270000000002,1649.41461242993
23.6280000000002,1654.35677692212
23.6290000000001,1660.50630088667
23.6300000000001,1667.67770863701
23.6310000000001,1675.53691705846
23.6320000000001,1682.83590364745
23.633,1688.72306802711
23.634,1694.08095457145
23.6350000000002,1698.67093064453
23.6360000000002,1702.31813160898
23.6370000000002,1704.93164378265
23.6380000000001,1705.68214610945
23.6390000000001,1704.39765040079
23.6400000000001,1702.64731231215
23.6410000000001,1700.8689598989
23.6420000000001,1699.45102816043
23.643,1698.67443747813
23.644,1697.80431983401
23.6450000000002,1696.60654622945
23.6460000000002,1696.28673917609
23.6470000000002,1696.7684180094
23.6480000000001,1697.85067241091
23.6490000000001,1699.25244721388
23.6500000000001,1699.76692055636
23.6510000000001,1698.97916635733
23.652,1698.08672649258
23.653,1697.26873296328
23.6540000000002,1696.77512401191
23.6550000000002,1696.88555286008
23.6560000000002,1696.9009293836
23.6570000000002,1696.90850863814
23.6580000000001,1698.3608632496
23.6590000000001,1701.41946031945
23.6600000000001,1706.01920676623
23.6610000000001,1711.85401290544
23.662,1717.39044321871
23.663,1721.91880637346
23.6640000000002,1726.116385106
23.6650000000002,1729.57986731623
23.6660000000002,1731.99791733416
23.6670000000001,1733.19604487903
23.6680000000001,1732.09172104747
23.6690000000001,1728.84241255275
23.6700000000001,1725.11246935653
23.671,1721.50349689951
23.672,1718.5475741798
23.673,1716.60447392426
23.6740000000002,1714.68424148318
23.6750000000002,1712.72842558449
23.6760000000002,1711.74558703392
23.6770000000001,1711.47601376967
23.6780000000001,1711.53957851698
23.6790000000001,1711.51300757739
23.6800000000001,1709.87566140702
23.681,1706.50295418354
23.682,1702.60431854211
23.6830000000002,1698.45742527624
23.6840000000002,1694.39829044025
23.6850000000002,1690.74349912337
23.6860000000001,1686.56420927898
23.6870000000001,1682.18711543235
23.6880000000001,1678.87382653325
23.6890000000001,1676.7141226844
23.6900000000001,1675.65756043248
23.691,1675.54541670559
23.692,1674.9617657889
23.6930000000002,1673.97507755715
23.6940000000002,1673.64694659383
23.6950000000002,1674.03747439653
23.6960000000001,1675.17029927106
23.6970000000001,1676.99711948269
23.6980000000001,1678.14330122456
23.6990000000001,1678.76539362733
23.7,1679.85014508742
23.701,1681.36931495499
23.7020000000002,1683.2882248146
23.7030000000002,1685.59831697816
23.7040000000002,1687.08711563869
23.7050000000002,1688.31145964914
23.7060000000001,1690.65975615841
23.7070000000001,1694.55797407063
23.7080000000001,1700.32969795441
23.7090000000001,1708.12086577811
23.71,1716.57292082213
23.711,1725.89455317813
23.7120000000002,1736.77769826538
23.7130000000002,1748.8507007052
23.7140000000002,1761.65126812775
23.7150000000001,1774.70197709116
23.7160000000001,1786.27281725395
23.7170000000001,1796.6399359402
23.7180000000001,1806.7972347408
23.7190000000001,1816.94981722433
23.72,1827.3191834521
23.721,1838.06123789198
23.7220000000002,1847.84338029588
23.7230000000002,1857.17339527592
23.7240000000002,1866.87712300559
23.7250000000001,1876.74950013604
23.7260000000001,1886.44193656531
23.7270000000001,1895.51590284842
23.7280000000001,1902.11963998996
23.729,1906.57192382155
23.73,1909.68444987168
23.7310000000002,1911.53379352842
23.7320000000002,1912.26498195963
23.7330000000002,1912.04873287162
23.7340000000002,1909.62337160908
23.7350000000001,1905.8837394391
23.7360000000001,1901.95203203015
23.7370000000001,1898.05146041012
23.7380000000001,1894.28628691194
23.739,1890.64732581924
23.74,1885.59038037512
23.7410000000002,1879.83591317081
23.7420000000002,1874.31082055276
23.7430000000002,1869.18366158839
23.7440000000001,1864.62122869751
23.7450000000001,1860.76905929728
23.7460000000001,1856.24920945275
23.7470000000001,1852.02455000869
23.748,1849.10344108001
23.749,1847.64868519499
23.75,1847.67439636702
23.7510000000002,1849.02517932932
23.7520000000002,1849.87215442174
23.7530000000002,1850.74679568332
23.7540000000001,1852.12931360569
23.7550000000001,1853.75454926712
23.7560000000001,1855.33822899058
23.7570000000001,1856.59962314224
23.758,1855.73766799642
23.759,1853.59990530889
23.7600000000002,1851.02946513509
23.7610000000002,1848.23510173935
23.7620000000002,1845.4193955645
23.7630000000001,1842.73393540237
23.7640000000001,1838.66754420148
23.7650000000001,1834.33202220541
23.7660000000001,1830.60113066489
23.7670000000001,1827.63445193968
23.768,1825.5199717268
23.769,1824.27669476887
23.7700000000002,1822.2383250456
23.7710000000002,1820.5291038571
23.7720000000002,1819.96710841236
23.7730000000001,1820.69214864637
23.7740000000001,1822.74449628293
23.7750000000001,1826.02821784577
23.7760000000001,1828.61614336539
23.777,1831.43159719114
23.778,1834.89620927009
23.7790000000002,1838.75335055957
23.7800000000002,1842.69904473051
23.7810000000002,1846.41741918939
23.7820000000002,1847.88738157321
23.7830000000001,1848.28763249668
23.7840000000001,1848.34330710088
23.7850000000001,1848.23923600741
23.7860000000001,1848.15278453403
23.787,1848.20917300646
23.788,1846.6658163694
23.7890000000002,1844.99281567487
23.7900000000002,1843.93095138379
23.7910000000002,1843.58159032857
23.7920000000001,1843.97137309173
23.7930000000001,1845.06814636885
23.7940000000001,1844.97159464176
23.7950000000001,1845.17867032879
23.796,1846.39853179944
23.797,1848.74349857537
23.798,1852.21164240327
23.7990000000002,1856.65565767391
23.8000000000002,1859.93135049899
23.8010000000002,1863.26555792514
23.8020000000001,1866.95097173613
23.8030000000001,1870.7452984163
23.8040000000001,1874.40144355375
23.8050000000001,1877.70868373035
23.806,1878.64391343142
23.807,1878.8662443854
23.8080000000002,1879.16645887195
23.8090000000002,1879.89073575296
23.8100000000002,1881.31396765596
23.8110000000001,1883.56657051906
23.8120000000001,1884.65021234016
23.8130000000001,1886.1165879067
23.8140000000001,1888.32094625207
23.8150000000001,1891.07513743103
23.816,1894.11625205073
23.817,1897.15665332503
23.8180000000002,1897.94504435534
23.8190000000002,1898.16637816809
23.8200000000002,1898.43188668655
23.8210000000001,1898.99605919489
23.8220000000001,1900.07969949435
23.8230000000001,1901.79730645619
23.8240000000001,1902.08791431176
23.825,1902.68941194386
23.826,1903.94093239369
23.8270000000002,1905.69532756836
23.8280000000002,1907.70762287295
23.8290000000002,1909.67566684251
23.8300000000002,1909.23578868347
23.8310000000001,1908.1337499419
23.8320000000001,1906.83923732334
23.8330000000001,1905.54783217887
23.8340000000001,1904.45208845561
23.835,1903.68240498588
23.836,1901.18250445584
23.8370000000002,1898.95370682226
23.8380000000002,1897.44428568681
23.8390000000002,1896.71930823158
23.8400000000001,1896.75750398585
23.8410000000001,1897.4639155626
23.8420000000001,1896.58167493095
23.8430000000001,1896.09913834525
23.8440000000001,1896.42016358607
23.845,1897.64645742219
23.846,1899.78771048031
23.8470000000002,1902.71895766018
23.8480000000002,1904.03280963886
23.8490000000002,1905.5467766889
23.8500000000001,1907.31478223811
23.8510000000001,1909.10982458093
23.8520000000001,1910.68323213627
23.8530000000001,1911.80449272027
23.854,1910.17900484212
23.855,1908.00612335759
23.8560000000002,1905.83464929736
23.8570000000002,1904.09899186456
23.8580000000002,1903.24250435508
23.8590000000002,1903.6456049473
23.8600000000001,1903.4509653579
23.8610000000001,1905.06913257842
23.8620000000001,1908.87084268302
23.8630000000001,1914.86304721828
23.864,1922.83787627301
23.865,1932.39255075469
23.8660000000002,1940.83535835709
23.8670000000002,1949.91471323781
23.8680000000002,1959.38371883785
23.8690000000001,1968.87073639242
23.8700000000001,1978.01806655932
23.8710000000001,1986.4938637995
23.8720000000001,1991.83253742895
23.873,1996.25745799291
23.874,1999.97715071483
23.875,2003.14089557937
23.8760000000002,2005.89756418289
23.8770000000002,2008.3693777808
23.8780000000002,2008.44146045087
23.8790000000001,2008.6795630333
23.8800000000001,2009.41868839426
23.8810000000001,2010.85334301619
23.8820000000001,2013.06901510271
23.883,2016.02688325017
23.884,2017.34463764123
23.8850000000002,2019.34834678375
23.8860000000002,2021.99273105905
23.8870000000002,2025.11095048365
23.8880000000001,2028.44303744398
23.8890000000001,2031.61917553643
23.8900000000001,2032.10390357715
23.8910000000001,2032.08359969208
23.8920000000001,2031.52400752377
23.893,2030.40472542578
23.894,2028.74258351617
23.8950000000002,2026.5186677458
23.8960000000002,2021.67282827359
23.8970000000002,2016.86798461182
23.8980000000001,2012.50666477776
23.8990000000001,2008.89274573749
23.9000000000001,2006.19248582865
23.9010000000001,2004.27695869912
23.902,2000.60255982621
23.903,1997.56017672674
23.9040000000002,1995.05210999336
23.9050000000002,1992.85214195616
23.9060000000002,1990.62440472019
23.9070000000002,1987.7568922005
23.9080000000001,1981.02333282894
23.9090000000001,1973.10252000888
23.9100000000001,1964.17333798534
23.9110000000001,1954.51309964988
23.912,1944.43566800793
23.913,1933.94636947092
23.9140000000002,1920.06331457471
23.9150000000002,1906.40577330997
23.9160000000002,1893.70247837479
23.9170000000001,1882.62176794436
23.9180000000001,1873.66153195291
23.9190000000001,1866.76559562832
23.9200000000001,1859.23372874426
23.921,1853.67812414257
23.922,1849.9684842329
23.923,1847.8494599958
23.9240000000002,1847.01564363707
23.9250000000002,1846.97099056766
23.9260000000002,1846.14322856341
23.9270000000001,1846.17664718592
23.9280000000001,1846.85724809219
23.9290000000001,1847.84602459934
23.9300000000001,1848.73454019935
23.931,1848.97013413585
23.932,1847.59518436398
23.9330000000002,1845.72304600957
23.9340000000002,1843.12239758572
23.9350000000002,1839.63817825869
23.9360000000001,1835.32458221194
23.9370000000001,1830.3605769844
23.9380000000001,1824.79255817608
23.9390000000001,1820.64547178926
23.9400000000001,1818.39748549913
23.941,1818.14404342341
23.942,1819.57787076427
23.9430000000002,1821.79868119944
23.9440000000002,1822.9729161773
23.9450000000002,1823.97295811669
23.9460000000001,1824.14626167214
23.9470000000001,1823.15073790751
23.9480000000001,1821.17230965037
23.9490000000001,1818.64349976868
23.95,1815.43385784067
23.951,1815.83698057553
23.9520000000002,1822.2534389909
23.9530000000002,1836.87373826111
23.9540000000002,1861.35074867008
23.9550000000002,1896.1087405382
23.9560000000001,1939.55228757186
23.9570000000001,1993.39053326314
23.9580000000001,2056.74449651915
23.9590000000001,2128.57721468894
23.96,2208.07566378549
23.961,2294.48831497674
23.9620000000002,2386.75881617552
23.9630000000002,2488.04841453694
23.9640000000002,2599.74556799982
23.9650000000001,2722.85978242388
23.9660000000001,2857.38567716691
23.9670000000001,3001.19837612439
23.9680000000001,3149.24158676743
23.9690000000001,3297.59825290125
23.97,3438.22383205346
23.971,3561.28986556125
23.9720000000002,3656.00324444997
23.9730000000002,3711.14134863067
23.9740000000002,3715.99011378722
23.9750000000001,3665.60885305269
23.9760000000001,3556.44162361304
23.9770000000001,3388.71324124209
23.9780000000001,3166.5941031863
23.979,2897.3838081152
23.98,2590.75350177583
23.9810000000002,2261.7515176207
23.9820000000002,1924.51335932496
23.9830000000002,1592.81579613596
23.9840000000002,1278.94318739544
23.9850000000001,992.19169236474
23.9860000000001,738.306669486986
23.9870000000001,522.975585253713
23.9880000000001,347.046376104687
23.989,208.74191519182
23.99,104.415181708202
23.9910000000002,28.8495255722117
23.9920000000002,-23.6272292233012
23.9930000000002,-54.805306194432
23.9940000000001,-66.7827035475483
23.9950000000001,-59.9937850652711
23.9960000000001,-33.2879651631359
23.9970000000001,15.0048044212121
23.998,86.6831547887112
23.999,186.120849090684
24,314.742136989688
24.0010000000002,471.930751187593
24.0020000000002,654.557491612826
24.0030000000002,856.204449971133
24.0040000000001,1067.91260515031
24.0050000000001,1281.96739948703
24.0060000000001,1488.34692932862
24.0070000000001,1677.42439791348
24.008,1841.01066832091
24.009,1972.48759416501
24.0100000000002,2067.90472828059
24.0110000000002,2129.03032663509
24.0120000000002,2158.6855748904
24.0130000000001,2161.73848912528
24.0140000000001,2144.29151104492
24.0150000000001,2112.04780517736
24.0160000000001,2070.26067322836
24.0170000000001,2025.90596075629
24.018,1982.99125944644
24.019,1944.10315805068
24.0200000000002,1910.57696258925
24.0210000000002,1881.94817671732
24.0220000000002,1857.35189514774
24.0230000000001,1838.51075509037
24.0240000000001,1825.32515876303
24.0250000000001,1817.73637307433
24.0260000000001,1815.70681899171
24.027,1818.07126464355
24.028,1823.86444681133
24.0290000000002,1834.75992995786
24.0300000000002,1849.84680916001
24.0310000000002,1867.76302432424
24.0320000000002,1886.88063582156
24.0330000000001,1904.30209287618
24.0340000000001,1918.06140371596
24.0350000000001,1929.69143253313
24.0360000000001,1938.60963808696
24.037,1944.53909574744
24.038,1947.53752375799
24.0390000000002,1946.82589573829
24.0400000000002,1942.51195183271
24.0410000000002,1937.49821145785
24.0420000000001,1932.5269512931
24.0430000000001,1928.09678886038
24.0440000000001,1924.47545888712
24.0450000000001,1920.98299683668
24.046,1917.06213761918
24.047,1914.05828833935
24.048,1912.21140939527
24.0490000000002,1911.70039222107
24.0500000000002,1912.56260222023
24.0510000000002,1914.07044633447
24.0520000000001,1915.2885740771
24.0530000000001,1916.72073356085
24.0540000000001,1918.28835895192
24.0550000000001,1919.96832618362
24.056,1921.74812127857
24.057,1923.00330386121
24.0580000000002,1923.11569710108
24.0590000000002,1923.00551692939
24.0600000000002,1923.09812081666
24.0610000000001,1923.84796855081
24.0620000000001,1925.60074076049
24.0630000000001,1927.68331527469
24.0640000000001,1929.57949720138
24.0650000000001,1932.27540059798
24.066,1935.73719176697
24.067,1939.8764595587
24.0680000000002,1944.54917250426
24.0690000000002,1948.45206354735
24.0700000000002,1951.18505057647
24.0710000000001,1954.17665842561
24.0720000000001,1957.43674259002
24.0730000000001,1960.91487776956
24.0740000000001,1964.49535696996
24.075,1966.81846189315
24.076,1967.61595074556
24.0770000000002,1968.37293821346
24.0780000000002,1969.13050505843
24.0790000000002,1969.90422392426
24.0800000000002,1970.70425629029
24.0810000000001,1970.38426887026
24.0820000000001,1968.96147193289
24.0830000000001,1968.10144168268
24.0840000000001,1968.13499542932
24.085,1969.28502433215
24.086,1971.61528173612
24.0870000000002,1973.8189839852
24.0880000000002,1975.63827193829
24.0890000000002,1978.21872662795
24.0900000000001,1981.3883580026
24.0910000000001,1984.93180459972
24.0920000000001,1988.63293549365
24.0930000000001,1991.07179795251
24.0940000000001,1992.25613492709
24.095,1993.68105738416
24.096,1995.62202035421
24.0970000000002,1998.29108577796
24.0980000000002,2001.77054519365
24.0990000000002,2004.68350759848
24.1000000000001,2006.97406892601
24.1010000000001,2009.75242785966
24.1020000000001,2012.79580963035
24.1030000000001,2015.81154658195
24.104,2018.50703235721
24.105,2019.34972670009
24.1060000000002,2018.53028175144
24.1070000000002,2017.59505922058
24.1080000000002,2017.03345559932
24.1090000000002,2017.36577588013
24.1100000000001,2019.05261898122
24.1110000000001,2021.06532756561
24.1120000000001,2023.86831787776
24.1130000000001,2028.78059085516
24.114,2035.71851643155
24.115,2044.32735110956
24.1160000000002,2054.02119405629
24.1170000000002,2062.67668056436
24.1180000000002,2069.91602655609
24.1190000000001,2076.36996924159
24.1200000000001,2081.64611496311
24.1210000000001,2085.45344880237
24.1220000000001,2087.61515013629
24.123,2086.67083987379
24.124,2083.18080335507
24.125,2078.65406701255
24.1260000000002,2073.57983677615
24.1270000000002,2068.42886794566
24.1280000000002,2063.61031160812
24.1290000000001,2058.01299711683
24.1300000000001,2052.44951238509
24.1310000000001,2048.36410869064
24.1320000000001,2046.03798092438
24.133,2045.59211557117
24.134,2046.98168392572
24.1350000000002,2048.52348275407
24.1360000000002,2050.5621650163
24.1370000000002,2053.98188144654
24.1380000000001,2058.56266885406
24.1390000000001,2063.98764278877
24.1400000000001,2069.86011799931
24.1410000000001,2074.20060878101
24.1420000000001,2077.30535330854
24.143,2080.04364937777
24.144,2082.34053608308
24.1450000000002,2084.1477824232
24.1460000000002,2085.439061507
24.1470000000002,2084.6150257637
24.1480000000001,2082.51578675328
24.1490000000001,2080.44114557825
24.1500000000001,2078.69887648439
24.1510000000001,2077.50444451435
24.152,2076.94173667306
24.153,2075.29002542182
24.1540000000002,2073.27247475719
24.1550000000002,2071.86920136228
24.1560000000002,2071.04392549766
24.1570000000002,2070.69110784226
24.1580000000001,2070.65801878363
24.1590000000001,2069.06796654836
24.1600000000001,2066.76423998966
24.1610000000001,2064.86310296812
24.162,2063.57870746674
24.163,2063.07768408218
24.1640000000002,2063.43344028789
24.1650000000002,2062.84307064108
24.1660000000002,2062.22141511117
24.1670000000001,2062.4976437177
24.1680000000001,2063.60761724111
24.1690000000001,2065.36572203529
24.1700000000001,2067.47819988864
24.171,2067.76734982433
24.172,2066.99871336049
24.173,2065.96117580506
24.1740000000002,2064.60273128208
24.1750000000002,2062.85414168002
24.1760000000002,2060.61373741191
24.1770000000001,2055.90539933955
24.1780000000001,2049.85230633524
24.1790000000001,2043.48059474614
24.1800000000001,2037.02137223009
24.181,2030.71206073369
24.182,2024.78875931304
24.1830000000002,2017.62411811112
24.1840000000002,2010.78335415966
24.1850000000002,2005.54055987741
24.1860000000001,2002.29840981339
24.1870000000001,2001.29424694426
24.1880000000001,2002.55658055807
24.1890000000001,2004.01215739788
24.1900000000001,2006.68718017893
24.191,2011.09270635936
24.192,2016.88852626796
24.1930000000002,2023.65136687529
24.1940000000002,2030.92865853927
24.1950000000002,2036.37044590507
24.1960000000001,2041.14033422265
24.1970000000001,2046.05706389273
24.1980000000001,2051.34065706404
24.1990000000001,2057.24873580204
24.2,2064.01265325422
24.201,2069.81634607779
24.2020000000002,2076.27723884887
24.2030000000002,2084.27699643452
24.2040000000002,2093.85708305108
24.2050000000002,2104.85670250723
24.2060000000001,2116.92145306158
24.2070000000001,2127.55053469207
24.2080000000001,2137.80642453721
24.2090000000001,2148.00156504267
24.21,2157.81942948704
24.211,2166.95219479887
24.2120000000002,2175.11842562074
24.2130000000002,2180.0551956022
24.2140000000002,2183.3446494027
24.2150000000001,2185.82407135596
24.2160000000001,2187.79785162919
24.2170000000001,2189.57845859859
24.2180000000001,2191.44744122166
24.2190000000001,2191.5665869877
24.22,2191.9044783578
24.221,2193.39998450116
24.2220000000002,2196.31182198127
24.2230000000002,2200.72223805237
24.2240000000002,2206.51314238764
24.2250000000001,2211.26648927749
24.2260000000001,2216.39328927227
24.2270000000001,2222.11750955808
24.2280000000001,2228.03185898168
24.229,2233.62266556492
24.23,2238.30067487089
24.2310000000002,2239.29836165051
24.2320000000002,2238.03235869682
24.2330000000002,2234.85104357275
24.2340000000002,2229.74928413283
24.2350000000001,2222.84188599568
24.2360000000001,2214.35322696666
24.2370000000001,2202.41947199609
24.2380000000001,2189.50837292143
24.239,2176.85668977365
24.24,2165.24254474172
24.2410000000002,2155.33794578195
24.2420000000002,2147.63709417628
24.2430000000002,2140.22575416433
24.2440000000001,2135.25473564713
24.2450000000001,2133.27724735487
24.2460000000001,2134.22635193597
24.2470000000001,2137.81142742293
24.248,2143.53953411496
24.249,2148.5268182739
24.25,2154.20959158639
24.2510000000002,2160.50035404062
24.2520000000002,2166.92975800708
24.2530000000002,2173.00428271374
24.2540000000001,2178.21277287109
24.2550000000001,2179.76108301127
24.2560000000001,2179.50025313725
24.2570000000001,2177.77305800545
24.258,2174.7210870552
24.259,2170.59802909024
24.2600000000002,2165.74562123489
24.2610000000002,2158.24602958344
24.2620000000002,2150.89612059271
24.2630000000001,2144.70556162203
24.2640000000001,2140.26026944584
24.2650000000001,2137.91353735895
24.2660000000001,2137.71996666065
24.2670000000001,2137.04875510854
24.268,2137.86587438697
24.269,2140.04378409983
24.2700000000002,2143.07852065351
24.2710000000002,2146.42322260669
24.2720000000002,2149.56793514431
24.2730000000001,2149.64446572175
24.2740000000001,2149.05112774591
24.2750000000001,2148.28014142057
24.2760000000001,2147.69743088227
24.277,2147.66988183617
24.278,2148.47245519679
24.2790000000002,2147.71468957657
24.2800000000002,2148.07129525602
24.2810000000002,2149.84538760486
24.2820000000002,2152.98782011211
24.2830000000001,2157.30464768649
24.2840000000001,2162.49647715006
24.2850000000001,2165.66921477102
24.2860000000001,2169.27044682894
24.287,2173.42372840357
24.288,2178.06729950918
24.2890000000002,2183.04727129368
24.2900000000002,2188.07696949018
24.2910000000002,2190.13924262333
24.2920000000001,2191.62801453755
24.2930000000001,2192.41840770802
24.2940000000001,2192.27520796639
24.2950000000001,2191.01638268797
24.296,2188.56846849918
24.297,2182.39900265592
24.298,2175.74935910548
24.2990000000002,2169.43638544139
24.3000000000002,2164.2527867274
24.3010000000002,2160.90892806572
24.3020000000001,2159.91069162074
24.3030000000001,2158.847727384
24.3040000000001,2160.62316947792
24.3050000000001,2165.17058763246
24.306,2172.07665560192
24.307,2180.65304071502
24.3080000000002,2189.9744388936
24.3090000000002,2196.49533321079
24.3100000000002,2202.26067444536
24.3110000000001,2206.81424565993
24.3120000000001,2209.81646860867
24.3130000000001,2211.06632600619
24.3140000000001,2210.40152119537
24.3150000000001,2205.32153419439
24.316,2198.94649389326
24.317,2191.86342673681
24.3180000000002,2184.67078362807
24.3190000000002,2177.953638549
24.3200000000002,2172.11742018334
24.3210000000001,2165.13867592726
24.3220000000001,2160.3105277738
24.3230000000001,2158.19655781614
24.3240000000001,2159.12245178223
24.325,2163.13692346316
24.326,2169.81287763144
24.3270000000002,2176.1895773226
24.3280000000002,2184.36975957561
24.3290000000002,2193.74343758516
24.3300000000002,2203.56609611423
24.3310000000001,2213.04882643127
24.3320000000001,2221.2257549666
24.3330000000001,2225.08274011532
24.3340000000001,2227.08517415135
24.335,2227.37290111785
24.336,2226.24209622027
24.3370000000002,2224.09437042414
24.3380000000002,2221.10701395612
24.3390000000002,2215.38045574294
24.3400000000001,2210.09650164791
24.3410000000001,2205.8129373884
24.3420000000001,2202.89477734987
24.3430000000001,2201.50147812991
24.3440000000001,2201.29643255135
24.345,2199.89063045956
24.346,2199.71168928214
24.3470000000002,2200.64360593125
24.3480000000002,2202.45858478364
24.3490000000002,2204.84962099248
24.3500000000001,2207.12823679654
24.3510000000001,2206.8456721937
24.3520000000001,2206.43567121245
24.3530000000001,2205.97730577344
24.354,2205.58696350577
24.355,2205.42089589009
24.3560000000002,2205.28710778714
24.3570000000002,2203.36939469604
24.3580000000002,2202.52536980551
24.3590000000002,2203.14875869433
24.3600000000001,2205.4555199399
24.3610000000001,2209.45266814597
24.3620000000001,2214.52802449874
24.3630000000001,2218.41973416515
24.364,2223.21489947315
24.365,2228.64042945381
24.3660000000002,2234.38873025249
24.3670000000002,2240.18783709016
24.3680000000002,2245.40915760283
24.3690000000001,2248.19941966348
24.3700000000001,2251.15575377057
24.3710000000001,2254.64667678244
24.3720000000001,2258.96549825121
24.373,2264.26471898128
24.374,2270.027128295
24.375,2274.32339306283
24.3760000000002,2279.30024556238
24.3770000000002,2284.73952320097
24.3780000000002,2290.34012918823
24.3790000000001,2295.81772711471
24.3800000000001,2300.47834534569
24.3810000000001,2302.70599701929
24.3820000000001,2305.17152355148
24.383,2308.49934651918
24.384,2313.31820975936
24.3850000000002,2320.14868813717
24.3860000000002,2328.73146303174
24.3870000000002,2337.513116374
24.3880000000001,2348.57290600516
24.3890000000001,2361.45828903016
24.3900000000001,2375.33913216857
24.3910000000001,2389.10720330788
24.3920000000001,2400.91213642662
24.393,2408.0589209658
24.394,2411.95046964143
24.3950000000002,2412.12132601033
24.3960000000002,2408.41721808471
24.3970000000002,2401.02487104634
24.3980000000001,2389.80617686627
24.3990000000001,2374.13042865235
24.4000000000001,2357.40348586552
24.4010000000001,2340.95148893881
24.402,2325.97890855955
24.403,2313.45153510221
24.4040000000002,2303.24576822286
24.4050000000002,2294.07588309394
24.4060000000002,2288.48395137283
24.4070000000002,2286.40793818519
24.4080000000001,2287.40538586576
24.4090000000001,2290.67990127259
24.4100000000001,2294.21275861703
24.4110000000001,2294.95006810112
24.412,2294.65709307466
24.413,2292.81668657938
24.4140000000002,2289.13818203912
24.4150000000002,2283.55000744664
24.4160000000002,2275.08221025794
24.4170000000001,2262.05852478535
24.4180000000001,2248.08811307032
24.4190000000001,2234.29204568213
24.4200000000001,2221.7314424192
24.421,2211.2164425459
24.422,2202.18034623099
24.423,2193.11029358425
24.4240000000002,2186.28472326192
24.4250000000002,2181.43616290442
24.4260000000002,2178.13556469625
24.4270000000001,2175.93128498185
24.4280000000001,2173.79640107926
24.4290000000001,2170.88493937385
24.4300000000001,2168.87542691695
24.431,2167.79663462344
24.432,2167.58431836625
24.4330000000002,2168.08039665466
24.4340000000002,2168.62347443687
24.4350000000002,2168.87583879092
24.4360000000001,2169.65086778808
24.4370000000001,2170.47391865529
24.4380000000001,2170.90308963425
24.4390000000001,2170.73950282225
24.4400000000001,2169.64723265615
24.441,2168.0710313665
24.442,2168.07150707197
24.4430000000002,2170.26976208998
24.4440000000002,2174.87250981821
24.4450000000002,2181.54688104659
24.4460000000001,2188.56265888443
24.4470000000001,2194.08041286185
24.4480000000001,2198.53210346629
24.4490000000001,2200.76546321676
24.45,2200.07486115626
24.451,2196.53338589272
24.4520000000002,2190.08355695122
24.4530000000002,2182.01008718661
24.4540000000002,2177.47089132503
24.4550000000002,2180.02009406683
24.4560000000001,2193.0196904309
24.4570000000001,2219.12308853453
24.4580000000001,2258.76609347607
24.4590000000001,2311.61269705372
24.46,2378.99521640844
24.461,2459.46079242291
24.4620000000002,2551.06926917381
24.4630000000002,2651.87324409547
24.4640000000002,2759.21046136968
24.4650000000001,2871.57713233117
24.4660000000001,2990.45521221627
24.4670000000001,3115.6494602915
24.4680000000001,3246.4581457516
24.4690000000001,3381.09970453268
24.47,3515.11546006003
24.471,3643.03598360157
24.4720000000002,3760.22519917073
24.4730000000002,3859.13723306178
24.4740000000002,3931.71325291021
24.4750000000001,3970.24808271403
24.4760000000001,3967.05829409055
24.4770000000001,3917.25575277092
24.4780000000001,3820.73531180623
24.479,3678.19327746347
24.48,3492.5864821429
24.4810000000002,3268.69809331621
24.4820000000002,3011.37289890895
24.4830000000002,2727.1653817377
24.4840000000002,2425.21403970518
24.4850000000001,2113.09802712942
24.4860000000001,1798.30629517951
24.4870000000001,1488.22379922949
24.4880000000001,1188.91729921838
24.489,907.43422895532
24.49,652.721212404022
24.4910000000002,431.725816197556
24.4920000000002,250.569649908129
24.4930000000002,114.143993219303
24.4940000000001,24.4694777256131
24.4950000000001,-17.0892122005064
24.4960000000001,-9.12905220973277
24.4970000000001,46.3899950349631
24.498,145.851071632501
24.499,284.289762867136
24.5,454.412305526664
24.5010000000002,649.545019865716
24.5020000000002,864.421526554982
24.5030000000002,1091.98977817429
24.5040000000001,1324.95587789542
24.5050000000001,1555.86623690153
24.5060000000001,1775.87888086918
24.5070000000001,1977.83681093377
24.508,2156.93552764626
24.509,2307.94821601087
24.5100000000002,2427.09902861107
24.5110000000002,2512.43852415969
24.5120000000002,2562.65692412786
24.5130000000001,2580.11660810347
24.5140000000001,2570.7041890431
24.5150000000001,2540.31629486224
24.5160000000001,2495.63139073229
24.5170000000001,2443.40196682583
24.518,2388.30677036539
24.519,2335.63207770755
24.5200000000002,2290.73306975343
24.5210000000002,2255.98684123819
24.5220000000002,2232.26513423388
24.5230000000001,2219.18898613564
24.5240000000001,2213.84223375994
24.5250000000001,2214.91741886957
24.5260000000001,2222.3319420272
24.527,2234.50647367912
24.528,2249.99983883565
24.5290000000002,2267.55802197386
24.5300000000002,2284.18353459039
24.5310000000002,2299.69141224357
24.5320000000002,2315.22575992315
24.5330000000001,2330.12981063288
24.5340000000001,2343.68375076465
24.5350000000001,2355.19612927758
24.5360000000001,2361.95707968317
24.537,2364.64711759856
24.538,2365.30864049068
24.5390000000002,2364.1983763555
24.5400000000002,2361.60790149877
24.5410000000002,2357.8617119533
24.5420000000001,2351.35700477544
24.5430000000001,2343.29027742849
24.5440000000001,2335.79260080388
24.5450000000001,2329.27678635788
24.546,2323.94750880587
24.547,2319.8387238666
24.548,2315.44935314131
24.5490000000002,2311.01233318295
24.5500000000002,2307.74771585049
24.5510000000002,2305.97004856672
24.5520000000001,2305.93594454883
24.5530000000001,2307.73958562671
24.5540000000001,2310.18156797032
24.5550000000001,2312.88717652136
24.556,2316.36187787006
24.557,2320.58680056895
24.5580000000002,2325.52793580844
24.5590000000002,2331.06148894669
24.5600000000002,2335.74488206904
24.5610000000001,2339.38631664176
24.5620000000001,2342.69886452302
24.5630000000001,2345.90115897885
24.5640000000001,2349.27185945241
24.5650000000001,2353.03939421047
24.566,2355.62757460515
24.567,2357.69417122174
24.5680000000002,2360.40348312647
24.5690000000002,2363.86281728277
24.5700000000002,2368.05809098496
24.5710000000001,2372.83342291784
24.5720000000001,2375.86763886277
24.5730000000001,2377.90378285699
24.5740000000001,2379.98046648973
24.575,2381.89669334268
24.576,2383.38163952524
24.5770000000002,2384.13400625019
24.5780000000002,2381.8512149689
24.5790000000002,2377.54953024575
24.5800000000002,2372.65736440392
24.5810000000001,2367.6581294589
24.5820000000001,2363.13124681482
24.5830000000001,2359.70118469192
24.5840000000001,2355.96838734558
24.585,2353.6789507017
24.586,2354.62573238653
24.5870000000002,2359.36569373048
24.5880000000002,2368.09815196087
24.5890000000002,2380.58761681956
24.5900000000001,2394.06069917335
24.5910000000001,2408.77041356158
24.5920000000001,2424.73702876272
24.5930000000001,2440.84641655028
24.5940000000001,2455.93525259865
24.595,2468.91554650321
24.596,2476.74173537507
24.5970000000002,2480.29498430831
24.5980000000002,2480.71297944225
24.5990000000002,2478.52807800389
24.6000000000001,2474.51601393106
24.6010000000001,2469.56941821974
24.6020000000001,2462.36596106169
24.6030000000001,2455.21126142719
24.604,2449.94001811338
24.605,2447.16088126828
24.6060000000002,2447.08550441326
24.6070000000002,2449.5140987739
24.6080000000002,2451.64325326553
24.6090000000002,2454.29938675048
24.6100000000001,2457.8300208743
24.6110000000001,2461.71914214508
24.6120000000001,2465.51296933941
24.6130000000001,2468.87184753174
24.614,2469.33649238857
24.615,2468.60798895244
24.6160000000002,2468.04282012134
24.6170000000002,2468.27016358824
24.6180000000002,2469.88368369796
24.6190000000001,2473.33107777704
24.6200000000001,2476.50670778622
24.6210000000001,2481.20331296165
24.6220000000001,2488.30647827454
24.623,2497.6634238378
24.624,2508.85632948897
24.625,2521.23765031358
24.6260000000002,2531.6145471368
24.6270000000002,2541.065705473
24.6280000000002,2549.92375546457
24.6290000000001,2557.88206744547
24.6300000000001,2564.7368258359
24.6310000000001,2570.38069292003
24.6320000000001,2572.35660772517
24.633,2572.77203558017
24.634,2572.86022145019
24.6350000000002,2573.1608839835
24.6360000000002,2574.13006677798
24.6370000000002,2576.07335374134
24.6380000000001,2576.59727945262
24.6390000000001,2577.81133393699
24.6400000000001,2580.59413521993
24.6410000000001,2585.01212300711
24.6420000000001,2590.95722522277
24.643,2598.14026924602
24.644,2603.53526862192
24.6450000000002,2608.83112100886
24.6460000000002,2614.4453065383
24.6470000000002,2620.13270040538
24.6480000000001,2625.58967719146
24.6490000000001,2630.45710144946
24.6500000000001,2631.68738182018
24.6510000000001,2631.32783962881
24.652,2630.16374854588
24.653,2628.51436041128
24.6540000000002,2626.77057952699
24.6550000000002,2625.33783915002
24.6560000000002,2621.78450099187
24.6570000000002,2618.9715606084
24.6580000000001,2618.07455823614
24.6590000000001,2619.51095026375
24.6600000000001,2623.3931017404
24.6610000000001,2629.46650738537
24.662,2634.2282667689
24.663,2639.47444999626
24.6640000000002,2645.12230986365
24.6650000000002,2650.51895151322
24.6660000000002,2655.0272405921
24.6670000000001,2658.09978646923
24.6680000000001,2656.4044128941
24.6690000000001,2652.60380564116
24.6700000000001,2647.76754231431
24.671,2642.70571145723
24.672,2638.28854836492
24.673,2635.28431956884
24.6740000000002,2631.19250589093
24.6750000000002,2629.16842958713
24.6760000000002,2629.98614751911
24.6770000000001,2633.61715293505
24.6780000000001,2639.63218704221
24.6790000000001,2647.23993497824
24.6800000000001,2652.3225056019
24.681,2656.79992808557
24.682,2660.50676134338
24.6830000000002,2663.11786171185
24.6840000000002,2664.55330973647
24.6850000000002,2664.96462424884
24.6860000000001,2661.55098391912
24.6870000000001,2657.97935010289
24.6880000000001,2655.59896780877
24.6890000000001,2655.33705436244
24.6900000000001,2657.85013956213
24.691,2663.38784017399
24.692,2668.52336027782
24.6930000000002,2675.95942831488
24.6940000000002,2685.53301971961
24.6950000000002,2696.59981308901
24.6960000000001,2708.41242083677
24.6970000000001,2720.22155458105
24.6980000000001,2728.1107449295
24.6990000000001,2735.07149399052
24.7,2741.61421085099
24.701,2748.19670907507
24.7020000000002,2755.32679473496
24.7030000000002,2763.42367568302
24.7040000000002,2769.37898576666
24.7050000000002,2776.77987418293
24.7060000000001,2786.10336615437
24.7070000000001,2797.42977240606
24.7080000000001,2810.62530045079
24.7090000000001,2825.36399275088
24.71,2837.76881713427
24.711,2851.02850040579
24.7120000000002,2865.2395321661
24.7130000000002,2880.33562882031
24.7140000000002,2896.15803872219
24.7150000000001,2912.39645399715
24.7160000000001,2925.11204744102
24.7170000000001,2937.53770644871
24.7180000000001,2949.62423153738
24.7190000000001,2961.23846084353
24.72,2972.26392919679
24.721,2982.61175213827
24.7220000000002,2988.71621931625
24.7230000000002,2994.54019129597
24.7240000000002,3000.68588603703
24.7250000000001,3007.67033473775
24.7260000000001,3015.82147510432
24.7270000000001,3025.10957455146
24.7280000000001,3031.76565291595
24.729,3039.06731833201
24.73,3046.68292207639
24.7310000000002,3054.10995878908
24.7320000000002,3060.78743533519
24.7330000000002,3066.07711162325
24.7340000000002,3066.21759242692
24.7350000000001,3064.86847024474
24.7360000000001,3062.58071952365
24.7370000000001,3060.02234775433
24.7380000000001,3057.86412817096
24.739,3056.4711348658
24.74,3052.86119338757
24.7410000000002,3050.84633565579
24.7420000000002,3050.65797562412
24.7430000000002,3052.22594360951
24.7440000000001,3055.23092406189
24.7450000000001,3058.9499505862
24.7460000000001,3059.62863943386
24.7470000000001,3060.44343722053
24.748,3061.40084836252
24.749,3062.56554839945
24.75,3064.03495258166
24.7510000000002,3065.61057732905
24.7520000000002,3064.24118030189
24.7530000000002,3063.56135118324
24.7540000000001,3063.90534687063
24.7550000000001,3065.46024018711
24.7560000000001,3068.25675807713
24.7570000000001,3071.83572650411
24.758,3072.94317834871
24.759,3074.92656028284
24.7600000000002,3077.86133895997
24.7610000000002,3081.72739172902
24.7620000000002,3086.40377464272
24.7630000000001,3091.27385889969
24.7640000000001,3093.12423179074
24.7650000000001,3095.23197876044
24.7660000000001,3097.6581696936
24.7670000000001,3100.41232484916
24.768,3103.46667390726
24.769,3106.32032628186
24.7700000000002,3106.11730953521
24.7710000000002,3106.37631091861
24.7720000000002,3107.40736259141
24.7730000000001,3109.39679558593
24.7740000000001,3112.3770962894
24.7750000000001,3115.71115474219
24.7760000000001,3116.43289939454
24.777,3117.73950976955
24.778,3119.58266220717
24.7790000000002,3121.83405121163
24.7800000000002,3124.33987461004
24.7810000000002,3126.4077106471
24.7820000000002,3125.37738136742
24.7830000000001,3124.83043313013
24.7840000000001,3125.20458608198
24.7850000000001,3126.8509475015
24.7860000000001,3129.97935755492
24.787,3133.99667783085
24.788,3136.24088407521
24.7890000000002,3139.8941725343
24.7900000000002,3144.79909376519
24.7910000000002,3150.58703065394
24.7920000000001,3156.74656245563
24.7930000000001,3162.02976457006
24.7940000000001,3163.5087148471
24.7950000000001,3164.24491290365
24.796,3164.27367649795
24.797,3163.66488186734
24.798,3162.51483010862
24.7990000000002,3160.20903676848
24.8000000000002,3154.61416896275
24.8010000000002,3149.27214577172
24.8020000000001,3144.61847931311
24.8030000000001,3140.95786872231
24.8040000000001,3138.46974570296
24.8050000000001,3136.45441537426
24.806,3132.78893177275
24.807,3130.75720232884
24.8080000000002,3130.55001283216
24.8090000000002,3132.17609101525
24.8100000000002,3135.46177966193
24.8110000000001,3139.24307199766
24.8120000000001,3141.05167515727
24.8130000000001,3143.62802919069
24.8140000000001,3146.69016698385
24.8150000000001,3149.85073852801
24.816,3152.67525271152
24.817,3153.86874820879
24.8180000000002,3151.20274639517
24.8190000000002,3147.67806443937
24.8200000000002,3143.47191714052
24.8210000000001,3138.73877601454
24.8220000000001,3133.5936666891
24.8230000000001,3127.17541071751
24.8240000000001,3117.74497560349
24.825,3108.51111704576
24.826,3099.77603111836
24.8270000000002,3091.72873511387
24.8280000000002,3084.47152260299
24.8290000000002,3077.07050474598
24.8300000000002,3067.89902817816
24.8310000000001,3060.12536897867
24.8320000000001,3054.04919249036
24.8330000000001,3049.81203408556
24.8340000000001,3047.3867403027
24.835,3045.54953053914
24.836,3042.44102577411
24.8370000000002,3040.75671564351
24.8380000000002,3040.33773139479
24.8390000000002,3040.90342545427
24.8400000000001,3042.10958775192
24.8410000000001,3042.52460326105
24.8420000000001,3040.43813454682
24.8430000000001,3038.69481504187
24.8440000000001,3037.4686699585
24.845,3036.87492615797
24.846,3036.94703825491
24.8470000000002,3036.49401414049
24.8480000000002,3034.0692703456
24.8490000000002,3032.38024067111
24.8500000000001,3031.35359008186
24.8510000000001,3030.72792615225
24.8520000000001,3030.10941524798
24.8530000000001,3027.88196490879
24.854,3022.48597223258
24.855,3016.49011228834
24.8560000000002,3009.97073912127
24.8570000000002,3003.0402194808
24.8580000000002,2995.86380353536
24.8590000000002,2987.45803400738
24.8600000000001,2977.07881362974
24.8610000000001,2967.80058071678
24.8620000000001,2960.07958779584
24.8630000000001,2954.14496740573
24.864,2949.99118853328
24.865,2946.18042918501
24.8660000000002,2941.48693032625
24.8670000000002,2938.14263074391
24.8680000000002,2935.88566926165
24.8690000000001,2934.3758899079
24.8700000000001,2933.28457874198
24.8710000000001,2931.1186067471
24.8720000000001,2927.04708662427
24.873,2923.6811700964
24.874,2921.30807516215
24.875,2920.09585984529
24.8760000000002,2920.05946312216
24.8770000000002,2919.76056251349
24.8780000000002,2918.30786110999
24.8790000000001,2917.82700954041
24.8800000000001,2918.03917430402
24.8810000000001,2918.54990583528
24.8820000000001,2918.96173715992
24.883,2917.65327731908
24.884,2914.01404523377
24.8850000000002,2910.56196430594
24.8860000000002,2907.67613332973
24.8870000000002,2905.66956604566
24.8880000000001,2904.73661008394
24.8890000000001,2903.56483118943
24.8900000000001,2901.64891487236
24.8910000000001,2901.07515634071
24.8920000000001,2901.61007669801
24.893,2902.82875962744
24.894,2904.2221010536
24.8950000000002,2903.92153411577
24.8960000000002,2901.2718511716
24.8970000000002,2898.31767139504
24.8980000000001,2895.08803455584
24.8990000000001,2891.54467075709
24.9000000000001,2887.55842616845
24.9010000000001,2881.48680956479
24.902,2872.87200716145
24.903,2863.62950442887
24.9040000000002,2853.64140935413
24.9050000000002,2842.77391255531
24.9060000000002,2830.97996109132
24.9070000000002,2816.88261110942
24.9080000000001,2800.71111319943
24.9090000000001,2785.183005984
24.9100000000001,2771.02505724459
24.9110000000001,2758.75615228096
24.912,2748.57898499427
24.913,2738.60554285181
24.9140000000002,2728.2001117838
24.9150000000002,2718.99805983583
24.9160000000002,2710.34847415159
24.9170000000001,2701.46012723371
24.9180000000001,2691.54268294256
24.9190000000001,2677.92759650214
24.9200000000001,2660.08790792574
24.921,2640.75457851293
24.922,2620.75080259339
24.923,2601.01441109192
24.9240000000002,2582.39602609701
24.9250000000002,2563.37700633905
24.9260000000002,2544.13840719975
24.9270000000001,2527.29667058281
24.9280000000001,2512.99459232968
24.9290000000001,2501.087989853
24.9300000000001,2491.22289576994
24.931,2481.44062676585
24.932,2471.59806251521
24.9330000000002,2463.0024906063
24.9340000000002,2455.35042349623
24.9350000000002,2448.3665422964
24.9360000000001,2441.89605571153
24.9370000000001,2435.05806762674
24.9380000000001,2428.69018607053
24.9390000000001,2423.93425570841
24.9400000000001,2420.57023532477
24.941,2418.1064616891
24.942,2415.90613157726
24.9430000000002,2412.49605593841
24.9440000000002,2408.14335771579
24.9450000000002,2403.39676806679
24.9460000000001,2397.86143331788
24.9470000000001,2391.32606999691
24.9480000000001,2383.90994970236
24.9490000000001,2374.94805930703
24.95,2365.98924875604
24.951,2359.09585932096
24.9520000000002,2354.80916154063
24.9530000000002,2353.11605457936
24.9540000000002,2353.40342085892
24.9550000000002,2352.92474647306
24.9560000000001,2351.04940369357
24.9570000000001,2348.13624486699
24.9580000000001,2343.52779593501
24.9590000000001,2337.29409863115
24.96,2330.4841276358
24.961,2323.38357411627
24.9620000000002,2319.69199737813
24.9630000000002,2324.41095187806
24.9640000000002,2340.87729552169
24.9650000000001,2371.60339300332
24.9660000000001,2417.87773686
24.9670000000001,2477.89630759416
24.9680000000001,2551.23890085901
24.9690000000001,2637.34376813293
24.97,2734.02014918034
24.971,2839.33712089817
24.9720000000002,2952.08101631162
24.9730000000002,3070.21860498243
24.9740000000002,3194.92200051313
24.9750000000001,3327.75747102379
24.9760000000001,3467.96910906203
24.9770000000001,3612.7093210681
24.9780000000001,3756.31573037691
24.979,3888.33898298553
24.98,3998.27890777412
24.9810000000002,4074.19492689651
24.9820000000002,4102.58700124471
24.9830000000002,4071.35483232753
24.9840000000002,3971.66112306497
24.9850000000001,3797.7721091278
24.9860000000001,3552.50206582719
24.9870000000001,3244.88474999636
24.9880000000001,2888.06795868416
24.989,2499.01126417143
24.99,2096.64267366914
24.9910000000002,1698.12299656139
24.9920000000002,1321.5022302271
24.9930000000002,981.595126738443
24.9940000000001,687.854019059376
24.9950000000001,445.187053007607
24.9960000000001,254.411463030741
24.9970000000001,111.478999561182
24.998,13.2364088367609
24.999,-44.2037173369743
25,-65.5116100477589
25.0010000000002,-54.5061174333233
25.0020000000002,-13.8487909177849
25.0030000000002,53.1653179553853
25.0040000000001,146.8528045564
25.0050000000001,267.514109664474
25.0060000000001,413.893423706658
25.0070000000001,583.513502983336
25.008,772.339345726837
25.009,972.993274731135
25.0100000000002,1179.72467458142
25.0110000000002,1385.67540982106
25.0120000000002,1582.81146207453
25.0130000000001,1763.51430414722
25.0140000000001,1921.31350928579
25.0150000000001,2049.72800612706
25.0160000000001,2147.5203557541
25.0170000000001,2215.3822624484
25.018,2255.17755490002
25.019,2270.34422286137
25.0200000000002,2265.35185339145
25.0210000000002,2243.31325654533
25.0220000000002,2210.44171608495
25.0230000000001,2171.99053461843
25.0240000000001,2131.54076252457
25.0250000000001,2091.67829890321
25.0260000000001,2054.08019065754
25.027,2017.86575237612
25.028,1985.09416902614
25.0290000000002,1957.01424176223
25.0300000000002,1933.94678660769
25.0310000000002,1916.09552496056
25.0320000000002,1903.54645154718
25.0330000000001,1894.14748720637
25.0340000000001,1889.49218644495
25.0350000000001,1889.97659686942
25.0360000000001,1894.78107341916
25.037,1902.76899472621
25.038,1912.65365472937
25.0390000000002,1920.76078406036
25.0400000000002,1928.44903175393
25.0410000000002,1935.96042795364
25.0420000000001,1942.74282834305
25.0430000000001,1948.38173467863
25.0440000000001,1952.61704453902
25.0450000000001,1952.80130350469
25.046,1951.47118757183
25.047,1949.58541443991
25.048,1947.00320232953
25.0490000000002,1943.42203497875
25.0500000000002,1938.50920814294
25.0510000000002,1930.22077631325
25.0520000000001,1920.08908916609
25.0530000000001,1909.04732352009
25.0540000000001,1897.61288545108
25.0550000000001,1886.3155742834
25.056,1875.60437998482
25.057,1864.63033069614
25.0580000000002,1854.17836194916
25.0590000000002,1844.86169349062
25.0600000000002,1836.99641943452
25.0610000000001,1830.78345222636
25.0620000000001,1826.24865682917
25.0630000000001,1822.14387123973
25.0640000000001,1818.73499283727
25.0650000000001,1816.24177256476
25.066,1814.76662801227
25.067,1814.4414395206
25.0680000000002,1815.34693852665
25.0690000000002,1816.02023994819
25.0700000000002,1817.43565372331
25.0710000000001,1819.9762784559
25.0720000000001,1823.68515818087
25.0730000000001,1828.50513595105
25.0740000000001,1834.22979445551
25.075,1838.54126029605
25.076,1842.8007958324
25.0770000000002,1847.04803553473
25.0780000000002,1850.84098185967
25.0790000000002,1853.70218699709
25.0800000000002,1855.17795465797
25.0810000000001,1852.79448320318
25.0820000000001,1848.46173862251
25.0830000000001,1842.74422163215
25.0840000000001,1835.90592124669
25.085,1828.2767575536
25.086,1820.22492580813
25.0870000000002,1810.09663255329
25.0880000000002,1800.32677532689
25.0890000000002,1791.82530807011
25.0900000000001,1785.03546293712
25.0910000000001,1780.22815351099
25.0920000000001,1777.48547867666
25.0930000000001,1774.71426697335
25.0940000000001,1773.71426079774
25.095,1774.68804458359
25.096,1777.43591336679
25.0970000000002,1781.65848458963
25.0980000000002,1786.9795869985
25.0990000000002,1790.94774693252
25.1000000000001,1795.26519847753
25.1010000000001,1800.06675887234
25.1020000000001,1805.24071070604
25.1030000000001,1810.67442870396
25.104,1816.24518519759
25.105,1819.75095845162
25.1060000000002,1823.25879216086
25.1070000000002,1827.1025440984
25.1080000000002,1831.3306997556
25.1090000000002,1835.90647888281
25.1100000000001,1840.69620332282
25.1110000000001,1843.38729352043
25.1120000000001,1845.95474154946
25.1130000000001,1848.51607057976
25.114,1850.93492440158
25.115,1853.01848539032
25.1160000000002,1854.53599833394
25.1170000000002,1853.16434005779
25.1180000000002,1850.99203324975
25.1190000000001,1848.3104882732
25.1200000000001,1845.30568880599
25.1210000000001,1842.19636934876
25.1220000000001,1839.21390869445
25.123,1834.4954021252
25.124,1830.56337330733
25.125,1827.96851451523
25.1260000000002,1827.0292622344
25.1270000000002,1827.89968410907
25.1280000000002,1830.53664385319
25.1290000000001,1832.59649963477
25.1300000000001,1836.03531829717
25.1310000000001,1840.67334684381
25.1320000000001,1846.13682013406
25.133,1851.97927076418
25.134,1857.72140308139
25.1350000000002,1860.7727639784
25.1360000000002,1863.1599443131
25.1370000000002,1864.87348456591
25.1380000000001,1865.89844412093
25.1390000000001,1866.24202994923
25.1400000000001,1865.90805953961
25.1410000000001,1862.74797600532
25.1420000000001,1859.24194126606
25.143,1855.65089506674
25.144,1852.18335703776
25.1450000000002,1849.01084975463
25.1460000000002,1846.23138984353
25.1470000000002,1841.87701329157
25.1480000000001,1838.43040740779
25.1490000000001,1836.15541723265
25.1500000000001,1835.17254016222
25.1510000000001,1835.44110759107
25.152,1836.67623821275
25.153,1836.48890972554
25.1540000000002,1836.77634599418
25.1550000000002,1837.27195473364
25.1560000000002,1837.67182572693
25.1570000000002,1837.70126444551
25.1580000000001,1837.05684054533
25.1590000000001,1833.65211476568
25.1600000000001,1829.90590652451
25.1610000000001,1826.22209424584
25.162,1823.00054177881
25.163,1820.5728963826
25.1640000000002,1818.99536538279
25.1650000000002,1816.31392412105
25.1660000000002,1814.77734095505
25.1670000000001,1814.35439251855
25.1680000000001,1814.85251989354
25.1690000000001,1815.97713571195
25.1700000000001,1817.21346038973
25.171,1816.30019572283
25.172,1815.3774142015
25.173,1814.5378005985
25.1740000000002,1813.88702959827
25.1750000000002,1813.51214398245
25.1760000000002,1813.22772285389
25.1770000000001,1811.0842456946
25.1780000000001,1809.32168760453
25.1790000000001,1807.98567258285
25.1800000000001,1807.01246747129
25.181,1806.26293325785
25.182,1805.31044933304
25.1830000000002,1802.14192231618
25.1840000000002,1798.96322104606
25.1850000000002,1795.93862806774
25.1860000000001,1793.20620442597
25.1870000000001,1790.84886484356
25.1880000000001,1788.58266841052
25.1890000000001,1784.55100514573
25.1900000000001,1780.85173424155
25.191,1777.46771354566
25.192,1774.28392305034
25.1930000000002,1771.1290342713
25.1940000000002,1767.50829407295
25.1950000000002,1761.60912966221
25.1960000000001,1755.62446323042
25.1970000000001,1749.82098692491
25.1980000000001,1744.48835219266
25.1990000000001,1739.91465813069
25.2,1736.00943293295
25.201,1731.37959017744
25.2020000000002,1728.35319507205
25.2030000000002,1727.18135996728
25.2040000000002,1727.95748135
25.2050000000002,1730.63027561103
25.2060000000001,1734.65408501159
25.2070000000001,1738.26599764766
25.2080000000001,1743.33817316921
25.2090000000001,1749.78946312095
25.21,1757.47956318112
25.211,1766.22056860177
25.2120000000002,1775.38315212435
25.2130000000002,1783.29408597862
25.2140000000002,1791.80513132643
25.2150000000001,1800.87809085884
25.2160000000001,1810.42169130781
25.2170000000001,1820.30167279319
25.2180000000001,1829.91769465547
25.2190000000001,1837.73558361993
25.22,1845.63971227339
25.221,1853.64912003654
25.2220000000002,1861.70993524507
25.2230000000002,1869.6977223286
25.2240000000002,1876.96717927361
25.2250000000001,1882.03104628152
25.2260000000001,1886.71326236596
25.2270000000001,1891.0649873594
25.2280000000001,1895.14416842498
25.229,1899.03545075824
25.23,1902.36480523954
25.2310000000002,1904.07785351754
25.2320000000002,1906.31944059908
25.2330000000002,1909.41741078483
25.2340000000002,1913.54954122053
25.2350000000001,1918.70469482158
25.2360000000001,1924.14242188398
25.2370000000001,1928.32472359356
25.2380000000001,1932.69434150252
25.239,1936.88266449901
25.24,1940.47809756251
25.2410000000002,1943.10234966703
25.2420000000002,1943.91638812737
25.2430000000002,1941.70086816492
25.2440000000001,1938.38828743791
25.2450000000001,1934.30820233083
25.2460000000001,1929.78660162843
25.2470000000001,1925.08375613319
25.248,1919.76057861611
25.249,1912.82978755565
25.25,1906.10045754601
25.2510000000002,1899.63555115602
25.2520000000002,1893.42581250444
25.2530000000002,1887.44809360649
25.2540000000001,1881.09904629433
25.2550000000001,1873.51718373897
25.2560000000001,1866.71592522794
25.2570000000001,1861.10121449353
25.258,1856.98557474704
25.259,1854.51368243993
25.2600000000002,1852.96278781363
25.2610000000002,1851.13884390462
25.2620000000002,1850.34293151275
25.2630000000001,1850.14425347928
25.2640000000001,1850.00912561121
25.2650000000001,1849.40266455978
25.2660000000001,1847.21425694287
25.2670000000001,1842.37998470071
25.268,1836.66949778467
25.269,1830.51392507546
25.2700000000002,1824.45309904754
25.2710000000002,1819.03956306515
25.2720000000002,1814.02477587
25.2730000000001,1808.95553556037
25.2740000000001,1805.66610954089
25.2750000000001,1804.19438878958
25.2760000000001,1804.29582046671
25.277,1805.50115328973
25.278,1806.4588338294
25.2790000000002,1805.87572765342
25.2800000000002,1804.96851421913
25.2810000000002,1803.56798135606
25.2820000000002,1801.64534225216
25.2830000000001,1799.31657302805
25.2840000000001,1796.02364351747
25.2850000000001,1791.47235668225
25.2860000000001,1787.74708651065
25.287,1785.32912252689
25.288,1784.51696686784
25.2890000000002,1785.38564937343
25.2900000000002,1786.94588263908
25.2910000000002,1788.30492100548
25.2920000000001,1790.71488203623
25.2930000000001,1793.82408761452
25.2940000000001,1797.22118755993
25.2950000000001,1800.50753775586
25.296,1802.48990386008
25.297,1802.498409984
25.298,1802.18467575653
25.2990000000002,1801.80467939222
25.3000000000002,1801.62201482825
25.3010000000002,1801.85801990711
25.3020000000001,1801.74994759963
25.3030000000001,1800.94122820958
25.3040000000001,1801.03444744146
25.3050000000001,1802.04914528003
25.306,1803.86841982571
25.307,1806.28637655089
25.3080000000002,1808.13627505249
25.3090000000002,1808.8767578293
25.3100000000002,1809.97618442845
25.3110000000001,1811.51537806506
25.3120000000001,1813.5444207927
25.3130000000001,1816.05866390742
25.3140000000001,1818.02292812052
25.3150000000001,1819.02401104406
25.316,1820.45568106023
25.317,1822.2726336007
25.3180000000002,1824.35127631864
25.3190000000002,1826.52247062536
25.3200000000002,1827.6165464068
25.3210000000001,1827.27412387555
25.3220000000001,1826.95426872748
25.3230000000001,1826.78715970153
25.3240000000001,1826.84315310428
25.325,1827.1012581936
25.326,1826.40151131886
25.3270000000002,1824.38165229029
25.3280000000002,1822.32873438727
25.3290000000002,1820.18878327188
25.3300000000002,1817.88934605239
25.3310000000001,1815.38281330182
25.3320000000001,1811.61532425831
25.3330000000001,1806.60256099265
25.3340000000001,1802.06841941998
25.335,1798.49373863066
25.336,1796.29066708228
25.3370000000002,1795.72830256756
25.3380000000002,1795.7868448246
25.3390000000002,1796.31125644179
25.3400000000001,1798.45899375241
25.3410000000001,1801.98674546804
25.3420000000001,1806.50909618989
25.3430000000001,1811.56496954584
25.3440000000001,1815.58446253262
25.345,1818.22536165225
25.346,1820.61853840163
25.3470000000002,1822.79559518612
25.3480000000002,1824.81106864231
25.3490000000002,1826.69554350146
25.3500000000001,1827.30492914092
25.3510000000001,1826.66116611705
25.3520000000001,1825.93827489186
25.3530000000001,1825.09428231654
25.354,1824.00490233962
25.355,1822.50791938149
25.3560000000002,1819.3400827075
25.3570000000002,1814.64090629513
25.3580000000002,1809.73574819632
25.3590000000002,1804.93589955128
25.3600000000001,1800.57109287113
25.3610000000001,1796.95244066061
25.3620000000001,1793.21302746969
25.3630000000001,1789.81663194505
25.364,1788.07726970163
25.365,1788.12106301503
25.3660000000002,1789.90043470398
25.3670000000002,1793.21749663766
25.3680000000002,1796.61785948207
25.3690000000001,1800.09548768241
25.3700000000001,1804.48233354576
25.3710000000001,1809.5864672675
25.3720000000001,1815.19195543346
25.373,1821.07685942819
25.374,1825.8490224764
25.375,1829.76160924455
25.3760000000002,1833.88119338389
25.3770000000002,1838.31083931353
25.3780000000002,1843.14216589762
25.3790000000001,1848.45079073805
25.3800000000001,1853.07542049873
25.3810000000001,1857.54088174698
25.3820000000001,1863.00224386109
25.383,1869.56100391729
25.384,1877.17120673913
25.3850000000002,1885.62980448654
25.3860000000002,1893.34903633317
25.3870000000002,1900.42473558546
25.3880000000001,1907.44719566059
25.3890000000001,1914.02484446265
25.3900000000001,1919.72965394018
25.3910000000001,1924.15095993611
25.3920000000001,1925.69237760934
25.393,1924.7430188032
25.394,1922.28628290878
25.3950000000002,1918.50815843136
25.3960000000002,1913.62814699732
25.3970000000002,1907.86768250948
25.3980000000001,1900.11046806796
25.3990000000001,1891.18678127893
25.4000000000001,1882.27364466035
25.4010000000001,1873.57865010046
25.402,1865.16739032557
25.403,1856.96617270178
25.4040000000002,1847.16398242004
25.4050000000002,1836.28610239392
25.4060000000002,1825.38961091377
25.4070000000002,1814.57523492016
25.4080000000001,1803.89368570967
25.4090000000001,1793.2968172655
25.4100000000001,1780.62181236449
25.4110000000001,1766.51047742674
25.412,1752.26347494065
25.413,1738.17044482982
25.4140000000002,1724.53161385889
25.4150000000002,1711.60002658145
25.4160000000002,1697.34015080108
25.4170000000001,1682.84118925286
25.4180000000001,1669.78246895051
25.4190000000001,1658.71516426889
25.4200000000001,1650.03345410955
25.421,1643.86106101862
25.422,1638.46255921109
25.423,1634.25957444357
25.4240000000002,1631.53445665434
25.4250000000002,1629.71535588013
25.4260000000002,1628.31511203063
25.4270000000001,1627.09678520221
25.4280000000001,1625.4546768475
25.4290000000001,1624.5920181085
25.4300000000001,1625.35144876457
25.431,1627.94135602655
25.432,1632.22177669421
25.4330000000002,1637.6619914649
25.4340000000002,1642.73473649223
25.4350000000002,1647.2221610985
25.4360000000001,1650.34229943095
25.4370000000001,1651.07222080902
25.4380000000001,1648.85502330645
25.4390000000001,1643.84218095881
25.4400000000001,1636.27062759495
25.441,1628.52650229847
25.442,1622.554090127
25.4430000000002,1619.51610798087
25.4440000000002,1619.8120620241
25.4450000000002,1622.90563179333
25.4460000000001,1626.28851415535
25.4470000000001,1629.05626061729
25.4480000000001,1629.66589434972
25.4490000000001,1626.51818011023
25.45,1619.04142348052
25.451,1608.13558482489
25.4520000000002,1594.68866026452
25.4530000000002,1583.98538045229
25.4540000000002,1581.68264879421
25.4550000000002,1592.85008552646
25.4560000000001,1621.67927552448
25.4570000000001,1670.71804269177
25.4580000000001,1738.68506275389
25.4590000000001,1825.27455981836
25.46,1927.8104258083
25.461,2041.90083761079
25.4620000000002,2162.89736947406
25.4630000000002,2286.76507174907
25.4640000000002,2409.14714776684
25.4650000000001,2530.21170269719
25.4660000000001,2650.7923433469
25.4670000000001,2771.86726136886
25.4680000000001,2894.10735601038
25.4690000000001,3016.81688560518
25.47,3135.45052084672
25.471,3245.56774174449
25.4720000000002,3339.07671901173
25.4730000000002,3405.02756335924
25.4740000000002,3431.20807627164
25.4750000000001,3405.73776529842
25.4760000000001,3317.30544883188
25.4770000000001,3161.53595831556
25.4780000000001,2938.57136692978
25.479,2654.16268238126
25.48,2320.05707909681
25.4810000000002,1953.11978223803
25.4820000000002,1572.08168507939
25.4830000000002,1200.03562440968
25.4840000000002,858.033663681121
25.4850000000001,563.122386869672
25.4860000000001,326.793917928217
25.4870000000001,153.815492067409
25.4880000000001,40.4026783604495
25.489,-20.2112829307704
25.49,-40.1735623994286
25.4910000000002,-34.2167406313294
25.4920000000002,-16.8263375127856
25.4930000000002,0.0511214352621506
25.4940000000001,7.10643711110449
25.4950000000001,3.4479409643531
25.4960000000001,-7.68322902504543
25.4970000000001,-19.2088725537849
25.498,-21.532388890915
25.499,-4.54033679447629
25.5,38.7582800737486
25.5010000000002,115.610148034859
25.5020000000002,228.125174630505
25.5030000000002,373.808174928635
25.5040000000001,546.325643018011
25.5050000000001,736.535582262072
25.5060000000001,932.148292718116
25.5070000000001,1124.22557305367
25.508,1303.80855895659
25.509,1463.6297123078
25.5100000000002,1598.76843478991
25.5110000000002,1706.63417020504
25.5120000000002,1784.94619371753
25.5130000000001,1836.45845141221
25.5140000000001,1863.76039781802
25.5150000000001,1869.85844814762
25.5160000000001,1858.12392588221
25.5170000000001,1832.12122195019
25.518,1793.74092793731
25.519,1748.56476303433
25.5200000000002,1700.71396963472
25.5210000000002,1653.82495769204
25.5220000000002,1611.03700773744
25.5230000000001,1574.75452462064
25.5240000000001,1544.36616987828
25.5250000000001,1522.76234826437
25.5260000000001,1509.96940777535
25.527,1504.96386860007
25.528,1506.19746476011
25.5290000000002,1511.92725613318
25.5300000000002,1518.04615784734
25.5310000000002,1526.20531110446
25.5320000000002,1535.86700023864
25.5330000000001,1546.48922016129
25.5340000000001,1557.69828350553
25.5350000000001,1569.19320849426
25.5360000000001,1577.9914678856
25.537,1586.9881164597
25.538,1595.99295878613
25.5390000000002,1604.37745500179
25.5400000000002,1611.43920248208
25.5410000000002,1616.5780334992
25.5420000000001,1617.43355276053
25.5430000000001,1616.22241127517
25.5440000000001,1613.51395349662
25.5450000000001,1609.89341892201
25.546,1605.93942760726
25.547,1602.10258197802
25.548,1597.38445803937
25.5490000000002,1592.86462373349
25.5500000000002,1588.82714416829
25.5510000000002,1585.46984314256
25.5520000000001,1582.91014046028
25.5530000000001,1581.1561846402
25.5540000000001,1578.87905668932
25.5550000000001,1576.91662839356
25.556,1575.50171299666
25.557,1574.92497801424
25.5580000000002,1575.45310226682
25.5590000000002,1577.21697874148
25.5600000000002,1578.88510735219
25.5610000000001,1581.2166558746
25.5620000000001,1584.15701050796
25.5630000000001,1587.60183736806
25.5640000000001,1591.36636704565
25.5650000000001,1595.13872635676
25.566,1596.96666979182
25.567,1598.09006456974
25.5680000000002,1598.53798844452
25.5690000000002,1598.47663710333
25.5700000000002,1598.182536196
25.5710000000001,1597.91339489946
25.5720000000001,1596.01038783308
25.5730000000001,1595.04391500351
25.5740000000001,1595.42380745402
25.575,1597.37479899661
25.576,1600.92765027304
25.5770000000002,1605.82011925814
25.5780000000002,1609.77296925713
25.5790000000002,1614.73734112901
25.5800000000002,1620.49183567323
25.5810000000001,1626.75691242115
25.5820000000001,1633.24530688191
25.5830000000001,1639.56601514582
25.5840000000001,1643.69573737955
25.585,1647.62429373295
25.586,1651.48856702444
25.5870000000002,1655.38737116374
25.5880000000002,1659.3364377568
25.5890000000002,1663.07486134179
25.5900000000001,1664.63894061207
25.5910000000001,1665.78723158558
25.5920000000001,1666.40973744561
25.5930000000001,1666.37254519487
25.5940000000001,1665.56973883845
25.595,1663.77584512489
25.596,1659.35691890791
25.5970000000002,1654.60852462056
25.5980000000002,1650.08660468683
25.5990000000002,1646.36491602704
25.6000000000001,1643.96067776318
25.6010000000001,1643.03305343693
25.6020000000001,1642.11570295288
25.6030000000001,1643.2855724833
25.604,1646.54966542986
25.605,1651.68307886474
25.6060000000002,1658.27627421051
25.6070000000002,1665.54615142913
25.6080000000002,1671.32972986277
25.6090000000002,1677.13683979769
25.6100000000001,1682.74415051162
25.6110000000001,1687.99038681209
25.6120000000001,1692.7746807288
25.6130000000001,1696.76052190544
25.614,1698.40467709166
25.615,1699.71692254871
25.6160000000002,1700.94993306598
25.6170000000002,1702.31889340072
25.6180000000002,1703.99125881768
25.6190000000001,1705.77226781176
25.6200000000001,1706.2762839075
25.6210000000001,1707.49906836103
25.6220000000001,1709.65235853701
25.623,1712.84755754779
25.624,1717.07872404513
25.625,1721.87563133057
25.6260000000002,1725.60903782845
25.6270000000002,1729.88785697429
25.6280000000002,1734.55082657543
25.6290000000001,1739.37611252503
25.6300000000001,1744.11713474163
25.6310000000001,1748.16976453297
25.6320000000001,1750.02161420523
25.633,1751.45673162722
25.634,1752.63418459704
25.6350000000002,1753.71548856928
25.6360000000002,1754.83622460302
25.6370000000002,1755.68173424206
25.6380000000001,1755.00957998216
25.6390000000001,1754.68201075085
25.6400000000001,1754.83902926148
25.6410000000001,1755.53817824346
25.6420000000001,1756.76850394478
25.643,1758.03389986429
25.644,1758.02704178041
25.6450000000002,1758.55216747634
25.6460000000002,1759.73479016504
25.6470000000002,1761.63969236975
25.6480000000001,1764.2541326018
25.6490000000001,1767.00246501032
25.6500000000001,1768.51623616891
25.6510000000001,1770.45039697967
25.652,1772.73578946048
25.653,1775.23000056455
25.6540000000002,1777.73908126084
25.6550000000002,1779.53080498528
25.6560000000002,1779.2479463841
25.6570000000002,1778.63239093424
25.6580000000001,1777.8110552059
25.6590000000001,1776.91316724769
25.6600000000001,1776.0495474313
25.6610000000001,1774.74347649694
25.662,1771.91878638394
25.663,1769.45501046043
25.6640000000002,1767.54813497982
25.6650000000002,1766.30604818438
25.6660000000002,1765.74071259153
25.6670000000001,1765.18086037626
25.6680000000001,1763.41506589297
25.6690000000001,1762.13615438161
25.6700000000001,1761.37270719107
25.671,1761.0904780615
25.672,1761.18776410827
25.673,1760.87425917869
25.6740000000002,1758.95079378023
25.6750000000002,1757.04286809758
25.6760000000002,1755.15329220326
25.6770000000001,1753.25216715714
25.6780000000001,1751.28570952524
25.6790000000001,1748.53851400135
25.6800000000001,1744.05144606067
25.681,1739.62470852875
25.682,1735.50015858766
25.6830000000002,1731.89003335144
25.6840000000002,1728.95454237167
25.6850000000002,1726.10036103037
25.6860000000001,1722.51080135404
25.6870000000001,1719.94881802191
25.6880000000001,1718.55049164175
25.6890000000001,1718.34782660128
25.6900000000001,1719.27164335079
25.691,1720.44929547204
25.692,1720.9017472824
25.6930000000002,1722.15122649699
25.6940000000002,1724.16265517212
25.6950000000002,1726.85181352807
25.6960000000001,1730.09555753155
25.6970000000001,1733.00897942565
25.6980000000001,1734.77225337777
25.6990000000001,1736.9970805113
25.7,1739.8268588223
25.701,1743.39345545034
25.7020000000002,1747.80972897821
25.7030000000002,1752.39472389441
25.7040000000002,1756.59502124186
25.7050000000002,1762.0988084182
25.7060000000001,1769.05185029179
25.7070000000001,1777.45701197104
25.7080000000001,1787.16478042998
25.7090000000001,1797.0790543942
25.71,1806.26290323186
25.711,1815.96122742325
25.7120000000002,1825.9647432491
25.7130000000002,1836.05957833971
25.7140000000002,1846.05950801021
25.7150000000001,1854.97515853198
25.7160000000001,1862.23989543855
25.7170000000001,1869.52411138655
25.7180000000001,1877.07560430462
25.7190000000001,1885.06599306776
25.72,1893.53624984862
25.721,1901.48474672753
25.7220000000002,1908.19688733005
25.7230000000002,1914.8596073872
25.7240000000002,1921.14703290769
25.7250000000001,1926.63309080288
25.7260000000001,1930.86089382068
25.7270000000001,1932.52679215278
25.7280000000001,1931.005646292
25.729,1927.76735521739
25.73,1923.11560906964
25.7310000000002,1917.47540126122
25.7320000000002,1911.34427665853
25.7330000000002,1904.30464695101
25.7340000000002,1896.54532432338
25.7350000000001,1889.98533285827
25.7360000000001,1885.06312681988
25.7370000000001,1881.98082188157
25.7380000000001,1880.69128766412
25.739,1879.9481880564
25.74,1879.07712340986
25.7410000000002,1879.06187825309
25.7420000000002,1879.53703992332
25.7430000000002,1880.10030605737
25.7440000000001,1880.35301424074
25.7450000000001,1878.92767836598
25.7460000000001,1875.37312263182
25.7470000000001,1871.02801884378
25.748,1866.05177264316
25.749,1860.63143292156
25.75,1854.94415233031
25.7510000000002,1848.08521256205
25.7520000000002,1840.03693330414
25.7530000000002,1832.32777860722
25.7540000000001,1825.18994243399
25.7550000000001,1818.76020452591
25.7560000000001,1813.08478324926
25.7570000000001,1807.07258602338
25.758,1800.6495661229
25.759,1795.25023725389
25.7600000000002,1791.14250853505
25.7610000000002,1788.59973155579
25.7620000000002,1787.87962475517
25.7630000000001,1788.08791842324
25.7640000000001,1789.40312067101
25.7650000000001,1793.27981266107
25.7660000000001,1799.81920048157
25.7670000000001,1808.86945884784
25.768,1819.99785537262
25.769,1831.34694036085
25.7700000000002,1842.12665925129
25.7710000000002,1852.73835942237
25.7720000000002,1862.38644963575
25.7730000000001,1870.31309843011
25.7740000000001,1875.88417084916
25.7750000000001,1877.45632765368
25.7760000000001,1875.04461189521
25.777,1870.14060093524
25.778,1863.29267122157
25.7790000000002,1855.16276604085
25.7800000000002,1846.43842217903
25.7810000000002,1836.50667591428
25.7820000000002,1826.17849108233
25.7830000000001,1817.22238349882
25.7840000000001,1810.08548297731
25.7850000000001,1805.00240232954
25.7860000000001,1802.01756783924
25.787,1799.75041304621
25.788,1798.37755493136
25.7890000000002,1799.01262020675
25.7900000000002,1801.61268310919
25.7910000000002,1806.06385947046
25.7920000000001,1812.17961456562
25.7930000000001,1818.39404591423
25.7940000000001,1824.827037937
25.7950000000001,1832.44277905303
25.796,1841.0760765639
25.797,1850.48278867923
25.798,1860.35334379394
25.7990000000002,1868.98666842893
25.8000000000002,1876.52233273018
25.8010000000002,1883.92907362648
25.8020000000001,1891.14527021886
25.8030000000001,1898.07982629842
25.8040000000001,1904.5959978936
25.8050000000001,1909.11988468736
25.806,1911.99159788752
25.807,1914.23792617296
25.8080000000002,1915.8555091537
25.8090000000002,1916.80350288614
25.8100000000002,1917.01884561171
25.8110000000001,1915.03213737204
25.8120000000001,1911.44935182908
25.8130000000001,1907.54241661765
25.8140000000001,1903.66041687003
25.8150000000001,1900.14417172034
25.816,1897.28976775349
25.817,1893.86831378143
25.8180000000002,1890.69522099575
25.8190000000002,1889.01116685667
25.8200000000002,1888.99559360506
25.8210000000001,1890.65215278692
25.8220000000001,1893.79933852861
25.8230000000001,1896.60331115481
25.8240000000001,1899.34909563798
25.825,1902.70322784176
25.826,1906.42264068832
25.8270000000002,1910.25693524492
25.8280000000002,1913.96394104491
25.8290000000002,1915.76995164014
25.8300000000002,1916.33513547326
25.8310000000001,1916.70526835717
25.8320000000001,1917.05295253535
25.8330000000001,1917.48914909627
25.8340000000001,1918.01407222679
25.835,1916.88173994575
25.836,1914.77790795203
25.8370000000002,1912.54100970103
25.8380000000002,1910.1011014766
25.8390000000002,1907.36109006319
25.8400000000001,1904.23282382346
25.8410000000001,1899.06642011665
25.8420000000001,1892.89325929991
25.8430000000001,1886.95355287719
25.8440000000001,1881.73177364875
25.845,1877.68784669249
25.846,1875.18846580957
25.8470000000002,1872.84219323996
25.8480000000002,1871.75048355865
25.8490000000002,1872.86713920676
25.8500000000001,1876.21803695453
25.8510000000001,1881.65227496276
25.8520000000001,1888.85664612432
25.8530000000001,1895.75340228934
25.854,1902.92388500033
25.855,1910.79496340315
25.8560000000002,1919.02116618746
25.8570000000002,1927.19603017908
25.8580000000002,1934.85894147318
25.8590000000002,1939.88179165577
25.8600000000001,1943.00825281194
25.8610000000001,1944.83605987734
25.8620000000001,1945.39664460241
25.8630000000001,1944.85994600348
25.864,1943.54286555461
25.865,1940.22819376729
25.8660000000002,1936.74234378633
25.8670000000002,1934.56463826582
25.8680000000002,1934.40121182287
25.8690000000001,1936.71596972661
25.8700000000001,1941.64349838976
25.8710000000001,1947.25182381615
25.8720000000001,1954.33565595502
25.873,1962.96352253231
25.874,1972.40666680805
25.875,1981.88248755655
25.8760000000002,1990.68853048065
25.8770000000002,1996.58626274846
25.8780000000002,2000.77756885608
25.8790000000001,2004.20247928592
25.8800000000001,2007.42909304506
25.8810000000001,2011.11849433151
25.8820000000001,2015.88470952892
25.883,2020.39844329982
25.884,2026.31464227494
25.8850000000002,2034.29421454617
25.8860000000002,2044.07174678693
25.8870000000002,2055.03440091576
25.8880000000001,2066.30397717435
25.8890000000001,2075.06302237724
25.8900000000001,2081.86573160957
25.8910000000001,2086.622194982
25.8920000000001,2088.91278705056
25.893,2088.54776603738
25.894,2085.57347533844
25.8950000000002,2078.40233187572
25.8960000000002,2069.12440651849
25.8970000000002,2059.0595799393
25.8980000000001,2049.02670289962
25.8990000000001,2039.73357057129
25.9000000000001,2031.69473405049
25.9010000000001,2023.17170252116
25.902,2015.97409915538
25.903,2010.6966587196
25.9040000000002,2007.2049052724
25.9050000000002,2005.11848889909
25.9060000000002,2003.83679049169
25.9070000000002,2000.17481296398
25.9080000000001,1995.39981733537
25.9090000000001,1989.75857842296
25.9100000000001,1983.12272547059
25.9110000000001,1975.46394188476
25.912,1966.79515154809
25.913,1954.19701651798
25.9140000000002,1940.13786798465
25.9150000000002,1925.86345679725
25.9160000000002,1912.13440896709
25.9170000000001,1899.62912432397
25.9180000000001,1888.80458294004
25.9190000000001,1876.83500097866
25.9200000000001,1866.14177050372
25.921,1857.48876349969
25.922,1851.02369467825
25.923,1846.75249351019
25.9240000000002,1844.51839944264
25.9250000000002,1841.97071408706
25.9260000000002,1840.68063072463
25.9270000000001,1840.71535594776
25.9280000000001,1841.76090840286
25.9290000000001,1843.51614110086
25.9300000000001,1845.75802418756
25.931,1847.47607888149
25.932,1849.95654610785
25.9330000000002,1853.21393441712
25.9340000000002,1856.92799834974
25.9350000000002,1860.66698327237
25.9360000000001,1863.98263834063
25.9370000000001,1865.64165817971
25.9380000000001,1866.75704018326
25.9390000000001,1867.245902085
25.9400000000001,1866.90972570731
25.941,1865.6582384118
25.942,1863.57126783652
25.9430000000002,1859.71043623433
25.9440000000002,1856.10377515773
25.9450000000002,1853.31837627186
25.9460000000001,1851.61510004881
25.9470000000001,1851.10156977151
25.9480000000001,1851.77757146783
25.9490000000001,1851.56642686733
25.95,1852.81825995209
25.951,1856.16477382653
25.9520000000002,1862.19563343481
25.9530000000002,1871.65428775214
25.9540000000002,1885.42157706913
25.9550000000002,1902.04909064104
25.9560000000001,1925.28829765906
25.9570000000001,1956.85885112308
25.9580000000001,1998.32309105775
25.9590000000001,2051.17024172253
25.96,2116.69495899177
25.961,2193.52731845765
25.9620000000002,2284.67245024597
25.9630000000002,2390.27948448879
25.9640000000002,2509.43009887683
25.9650000000001,2640.13271560087
25.9660000000001,2779.30431205878
25.9670000000001,2920.67833532381
25.9680000000001,3062.0640897596
25.9690000000001,3198.76276224135
25.97,3325.96984372656
25.971,3439.13571340414
25.9720000000002,3534.08779582653
25.9730000000002,3604.6948750266
25.9740000000002,3649.82970415331
25.9750000000001,3665.89894306492
25.9760000000001,3648.75631778746
25.9770000000001,3593.68395868712
25.9780000000001,3495.65696623796
25.979,3347.69246341122
25.98,3149.19504472819
25.9810000000002,2899.84098469296
25.9820000000002,2602.98449722571
25.9830000000002,2266.40828158967
25.9840000000002,1902.38874425485
25.9850000000001,1524.8431622105
25.9860000000001,1154.92204803954
25.9870000000001,811.800829694765
25.9880000000001,512.519062832981
25.989,269.744540193586
25.99,90.0560660102672
25.9910000000002,-28.7680251230606
25.9920000000002,-90.4143422275934
25.9930000000002,-105.485049032664
25.9940000000001,-86.9836518510975
25.9950000000001,-47.6840096083795
25.9960000000001,2.16224522175658
25.9970000000001,54.6100324359873
25.998,111.385980439927
25.999,176.462354618485
26,256.704786457893
26.0010000000002,359.679064914107
26.0020000000002,491.158895067124
26.0030000000002,651.397309556397
26.0040000000001,840.459937297906
26.0050000000001,1051.35321428052
26.0060000000001,1273.08714328678
26.0070000000001,1492.38568698323
26.008,1695.62026637543
26.009,1869.26614826416
26.0100000000002,2007.71654810312
26.0110000000002,2107.57241662642
26.0120000000002,2169.73411962347
26.0130000000001,2198.63234601388
26.0140000000001,2200.729347306
26.0150000000001,2181.56177364555
26.0160000000001,2150.5762196842
26.0170000000001,2113.67037782601
26.018,2074.91507539913
26.019,2036.65587985055
26.0200000000002,1999.70083692856
26.0210000000002,1962.5105156448
26.0220000000002,1928.05930124284
26.0230000000001,1897.30718923526
26.0240000000001,1871.54083750646
26.0250000000001,1852.20094228913
26.0260000000001,1840.18414735977
26.027,1834.083250854
26.028,1836.73528772588
26.0290000000002,1847.24762046191
26.0300000000002,1863.79387633811
26.0310000000002,1883.96576283653
26.0320000000002,1904.76354816636
26.0330000000001,1921.72811807391
26.0340000000001,1936.67307198048
26.0350000000001,1948.86489378813
26.0360000000001,1958.13635545908
26.037,1964.80435393775
26.038,1968.99212071567
26.0390000000002,1969.32124837259
26.0400000000002,1969.77287742572
26.0410000000002,1970.86588251716
26.0420000000001,1972.68333110886
26.0430000000001,1975.00345802578
26.0440000000001,1977.06754888241
26.0450000000001,1976.89927944088
26.046,1976.6308505666
26.047,1976.49942479125
26.048,1976.79844413981
26.0490000000002,1977.7901577288
26.0500000000002,1979.3583810499
26.0510000000002,1980.2487493958
26.0520000000001,1981.47033365807
26.0530000000001,1983.11849289423
26.0540000000001,1985.22691114649
26.0550000000001,1987.6947861172
26.056,1989.97078335376
26.057,1990.42668089419
26.0580000000002,1989.70227494116
26.0590000000002,1987.74931441733
26.0600000000002,1984.67877284328
26.0610000000001,1980.70991441991
26.0620000000001,1975.76998474457
26.0630000000001,1968.94049736
26.0640000000001,1962.00521597421
26.0650000000001,1955.77146351099
26.066,1951.09051549254
26.067,1948.71965067119
26.0680000000002,1948.66671855697
26.0690000000002,1949.79400792402
26.0700000000002,1954.06711993205
26.0710000000001,1961.31851599669
26.0720000000001,1971.05056329786
26.0730000000001,1982.49866771757
26.0740000000001,1994.09225417571
26.075,2003.4716743344
26.076,2012.08842076685
26.0770000000002,2019.45048377264
26.0780000000002,2025.23527030593
26.0790000000002,2029.32881513495
26.0800000000002,2031.17546091349
26.0810000000001,2029.76115301584
26.0820000000001,2027.7558728675
26.0830000000001,2025.89863256022
26.0840000000001,2024.80886930753
26.085,2024.89000516705
26.086,2025.60433702069
26.0870000000002,2025.59827902302
26.0880000000002,2026.63003039172
26.0890000000002,2028.47228863195
26.0900000000001,2030.78925281145
26.0910000000001,2033.21543655826
26.0920000000001,2034.72210988236
26.0930000000001,2033.97389611203
26.0940000000001,2033.03741252043
26.095,2032.28997380037
26.096,2032.15635116397
26.0970000000002,2033.0301611986
26.0980000000002,2034.44094722429
26.0990000000002,2035.46512915445
26.1000000000001,2038.20380783797
26.1010000000001,2042.75227827691
26.1020000000001,2049.01589240378
26.1030000000001,2056.74547885697
26.104,2064.79180831243
26.105,2071.77833619087
26.1060000000002,2079.42321340332
26.1070000000002,2087.66263280677
26.1080000000002,2096.40539129006
26.1090000000002,2105.50373850369
26.1100000000001,2113.89609707186
26.1110000000001,2120.36790270014
26.1120000000001,2126.60640153523
26.1130000000001,2132.47853901284
26.114,2137.78875804974
26.115,2142.31007455004
26.1160000000002,2144.94692770838
26.1170000000002,2144.69941281059
26.1180000000002,2143.52892177118
26.1190000000001,2141.72667356259
26.1200000000001,2139.59371570567
26.1210000000001,2137.39890265888
26.1220000000001,2134.4310658473
26.123,2130.06111170677
26.124,2126.37634735582
26.125,2123.70110450704
26.1260000000002,2122.28205552105
26.1270000000002,2122.29633977903
26.1280000000002,2122.91355432153
26.1290000000001,2123.52095704528
26.1300000000001,2126.12418159156
26.1310000000001,2130.99002102842
26.1320000000001,2138.22482524217
26.133,2147.71854341074
26.134,2158.12023699906
26.1350000000002,2168.23255229289
26.1360000000002,2179.2268692999
26.1370000000002,2190.49701834598
26.1380000000001,2201.34789136609
26.1390000000001,2211.07685300253
26.1400000000001,2218.02316996968
26.1410000000001,2221.20721835927
26.1420000000001,2222.31952602049
26.143,2221.64073400963
26.144,2219.59812166898
26.1450000000002,2216.69885491096
26.1460000000002,2212.36964436974
26.1470000000002,2206.62092371353
26.1480000000001,2201.74434094361
26.1490000000001,2198.27771714978
26.1500000000001,2196.5392029936
26.1510000000001,2196.60580903124
26.152,2197.17532718763
26.153,2197.51638673577
26.1540000000002,2199.08695568844
26.1550000000002,2201.67039618419
26.1560000000002,2204.96824004906
26.1570000000002,2208.62142175356
26.1580000000001,2211.03145756032
26.1590000000001,2211.49139890824
26.1600000000001,2211.59351277468
26.1610000000001,2211.42416840383
26.162,2211.09856783371
26.163,2210.73419161391
26.1640000000002,2209.1696725755
26.1650000000002,2206.23912620281
26.1660000000002,2203.90387449005
26.1670000000001,2202.53030166862
26.1680000000001,2202.38331409612
26.1690000000001,2203.59016121838
26.1700000000001,2204.80797926528
26.171,2205.71610383809
26.172,2207.92043965523
26.173,2211.38523748974
26.1740000000002,2215.95197562614
26.1750000000002,2221.34730009189
26.1760000000002,2225.83609315587
26.1770000000001,2228.9523511813
26.1780000000001,2232.18259521564
26.1790000000001,2235.52812987137
26.1800000000001,2238.99812006173
26.181,2242.59099095242
26.182,2244.87121148354
26.1830000000002,2245.79321410499
26.1840000000002,2247.06175937265
26.1850000000002,2248.82531918654
26.1860000000001,2251.08667059462
26.1870000000001,2253.68033191826
26.1880000000001,2254.85945231808
26.1890000000001,2254.32020102216
26.1900000000001,2253.38799877952
26.191,2252.012611748
26.192,2250.20864934052
26.1930000000002,2248.08261318097
26.1940000000002,2244.38165311465
26.1950000000002,2239.63158338054
26.1960000000001,2235.93735276412
26.1970000000001,2234.00679225135
26.1980000000001,2234.40928177306
26.1990000000001,2237.48250017162
26.2,2241.7513336987
26.201,2247.29222050377
26.2020000000002,2255.32963234544
26.2030000000002,2265.51969173556
26.2040000000002,2277.3658251495
26.2050000000002,2290.29978590184
26.2060000000001,2302.19067405594
26.2070000000001,2312.97614309243
26.2080000000001,2324.01727514618
26.2090000000001,2335.45301581272
26.21,2347.44971129848
26.211,2360.11804792274
26.2120000000002,2371.82566220394
26.2130000000002,2382.86806375925
26.2140000000002,2394.52534340836
26.2150000000001,2406.60142925606
26.2160000000001,2418.71461154796
26.2170000000001,2430.34675607101
26.2180000000001,2439.26749879058
26.2190000000001,2445.52160681256
26.22,2450.32199321003
26.221,2453.79682702104
26.2220000000002,2456.21600633196
26.2230000000002,2457.95039031906
26.2240000000002,2457.72677340925
26.2250000000001,2456.60947109748
26.2260000000001,2456.48388790038
26.2270000000001,2457.86190291255
26.2280000000001,2460.99819810835
26.229,2465.84745456526
26.23,2470.33853512259
26.2310000000002,2474.64158431243
26.2320000000002,2479.54944248676
26.2330000000002,2484.5990537536
26.2340000000002,2489.28574693256
26.2350000000001,2493.1186539865
26.2360000000001,2493.89249637267
26.2370000000001,2492.13746303205
26.2380000000001,2489.16706360169
26.239,2485.25731442326
26.24,2480.7065892642
26.2410000000002,2475.77097367095
26.2420000000002,2468.7802966047
26.2430000000002,2460.73710867829
26.2440000000001,2453.07027438559
26.2450000000001,2445.99118957744
26.2460000000001,2439.58321961465
26.2470000000001,2433.81725412284
26.248,2426.70970896966
26.249,2419.16847151407
26.25,2412.52217168927
26.2510000000002,2407.05527954334
26.2520000000002,2403.03234672629
26.2530000000002,2400.6577256255
26.2540000000001,2398.12353031243
26.2550000000001,2396.53762444448
26.2560000000001,2397.13928235153
26.2570000000001,2399.96903314763
26.258,2404.84911067749
26.259,2411.38176210175
26.2600000000002,2417.02559134045
26.2610000000002,2422.30226265739
26.2620000000002,2427.86246362617
26.2630000000001,2433.41015474265
26.2640000000001,2438.70252386176
26.2650000000001,2443.56044848725
26.2660000000001,2445.84395944502
26.2670000000001,2446.8148065002
26.268,2447.76444808051
26.269,2448.98163109825
26.2700000000002,2450.61942236218
26.2710000000002,2452.64101767484
26.2720000000002,2452.72510844605
26.2730000000001,2451.92323019094
26.2740000000001,2451.05076522883
26.2750000000001,2449.96299561986
26.2760000000001,2448.5282428191
26.277,2446.67684781341
26.278,2442.28272784282
26.2790000000002,2437.05239546836
26.2800000000002,2432.46601977681
26.2810000000002,2429.08026409006
26.2820000000002,2427.30855566946
26.2830000000001,2427.32859818114
26.2840000000001,2426.83244786415
26.2850000000001,2427.11660200631
26.2860000000001,2428.8132415005
26.287,2431.53149216231
26.288,2434.79539339402
26.2890000000002,2438.14080743353
26.2900000000002,2438.9660790845
26.2910000000002,2438.84280706441
26.2920000000001,2438.92618706127
26.2930000000001,2439.64172966879
26.2940000000001,2441.38384908584
26.2950000000001,2444.40336671395
26.296,2446.44474453615
26.297,2449.13976476839
26.298,2453.12936394724
26.2990000000002,2458.0386659355
26.3000000000002,2463.31255048245
26.3010000000002,2468.31628228881
26.3020000000001,2470.14072369435
26.3030000000001,2470.27675402533
26.3040000000001,2469.55053965041
26.3050000000001,2468.2262837562
26.306,2466.66368982696
26.307,2465.23622832439
26.3080000000002,2461.91098944201
26.3090000000002,2458.90746928179
26.3100000000002,2457.31663847709
26.3110000000001,2457.3480897683
26.3120000000001,2458.98935581655
26.3130000000001,2462.02457038925
26.3140000000001,2463.70842067891
26.3150000000001,2465.68256137224
26.316,2468.46266276378
26.317,2471.90116390274
26.3180000000002,2475.80338575544
26.3190000000002,2479.91566258461
26.3200000000002,2481.50050542164
26.3210000000001,2482.41570088225
26.3220000000001,2483.27546963102
26.3230000000001,2484.08140266493
26.3240000000001,2484.80466130695
26.325,2485.38778671261
26.326,2483.27354601835
26.3270000000002,2480.70967815444
26.3280000000002,2478.56924436099
26.3290000000002,2477.13338783928
26.3300000000002,2476.59110974237
26.3310000000001,2476.99866890372
26.3320000000001,2475.70588679549
26.3330000000001,2474.9151867878
26.3340000000001,2475.18906521245
26.335,2476.45229855877
26.336,2478.50442356247
26.3370000000002,2481.03436138797
26.3380000000002,2481.04691564282
26.3390000000002,2480.65791726715
26.3400000000001,2480.34066190119
26.3410000000001,2480.10417162641
26.3420000000001,2479.94026816694
26.3430000000001,2479.80004352985
26.3440000000001,2476.9761646682
26.345,2473.90293732525
26.346,2471.18720786711
26.3470000000002,2468.92902683734
26.3480000000002,2467.11530334491
26.3490000000002,2465.61353327531
26.3500000000001,2461.58471280933
26.3510000000001,2457.41059551703
26.3520000000001,2453.56219227643
26.3530000000001,2450.13753036504
26.354,2447.23479638979
26.355,2444.94556287862
26.3560000000002,2440.7280014384
26.3570000000002,2437.36222720373
26.3580000000002,2435.53277101215
26.3590000000002,2435.45966265122
26.3600000000001,2437.16863388253
26.3610000000001,2440.46104424894
26.3620000000001,2442.29191210367
26.3630000000001,2444.90382665925
26.364,2448.27326081811
26.365,2452.03816077949
26.3660000000002,2455.83938881926
26.3670000000002,2459.37270356643
26.3680000000002,2459.79585487991
26.3690000000001,2459.88289019046
26.3700000000001,2460.20454834422
26.3710000000001,2461.08078922215
26.3720000000001,2462.73661994435
26.373,2465.23443739803
26.374,2465.81144656532
26.375,2467.08132330486
26.3760000000002,2469.10914451112
26.3770000000002,2471.63685040959
26.3780000000002,2474.34594789232
26.3790000000001,2476.93571613797
26.3800000000001,2476.54223360409
26.3810000000001,2476.1158617907
26.3820000000001,2476.21970227697
26.383,2477.32116273592
26.384,2479.86031791783
26.3850000000002,2484.15766214292
26.3860000000002,2487.64320189019
26.3870000000002,2493.29693042872
26.3880000000001,2501.16189092899
26.3890000000001,2510.85532960205
26.3900000000001,2521.71442791373
26.3910000000001,2532.86901477314
26.3920000000001,2540.63501108759
26.393,2547.21800322669
26.394,2552.15345746248
26.3950000000002,2555.03035690086
26.3960000000002,2555.58851350906
26.3970000000002,2553.72307690945
26.3980000000001,2546.72340464268
26.3990000000001,2538.01033959274
26.4000000000001,2528.17465475279
26.4010000000001,2517.74877868245
26.402,2507.17261484497
26.403,2496.70551654138
26.4040000000002,2483.66394120386
26.4050000000002,2471.42227828681
26.4060000000002,2460.27548952824
26.4070000000002,2450.33783710319
26.4080000000001,2441.56296979199
26.4090000000001,2433.64929200919
26.4100000000001,2423.08111599988
26.4110000000001,2413.16362028181
26.412,2404.04500787926
26.413,2395.82743824507
26.4140000000002,2388.53103990605
26.4150000000002,2381.86052035489
26.4160000000002,2371.87767436536
26.4170000000001,2362.29711808283
26.4180000000001,2353.37815926323
26.4190000000001,2345.31881878295
26.4200000000001,2338.19276093088
26.421,2331.64908976635
26.422,2321.96925598211
26.423,2312.50377128175
26.4240000000002,2303.27125761405
26.4250000000002,2294.25846335011
26.4260000000002,2285.45067018799
26.4270000000001,2276.63170216636
26.4280000000001,2265.62193216728
26.4290000000001,2255.23247184794
26.4300000000001,2245.63260219733
26.431,2236.87319565283
26.432,2228.94383698621
26.4330000000002,2221.68553961195
26.4340000000002,2214.19876004023
26.4350000000002,2208.23934018265
26.4360000000001,2203.6210690443
26.4370000000001,2200.00714034895
26.4380000000001,2197.07112085832
26.4390000000001,2194.47945337004
26.4400000000001,2191.47653202006
26.441,2189.92087148201
26.442,2189.82508257209
26.4430000000002,2190.93805373855
26.4440000000002,2192.76438945048
26.4450000000002,2194.38431373281
26.4460000000001,2193.76713176326
26.4470000000001,2192.33523151893
26.4480000000001,2189.5414964374
26.4490000000001,2185.04368807177
26.45,2178.91044401532
26.451,2171.37279140744
26.4520000000002,2161.6546797819
26.4530000000002,2154.1198368106
26.4540000000002,2150.73898577875
26.4550000000002,2153.23853527427
26.4560000000001,2162.83995744687
26.4570000000001,2179.65865068063
26.4580000000001,2201.58608329454
26.4590000000001,2231.0414105316
26.46,2267.72272132721
26.461,2311.56548947591
26.4620000000002,2363.11212115246
26.4630000000002,2423.24632822302
26.4640000000002,2492.25972837712
26.4650000000001,2575.27494215333
26.4660000000001,2674.68330043737
26.4670000000001,2791.77295739849
26.4680000000001,2926.05217575294
26.4690000000001,3074.30727883911
26.47,3229.82613370099
26.471,3388.01148431408
26.4720000000002,3540.50426843448
26.4730000000002,3678.35047787611
26.4740000000002,3793.00279653335
26.4750000000001,3876.66004952644
26.4760000000001,3922.28784682142
26.4770000000001,3928.9256900683
26.4780000000001,3895.02157895818
26.479,3820.1367137287
26.48,3704.38645485019
26.4810000000002,3547.4733766656
26.4820000000002,3348.22078957221
26.4830000000002,3109.79148932657
26.4840000000002,2834.1160810217
26.4850000000001,2524.87322587169
26.4860000000001,2188.26138815991
26.4870000000001,1832.85887590926
26.4880000000001,1469.31303465776
26.489,1114.17491969937
26.49,782.676028497183
26.4910000000002,489.130436419228
26.4920000000002,245.237032313637
26.4930000000002,58.0817446882053
26.4940000000001,-70.7069603189911
26.4950000000001,-140.708502868528
26.4960000000001,-157.580031974711
26.4970000000001,-129.66581763359
26.498,-66.2706800790429
26.499,23.3668012238756
26.5,131.419711552254
26.5010000000002,256.119109406741
26.5020000000002,396.106698432221
26.5030000000002,551.575710578608
26.5040000000001,723.054528256588
26.5050000000001,909.427044427668
26.5060000000001,1107.12161947648
26.5070000000001,1313.38302141357
26.508,1521.05507910842
26.509,1721.23200079334
26.5100000000002,1904.45984650679
26.5110000000002,2061.4157859166
26.5120000000002,2184.55494179158
26.5130000000001,2272.49349766213
26.5140000000001,2325.24329314022
26.5150000000001,2345.82337242104
26.5160000000001,2339.55879287427
26.5170000000001,2312.35344756394
26.518,2270.17802752726
26.519,2221.45165235495
26.5200000000002,2171.47926027473
26.5210000000002,2124.01962107206
26.5220000000002,2081.37539818603
26.5230000000001,2043.89104401626
26.5240000000001,2011.12399036099
26.5250000000001,1985.38856194975
26.5260000000001,1966.89083121189
26.527,1955.72004195063
26.528,1951.80344006882
26.5290000000002,1953.80611350194
26.5300000000002,1960.14312776595
26.5310000000002,1972.05623422929
26.5320000000002,1988.0131060936
26.5330000000001,2006.08234154638
26.5340000000001,2024.22646700235
26.5350000000001,2039.43402069019
26.5360000000001,2049.60012098101
26.537,2056.74168573332
26.538,2060.68717353025
26.5390000000002,2061.57861209223
26.5400000000002,2059.80596046941
26.5410000000002,2054.72825314132
26.5420000000001,2046.28537912312
26.5430000000001,2037.62679661344
26.5440000000001,2029.21193396924
26.5450000000001,2021.22381610074
26.546,2013.69942306436
26.547,2005.78276415716
26.548,1996.98590738901
26.5490000000002,1989.39169070784
26.5500000000002,1983.57447073381
26.5510000000002,1980.03372503864
26.5520000000001,1979.07794592925
26.5530000000001,1980.20016113419
26.5540000000001,1982.46016463714
26.5550000000001,1986.30610399
26.556,1991.38759975506
26.557,1997.24138457254
26.5580000000002,2003.27583205248
26.5590000000002,2008.25499957296
26.5600000000002,2010.81736827086
26.5610000000001,2011.26949847138
26.5620000000001,2009.56560439203
26.5630000000001,2005.91596280537
26.5640000000001,2000.69425024638
26.5650000000001,1993.59303954783
26.566,1984.56303266059
26.567,1975.3389135952
26.5680000000002,1966.65489950421
26.5690000000002,1959.16509260266
26.5700000000002,1953.36191594538
26.5710000000001,1948.46879509822
26.5720000000001,1944.23111456108
26.5730000000001,1942.26321914848
26.5740000000001,1942.49584807032
26.575,1944.68435794306
26.576,1948.46098108941
26.5770000000002,1952.21862640596
26.5780000000002,1955.30908124902
26.5790000000002,1959.16085099831
26.5800000000002,1963.59384105845
26.5810000000001,1968.38593922457
26.5820000000001,1973.28480796486
26.5830000000001,1976.88324935187
26.5840000000001,1978.77905647785
26.585,1980.49866911532
26.586,1982.15319273425
26.5870000000002,1983.85427531491
26.5880000000002,1985.70960508826
26.5890000000002,1986.67652954124
26.5900000000001,1986.75851017657
26.5910000000001,1987.67466974954
26.5920000000001,1989.72109350352
26.5930000000001,1993.06295065322
26.5940000000001,1997.697936387
26.595,2002.24395123136
26.596,2006.34830948543
26.5970000000002,2011.15041730589
26.5980000000002,2016.31252577507
26.5990000000002,2021.39701896681
26.6000000000001,2025.92629223829
26.6010000000001,2028.20842661022
26.6020000000001,2027.97448741798
26.6030000000001,2026.63536560486
26.604,2024.40577133124
26.605,2021.59134419532
26.6060000000002,2018.54912464452
26.6070000000002,2014.36682289427
26.6080000000002,2009.50977203187
26.6090000000002,2005.78819793516
26.6100000000001,2003.57245072588
26.6110000000001,2003.01244716864
26.6120000000001,2004.02188286211
26.6130000000001,2005.0087558792
26.614,2005.73140222339
26.615,2007.16686246421
26.6160000000002,2009.03076821375
26.6170000000002,2011.04529911744
26.6180000000002,2012.98646702582
26.6190000000001,2013.39212375408
26.6200000000001,2012.53831358798
26.6210000000001,2011.98363937548
26.6220000000001,2012.11751970763
26.623,2013.27492755295
26.624,2015.6738905725
26.625,2018.01674591371
26.6260000000002,2020.57736896241
26.6270000000002,2024.5568771699
26.6280000000002,2029.8535753083
26.6290000000001,2036.24026982308
26.6300000000001,2043.40694243242
26.6310000000001,2049.63093974076
26.6320000000001,2055.01028518245
26.633,2060.62838894234
26.634,2066.44999360325
26.6350000000002,2072.37569601132
26.6360000000002,2078.20647368858
26.6370000000002,2082.23575599777
26.6380000000001,2084.57727506591
26.6390000000001,2086.13256931827
26.6400000000001,2086.72147791582
26.6410000000001,2086.18486111947
26.6420000000001,2084.43544471302
26.643,2080.05415080616
26.644,2073.79820151497
26.6450000000002,2067.27342888109
26.6460000000002,2061.07212336145
26.6470000000002,2055.7101530378
26.6480000000001,2051.54141734297
26.6490000000001,2047.2052727016
26.6500000000001,2043.29989630078
26.6510000000001,2040.88318134597
26.652,2039.84809679242
26.653,2039.99614410694
26.6540000000002,2041.10773761788
26.6550000000002,2041.44099918365
26.6560000000002,2041.6524995231
26.6570000000002,2043.01849023898
26.6580000000001,2045.80244762567
26.6590000000001,2050.14311408681
26.6600000000001,2055.96078768407
26.6610000000001,2061.27027938181
26.662,2066.30874665248
26.663,2071.57402809643
26.6640000000002,2076.46175737433
26.6650000000002,2080.34563327473
26.6660000000002,2082.68958365015
26.6670000000001,2081.455830786
26.6680000000001,2077.47932113978
26.6690000000001,2072.21887491874
26.6700000000001,2066.35504257767
26.671,2060.60347773114
26.672,2055.57227567722
26.673,2049.92866958892
26.6740000000002,2044.79028579959
26.6750000000002,2041.25561509436
26.6760000000002,2039.27008177196
26.6770000000001,2038.59335937117
26.6780000000001,2038.8810020808
26.6790000000001,2038.0225439742
26.6800000000001,2036.78964155068
26.681,2036.15520384933
26.682,2036.24646746598
26.6830000000002,2037.12851303724
26.6840000000002,2038.71884844589
26.6850000000002,2038.9751275166
26.6860000000001,2038.57602394885
26.6870000000001,2038.04987342043
26.6880000000001,2037.01518079527
26.6890000000001,2035.09558294707
26.6900000000001,2032.0188519259
26.691,2025.90384893039
26.692,2018.1581580274
26.6930000000002,2010.28675243391
26.6940000000002,2003.12123696892
26.6950000000002,1997.46973064799
26.6960000000001,1993.9700143105
26.6970000000001,1991.12503674068
26.6980000000001,1990.29666844432
26.6990000000001,1992.2590229891
26.7,1996.714015033
26.701,2003.1369034758
26.7020000000002,2010.88799659084
26.7030000000002,2017.47506691053
26.7040000000002,2023.78508043455
26.7050000000002,2030.48228292052
26.7060000000001,2037.63241119973
26.7070000000001,2045.35911267274
26.7080000000001,2053.76831267714
26.7090000000001,2061.02274859515
26.71,2068.50640901207
26.711,2076.99823293269
26.7120000000002,2086.47236494443
26.7130000000002,2096.79399437873
26.7140000000002,2107.76105608222
26.7150000000001,2117.24434159345
26.7160000000001,2126.59450826409
26.7170000000001,2136.59968431203
26.7180000000001,2147.37966566946
26.7190000000001,2158.95750180508
26.72,2171.19835498985
26.721,2181.80775064871
26.7220000000002,2191.93155373526
26.7230000000002,2201.87384535934
26.7240000000002,2211.22923822985
26.7250000000001,2219.55302110687
26.7260000000001,2226.429035498
26.7270000000001,2229.53439088917
26.7280000000001,2230.42389459233
26.729,2229.97030334732
26.73,2228.55835921766
26.7310000000002,2226.57778252059
26.7320000000002,2224.33709228638
26.7330000000002,2219.99542468032
26.7340000000002,2215.31284861774
26.7350000000001,2210.92529197838
26.7360000000001,2206.74313155519
26.7370000000001,2202.51692634875
26.7380000000001,2197.90410764853
26.739,2190.52864307298
26.74,2181.98466403512
26.7410000000002,2172.98219259304
26.7420000000002,2163.89032459635
26.7430000000002,2155.19298083883
26.7440000000001,2147.4228892053
26.7450000000001,2139.00009358124
26.7460000000001,2132.25325478255
26.7470000000001,2128.16362630027
26.748,2126.95725890364
26.749,2128.49966222247
26.75,2132.28036705136
26.7510000000002,2135.32280641261
26.7520000000002,2138.58483148962
26.7530000000002,2141.66613618469
26.7540000000001,2143.75460537791
26.7550000000001,2144.15378921126
26.7560000000001,2142.36463073023
26.7570000000001,2135.9965997381
26.758,2127.15584052524
26.759,2116.84794773729
26.7600000000002,2105.84913648133
26.7610000000002,2094.96656122701
26.7620000000002,2084.91634529366
26.7630000000001,2074.08165892159
26.7640000000001,2064.90921959245
26.7650000000001,2058.1386687879
26.7660000000001,2053.92219845715
26.7670000000001,2052.19831576169
26.768,2052.74108418521
26.769,2053.02655926967
26.7700000000002,2054.92764883945
26.7710000000002,2058.70120332322
26.7720000000002,2064.25212058093
26.7730000000001,2071.40340557367
26.7740000000001,2079.85016507211
26.7750000000001,2086.8592786767
26.7760000000001,2094.19002622543
26.777,2101.71511800128
26.778,2108.9126646401
26.7790000000002,2115.19521779844
26.7800000000002,2119.97349146313
26.7810000000002,2120.37486091023
26.7820000000002,2118.53905207967
26.7830000000001,2114.86879586676
26.7840000000001,2109.67269626733
26.7850000000001,2103.36875929564
26.7860000000001,2096.41882285584
26.787,2086.87509410405
26.788,2077.71411199541
26.7890000000002,2069.72491174839
26.7900000000002,2063.29871767025
26.7910000000002,2058.62407429662
26.7920000000001,2055.6945728378
26.7930000000001,2051.96011687691
26.7940000000001,2049.79916078257
26.7950000000001,2049.35400782766
26.796,2050.52010555707
26.797,2053.1342344847
26.798,2056.98539919146
26.7990000000002,2059.41288664874
26.8000000000002,2062.87929772667
26.8010000000002,2067.5661328154
26.8020000000001,2073.4621278254
26.8030000000001,2080.47477587221
26.8040000000001,2088.40849638422
26.8050000000001,2094.51254235666
26.806,2101.14678917332
26.807,2108.2173742239
26.8080000000002,2115.40306127698
26.8090000000002,2122.25568735867
26.8100000000002,2128.22219197296
26.8110000000001,2130.22992299996
26.8120000000001,2130.52622611472
26.8130000000001,2128.9938629914
26.8140000000001,2125.5640693706
26.8150000000001,2120.29804804141
26.816,2113.38814019958
26.817,2102.63464314487
26.8180000000002,2091.37120696654
26.8190000000002,2080.39575392032
26.8200000000002,2070.42079185063
26.8210000000001,2062.01115761476
26.8220000000001,2055.47993637617
26.8230000000001,2048.50045944864
26.8240000000001,2043.82542562924
26.825,2041.51073646852
26.826,2041.42429335925
26.8270000000002,2043.30831860761
26.8280000000002,2046.74826210414
26.8290000000002,2049.0168781376
26.8300000000002,2052.56173938258
26.8310000000001,2057.39867977419
26.8320000000001,2063.50023865345
26.8330000000001,2070.76258744275
26.8340000000001,2078.83797424619
26.835,2085.03452046997
26.836,2091.59754492515
26.8370000000002,2098.1854381571
26.8380000000002,2104.30365966155
26.8390000000002,2109.3647041141
26.8400000000001,2112.59514548498
26.8410000000001,2111.19538377675
26.8420000000001,2107.49757161816
26.8430000000001,2101.5865714682
26.8440000000001,2093.71313581528
26.845,2084.29747063189
26.846,2073.70014180735
26.8470000000002,2060.41665558077
26.8480000000002,2047.80398941492
26.8490000000002,2036.78030631392
26.8500000000001,2028.07402195453
26.8510000000001,2022.16376359478
26.8520000000001,2019.00661049206
26.8530000000001,2016.45280421009
26.854,2016.73899605717
26.855,2019.57760053771
26.8560000000002,2024.47741853074
26.8570000000002,2030.82085600805
26.8580000000002,2037.67490183458
26.8590000000002,2042.48022684791
26.8600000000001,2047.1478335971
26.8610000000001,2051.44079969855
26.8620000000001,2055.16455791371
26.8630000000001,2058.1752980515
26.864,2060.08662993753
26.865,2059.06861382106
26.8660000000002,2057.58315365389
26.8670000000002,2055.93772919326
26.8680000000002,2054.42104697387
26.8690000000001,2053.31032299183
26.8700000000001,2052.53764576545
26.8710000000001,2050.61513830284
26.8720000000001,2050.16832826532
26.873,2051.5297909162
26.874,2054.83033371708
26.875,2059.98431939206
26.8760000000002,2066.32723736349
26.8770000000002,2071.72664367037
26.8780000000002,2077.96331909645
26.8790000000001,2084.59552537708
26.8800000000001,2091.12725649268
26.8810000000001,2097.10117190757
26.8820000000001,2101.78462071903
26.883,2103.46264602923
26.884,2104.43406739186
26.8850000000002,2105.07081066339
26.8860000000002,2105.75821852154
26.8870000000002,2106.82942729064
26.8880000000001,2108.07678694205
26.8890000000001,2108.090263507
26.8900000000001,2108.97594391401
26.8910000000001,2110.62266155679
26.8920000000001,2112.69962661151
26.893,2114.73669611285
26.894,2115.7594416382
26.8950000000002,2113.91132730009
26.8960000000002,2111.13539087631
26.8970000000002,2107.54106301494
26.8980000000001,2103.37082514205
26.8990000000001,2098.98425283245
26.9000000000001,2094.29033927895
26.9010000000001,2088.30728003749
26.902,2083.6681166036
26.903,2080.76834055464
26.9040000000002,2079.68122553979
26.9050000000002,2080.12836168363
26.9060000000002,2080.884323103
26.9070000000002,2079.52311833001
26.9080000000001,2077.53666448016
26.9090000000001,2074.26238216175
26.9100000000001,2069.09072111225
26.9110000000001,2061.54239843919
26.912,2050.56005726182
26.913,2034.23346920641
26.9140000000002,2015.61287591754
26.9150000000002,1995.6708481254
26.9160000000002,1975.50253414766
26.9170000000001,1956.14878650807
26.9180000000001,1937.56157479139
26.9190000000001,1918.32492925627
26.9200000000001,1901.62261666242
26.921,1887.95678889529
26.922,1877.57730479369
26.923,1870.47909147742
26.9240000000002,1865.70919606725
26.9250000000002,1861.5722602736
26.9260000000002,1859.71455088161
26.9270000000001,1859.71368003218
26.9280000000001,1861.07022387441
26.9290000000001,1863.27856225662
26.9300000000001,1865.48943418653
26.931,1867.00336320446
26.932,1868.66185849143
26.9330000000002,1869.9536317314
26.9340000000002,1870.28388309861
26.9350000000002,1869.11323177995
26.9360000000001,1865.7490252881
26.9370000000001,1860.0206527308
26.9380000000001,1853.2185700631
26.9390000000001,1845.64428704084
26.9400000000001,1837.68230576457
26.941,1829.81206624369
26.942,1822.19672455787
26.9430000000002,1815.28144679097
26.9440000000002,1810.61116199417
26.9450000000002,1808.26297053658
26.9460000000001,1807.98048373408
26.9470000000001,1809.30246127158
26.9480000000001,1811.02934456338
26.9490000000001,1812.17114449465
26.95,1814.34393134051
26.951,1817.76389633453
26.9520000000002,1822.77039230737
26.9530000000002,1829.76982788064
26.9540000000002,1838.32947914299
26.9550000000002,1848.12162827204
26.9560000000001,1861.61928486348
26.9570000000001,1879.66613111719
26.9580000000001,1903.29698419642
26.9590000000001,1933.83831018781
26.96,1972.08900235046
26.961,2019.29425590917
26.9620000000002,2079.13521403949
26.9630000000002,2153.22975421559
26.9640000000002,2242.34785322682
26.9650000000001,2346.11311470195
26.9660000000001,2462.05035237409
26.9670000000001,2586.85812348598
26.9680000000001,2718.53606982651
26.9690000000001,2853.0572880194
26.97,2986.31898693104
26.971,3114.4787807718
26.9720000000002,3233.17348470201
26.9730000000002,3338.58153858435
26.9740000000002,3428.55339565137
26.9750000000001,3498.34082565355
26.9760000000001,3541.56813555381
26.9770000000001,3550.16027838808
26.9780000000001,3514.00093561516
26.979,3423.52102425449
26.98,3272.91221858889
26.9810000000002,3058.64507677284
26.9820000000002,2782.63308545811
26.9830000000002,2453.34868597562
26.9840000000002,2084.99823129731
26.9850000000001,1697.78983577647
26.9860000000001,1316.79052512472
26.9870000000001,965.451158524265
26.9880000000001,663.443089462578
26.989,423.65970778431
26.99,249.455884771361
26.9910000000002,135.980465033814
26.9920000000002,72.6812496786212
26.9930000000002,43.1427283737964
26.9940000000001,30.1565970558771
26.9950000000001,19.5907236191366
26.9960000000001,2.56033638867857
26.9970000000001,-21.2226801706181
26.998,-42.8042966602109
26.999,-48.896512181396
27,-23.9490101896129
27.0010000000002,45.9650421866967
27.0020000000002,168.619715627919
27.0030000000002,344.954945425886
27.0040000000001,568.87474088431
27.0050000000001,825.423478767683
27.0060000000001,1094.47483599547
27.0070000000001,1354.21181084385
27.008,1583.83749894765
27.009,1768.61030866818
27.0100000000002,1902.23521726749
27.0110000000002,1984.62551396336
27.0120000000002,2022.02116786825
27.0130000000001,2024.86622972504
27.0140000000001,2004.16736288657
27.0150000000001,1971.05979697876
27.0160000000001,1935.23905437315
27.0170000000001,1901.5371016637
27.018,1871.21488077393
27.019,1842.94919616005
27.0200000000002,1813.20159950398
27.0210000000002,1779.96572329419
27.0220000000002,1743.89543743567
27.0230000000001,1706.26829525135
27.0240000000001,1669.93556549684
27.0250000000001,1638.59165304737
27.0260000000001,1614.54146566399
27.027,1600.53626977896
27.028,1598.78890600373
27.0290000000002,1608.16051863404
27.0300000000002,1625.76848957174
27.0310000000002,1647.68612358361
27.0320000000002,1668.32699836302
27.0330000000001,1684.81916846514
27.0340000000001,1696.64910205187
27.0350000000001,1703.03422222567
27.0360000000001,1704.37330717461
27.037,1701.93071637333
27.038,1695.74636144551
27.0390000000002,1688.17919420927
27.0400000000002,1682.16732830776
27.0410000000002,1678.21790042623
27.0420000000001,1676.08674790551
27.0430000000001,1675.04930062502
27.0440000000001,1672.93071834409
27.0450000000001,1669.46545146941
27.046,1665.57584487356
27.047,1661.28439023421
27.048,1656.78258721859
27.0490000000002,1652.32000357822
27.0500000000002,1647.33285422494
27.0510000000002,1641.86318285783
27.0520000000001,1636.67090139866
27.0530000000001,1631.97757853991
27.0540000000001,1627.95489498702
27.0550000000001,1624.70340937804
27.056,1621.56289265347
27.057,1618.41477127267
27.0580000000002,1615.92444910767
27.0590000000002,1614.42580631676
27.0600000000002,1614.22376403441
27.0610000000001,1615.47753818464
27.0620000000001,1617.38899054177
27.0630000000001,1619.64993505551
27.0640000000001,1622.54460725959
27.0650000000001,1625.9297263679
27.066,1629.64835112144
27.067,1633.50224635173
27.0680000000002,1636.03711111788
27.0690000000002,1637.47594052179
27.0700000000002,1638.61268218143
27.0710000000001,1639.47118154747
27.0720000000001,1640.11366889645
27.0730000000001,1640.64078276558
27.0740000000001,1639.76952452708
27.075,1638.41422346718
27.076,1637.88853184551
27.0770000000002,1638.48229414402
27.0780000000002,1640.34230853309
27.0790000000002,1643.4534281179
27.0800000000002,1646.25619801712
27.0810000000001,1649.19955509712
27.0820000000001,1652.96786363797
27.0830000000001,1657.30298929452
27.0840000000001,1661.87624777432
27.085,1666.33328928988
27.086,1669.00751671159
27.0870000000002,1670.3844742315
27.0880000000002,1671.32342347567
27.0890000000002,1672.00828817343
27.0900000000001,1672.66181982924
27.0910000000001,1673.49989943268
27.0920000000001,1673.31315278145
27.0930000000001,1673.01802338663
27.0940000000001,1673.61375158911
27.095,1675.23610676452
27.096,1677.87204599493
27.0970000000002,1681.36273673246
27.0980000000002,1684.00006318722
27.0990000000002,1686.337614783
27.1000000000001,1688.97998330104
27.1010000000001,1691.79999114636
27.1020000000001,1694.66562299173
27.1030000000001,1697.44685788203
27.104,1698.55868321976
27.105,1698.85559787363
27.1060000000002,1699.19956344852
27.1070000000002,1699.73801339272
27.1080000000002,1700.55142356747
27.1090000000002,1701.62795970225
27.1100000000001,1701.38401394787
27.1110000000001,1700.65436996158
27.1120000000001,1700.14189612549
27.1130000000001,1699.87476761105
27.114,1699.86689028728
27.115,1700.12991739383
27.1160000000002,1699.20986554266
27.1170000000002,1698.20294787926
27.1180000000002,1698.02654718634
27.1190000000001,1698.95017699982
27.1200000000001,1701.14878478151
27.1210000000001,1704.66034086963
27.1220000000001,1707.87370845858
27.123,1711.64725854138
27.124,1716.45106375925
27.125,1722.08815493009
27.1260000000002,1728.29481211458
27.1270000000002,1734.77112144523
27.1280000000002,1739.67786187798
27.1290000000001,1743.9281635448
27.1300000000001,1748.09454897718
27.1310000000001,1752.19673628088
27.1320000000001,1756.20791571278
27.133,1760.01792524527
27.134,1761.86311924386
27.1350000000002,1762.71111391602
27.1360000000002,1763.01461075198
27.1370000000002,1762.68509864101
27.1380000000001,1761.64487828635
27.1390000000001,1759.8606616221
27.1400000000001,1755.77415616177
27.1410000000001,1750.84079434675
27.1420000000001,1746.02936195316
27.143,1741.8223111934
27.144,1738.62830041617
27.1450000000002,1736.70747629847
27.1460000000002,1734.4601101885
27.1470000000002,1733.17264843992
27.1480000000001,1733.30110342139
27.1490000000001,1734.68691588254
27.1500000000001,1737.07602097533
27.1510000000001,1740.17249573963
27.152,1741.96279122658
27.153,1743.72933667776
27.1540000000002,1746.07401300692
27.1550000000002,1749.18064622815
27.1560000000002,1753.19418157551
27.1570000000002,1758.1447940067
27.1580000000001,1762.0965804626
27.1590000000001,1766.32766241595
27.1600000000001,1771.09871368841
27.1610000000001,1776.10475808871
27.162,1780.93606291108
27.163,1785.12477507243
27.1640000000002,1786.34592367689
27.1650000000002,1785.88185326267
27.1660000000002,1784.15669253508
27.1670000000001,1781.29095236322
27.1680000000001,1777.46116815313
27.1690000000001,1772.84872201977
27.1700000000001,1765.71804179933
27.171,1757.93318225407
27.172,1750.2589752815
27.173,1743.0508770907
27.1740000000002,1736.61199451931
27.1750000000002,1731.1808695477
27.1760000000002,1724.99901116789
27.1770000000001,1719.98930614116
27.1780000000001,1716.81990135099
27.1790000000001,1715.6813187377
27.1800000000001,1716.56246710464
27.181,1719.20475670904
27.182,1721.13556736733
27.1830000000002,1723.55379908505
27.1840000000002,1726.27700810327
27.1850000000002,1728.78934149818
27.1860000000001,1730.62704346939
27.1870000000001,1731.44531743056
27.1880000000001,1729.07727307805
27.1890000000001,1725.53878724681
27.1900000000001,1721.64703969695
27.191,1718.05194608053
27.192,1715.39890192775
27.1930000000002,1714.21108663612
27.1940000000002,1712.80806798039
27.1950000000002,1713.29972997839
27.1960000000001,1716.05731897585
27.1970000000001,1720.97989901686
27.1980000000001,1727.7817412632
27.1990000000001,1736.05399544129
27.2,1743.33822053552
27.201,1751.286016796
27.2020000000002,1760.02024552166
27.2030000000002,1769.49159298973
27.2040000000002,1779.64763004649
27.2050000000002,1790.38648549288
27.2060000000001,1799.49059113997
27.2070000000001,1808.8683594773
27.2080000000001,1818.70132677838
27.2090000000001,1828.94917471621
27.21,1839.53811158774
27.211,1850.37020203154
27.2120000000002,1859.24290316736
27.2130000000002,1868.28552190591
27.2140000000002,1877.82224518768
27.2150000000001,1887.95215262082
27.2160000000001,1898.6300504324
27.2170000000001,1909.61593753067
27.2180000000001,1918.34876001062
27.2190000000001,1926.55046908504
27.22,1933.97089223051
27.221,1940.23898638889
27.2220000000002,1945.05257968846
27.2230000000002,1948.23984175508
27.2240000000002,1947.65815158575
27.2250000000001,1945.8933893538
27.2260000000001,1943.6780009013
27.2270000000001,1941.71119840465
27.2280000000001,1940.61955175744
27.229,1940.83856671336
27.23,1940.36530866882
27.2310000000002,1941.52826967146
27.2320000000002,1944.29222646665
27.2330000000002,1948.34058767212
27.2340000000002,1953.19372398123
27.2350000000001,1958.28960804776
27.2360000000001,1960.88237160997
27.2370000000001,1962.99412700838
27.2380000000001,1964.60053211462
27.239,1965.74830428721
27.24,1966.50793916249
27.2410000000002,1966.86369608025
27.2420000000002,1964.61435205695
27.2430000000002,1961.97952983215
27.2440000000001,1958.93255575956
27.2450000000001,1955.31555794956
27.2460000000001,1950.89045526907
27.2470000000001,1945.32420479477
27.248,1936.33365778526
27.249,1926.21494794136
27.25,1915.29945184254
27.2510000000002,1904.02015713139
27.2520000000002,1892.87778382635
27.2530000000002,1882.27616333352
27.2540000000001,1870.67440747229
27.2550000000001,1860.79822633039
27.2560000000001,1853.17775412013
27.2570000000001,1848.15307803523
27.258,1845.8637027042
27.259,1846.11020519991
27.2600000000002,1846.71010883869
27.2610000000002,1849.61344899549
27.2620000000002,1854.59985379132
27.2630000000001,1861.31755149323
27.2640000000001,1869.30448943229
27.2650000000001,1877.83482810332
27.2660000000001,1884.40751961604
27.2670000000001,1890.73756541153
27.268,1896.50600731437
27.269,1901.42059103032
27.2700000000002,1905.24934330663
27.2710000000002,1907.63032153628
27.2720000000002,1906.66038339767
27.2730000000001,1904.69441578594
27.2740000000001,1902.06597328274
27.2750000000001,1899.07895803351
27.2760000000001,1895.97560405863
27.277,1892.66597830967
27.278,1887.42366273731
27.2790000000002,1882.59001793417
27.2800000000002,1878.3618588937
27.2810000000002,1874.86216788554
27.2820000000002,1872.17449978493
27.2830000000001,1870.08139455128
27.2840000000001,1866.8931730057
27.2850000000001,1865.00004197735
27.2860000000001,1864.63970245438
27.287,1865.89762425293
27.288,1868.6762288149
27.2890000000002,1872.36416601045
27.2900000000002,1874.81324105552
27.2910000000002,1877.7276369219
27.2920000000001,1880.6845460914
27.2930000000001,1883.22242784868
27.2940000000001,1884.93239788528
27.2950000000001,1885.18807223378
27.296,1882.31405539699
27.297,1878.66460670019
27.298,1874.72933047438
27.2990000000002,1871.03405753092
27.3000000000002,1868.06743774359
27.3010000000002,1865.82225779002
27.3020000000001,1862.98121121245
27.3030000000001,1861.78860151122
27.3040000000001,1862.26689296438
27.3050000000001,1864.18969086932
27.306,1867.14348210438
27.307,1870.19181676196
27.3080000000002,1871.34076015822
27.3090000000002,1872.31658738919
27.3100000000002,1872.99010448659
27.3110000000001,1873.30880751653
27.3120000000001,1873.30040058762
27.3130000000001,1872.61287646085
27.3140000000001,1869.99845459532
27.3150000000001,1867.68645401074
27.316,1865.96007746222
27.317,1864.95244823914
27.3180000000002,1864.63422644143
27.3190000000002,1864.35542490363
27.3200000000002,1862.52896709301
27.3210000000001,1860.89061213846
27.3220000000001,1859.34125656917
27.3230000000001,1857.78107156098
27.3240000000001,1856.14758375943
27.325,1853.92525084829
27.326,1849.92304007765
27.3270000000002,1846.32008772238
27.3280000000002,1843.46362909692
27.3290000000002,1841.6035116022
27.3300000000002,1840.85405755449
27.3310000000001,1840.62552835398
27.3320000000001,1839.5476330489
27.3330000000001,1839.4253421172
27.3340000000001,1840.1860817227
27.335,1841.71278596341
27.336,1843.89299792481
27.3370000000002,1846.06388683363
27.3380000000002,1847.05930410363
27.3390000000002,1848.90058408964
27.3400000000001,1851.76989539519
27.3410000000001,1855.68242002611
27.3420000000001,1860.42860851972
27.3430000000001,1864.92822457262
27.3440000000001,1867.42951142498
27.345,1869.15586396275
27.346,1869.54739980763
27.3470000000002,1868.10758065668
27.3480000000002,1864.52593368084
27.3490000000002,1858.10773269716
27.3500000000001,1848.12747739739
27.3510000000001,1837.22760467141
27.3520000000001,1826.53586501043
27.3530000000001,1817.22090621864
27.354,1810.31664623652
27.355,1805.85779017813
27.3560000000002,1803.20915533568
27.3570000000002,1804.20551074935
27.3580000000002,1808.50647555703
27.3590000000002,1815.3490511521
27.3600000000001,1823.68115588867
27.3610000000001,1831.60906272574
27.3620000000001,1837.15671107197
27.3630000000001,1841.34297938435
27.364,1843.83117142644
27.365,1844.57712519138
27.3660000000002,1843.80098845065
27.3670000000002,1841.16858699402
27.3680000000002,1836.41768916517
27.3690000000001,1831.93680385103
27.3700000000001,1828.39657834822
27.3710000000001,1826.25182801577
27.3720000000001,1825.70546264083
27.373,1825.9481740012
27.374,1826.05692060422
27.375,1827.47185686675
27.3760000000002,1829.99942718277
27.3770000000002,1833.40244071653
27.3780000000002,1837.45318392568
27.3790000000001,1841.1743488704
27.3800000000001,1843.83377749568
27.3810000000001,1847.11906828522
27.3820000000001,1851.19066445439
27.383,1856.11796875271
27.384,1861.84008883855
27.3850000000002,1867.32500224293
27.3860000000002,1871.69495810392
27.3870000000002,1876.25533117497
27.3880000000001,1880.78074125065
27.3890000000001,1885.0307338867
27.3900000000001,1888.81711964444
27.3910000000001,1891.21608085418
27.3920000000001,1891.83134622939
27.393,1892.54385388049
27.394,1893.88037914696
27.3950000000002,1896.34253558322
27.3960000000002,1900.32749681717
27.3970000000002,1905.18666768591
27.3980000000001,1910.54620278548
27.3990000000001,1917.84219848596
27.4000000000001,1926.88773507719
27.4010000000001,1937.28716117187
27.402,1948.50368353956
27.403,1959.02027743539
27.4040000000002,1967.92193981914
27.4050000000002,1976.3145477038
27.4060000000002,1983.97836504317
27.4070000000002,1990.7143697878
27.4080000000001,1996.32537255633
27.4090000000001,1999.645318376
27.4100000000001,2000.18924694039
27.4110000000001,1999.35999670957
27.412,1997.21229586502
27.413,1993.81263893351
27.4140000000002,1989.26865601864
27.4150000000002,1982.73177683869
27.4160000000002,1974.20652444439
27.4170000000001,1965.62959357856
27.4180000000001,1957.57576818629
27.4190000000001,1950.49102919436
27.4200000000001,1944.60163225702
27.421,1938.42240827739
27.422,1931.20368849777
27.423,1924.66660984219
27.4240000000002,1918.77143994507
27.4250000000002,1913.36835286174
27.4260000000002,1908.16121346388
27.4270000000001,1901.0918765083
27.4280000000001,1891.20123731547
27.4290000000001,1880.36901118141
27.4300000000001,1868.95340863901
27.431,1857.53863328661
27.432,1846.86981577773
27.4330000000002,1836.49708126724
27.4340000000002,1827.03473884757
27.4350000000002,1820.6759060323
27.4360000000001,1817.88874558178
27.4370000000001,1818.6322419249
27.4380000000001,1822.30972296234
27.4390000000001,1827.11915157682
27.4400000000001,1831.88876387289
27.441,1835.93280461348
27.442,1837.79811264006
27.4430000000002,1836.45818519832
27.4440000000002,1831.61254423419
27.4450000000002,1823.29592854316
27.4460000000001,1813.24279410032
27.4470000000001,1803.791933778
27.4480000000001,1796.43901329209
27.4490000000001,1792.11811764546
27.45,1790.95681658032
27.451,1791.54933923489
27.4520000000002,1792.90815296672
27.4530000000002,1794.09387308039
27.4540000000002,1793.48759990686
27.4550000000002,1790.11838323587
27.4560000000001,1784.10486391694
27.4570000000001,1775.71074684799
27.4580000000001,1767.66232185953
27.4590000000001,1764.0093092678
27.46,1767.32982604525
27.461,1778.88902482701
27.4620000000002,1798.01206923684
27.4630000000002,1820.52178584874
27.4640000000002,1842.25019269075
27.4650000000001,1859.36275329997
27.4660000000001,1867.36510676188
27.4670000000001,1863.66624412511
27.4680000000001,1848.76378408887
27.4690000000001,1825.51569301119
27.47,1802.24720783006
27.471,1790.92822143871
27.4720000000002,1803.44512371168
27.4730000000002,1850.64210152268
27.4740000000002,1940.25769407742
27.4750000000001,2073.93094970156
27.4760000000001,2249.53726948984
27.4770000000001,2460.10761697399
27.4780000000001,2692.94783243968
27.479,2932.34258826662
27.48,3161.61714655328
27.4810000000002,3363.79426756852
27.4820000000002,3526.5921378943
27.4830000000002,3642.10533460906
27.4840000000002,3705.30559427925
27.4850000000001,3714.5833406889
27.4860000000001,3670.88317061969
27.4870000000001,3575.30289151602
27.4880000000001,3431.81748223462
27.489,3245.38895523506
27.49,3020.36406818436
27.4910000000002,2761.77141556511
27.4920000000002,2475.81036019504
27.4930000000002,2168.8136655288
27.4940000000001,1850.9240599653
27.4950000000001,1534.11582493443
27.4960000000001,1229.94328571403
27.4970000000001,949.3280869742
27.498,701.369669011429
27.499,490.910236550177
27.5,321.681684820645
27.5010000000002,194.523480785559
27.5020000000002,106.678757595079
27.5030000000002,53.6754393176992
27.5040000000001,30.5368917212635
27.5050000000001,31.4319532348472
27.5060000000001,54.2966716143179
27.5070000000001,99.1144526198476
27.508,166.504037784457
27.509,257.831632423976
27.5100000000002,374.224665860649
27.5110000000002,514.052897468235
27.5120000000002,676.115149648733
27.5130000000001,857.077075944622
27.5140000000001,1050.53950792235
27.5150000000001,1248.38393358927
27.5160000000001,1441.64529844053
27.5170000000001,1619.97582806315
27.518,1776.73335989633
27.519,1907.34630894486
27.5200000000002,2008.82399841357
27.5210000000002,2080.57446808849
27.5220000000002,2124.12971766483
27.5230000000001,2141.05619213523
27.5240000000001,2136.61748384268
27.5250000000001,2116.55887330596
27.5260000000001,2085.83159346718
27.527,2048.95476755646
27.528,2009.78164903018
27.5290000000002,1969.76318644677
27.5300000000002,1932.36658452596
27.5310000000002,1900.25473628195
27.5320000000002,1874.71332420411
27.5330000000001,1856.4149494259
27.5340000000001,1845.46676325169
27.5350000000001,1839.73914903102
27.5360000000001,1839.69971659561
27.537,1845.23986062945
27.538,1855.28312635389
27.5390000000002,1868.59579744572
27.5400000000002,1883.88048686248
27.5410000000002,1897.62050570035
27.5420000000001,1910.64969402043
27.5430000000001,1923.13959558818
27.5440000000001,1934.40658575272
27.5450000000001,1943.89512404413
27.546,1951.23432986404
27.547,1953.80634114911
27.548,1953.96124042467
27.5490000000002,1953.08678430194
27.5500000000002,1951.542079184
27.5510000000002,1949.59192092603
27.5520000000001,1947.41470673299
27.5530000000001,1943.08924403395
27.5540000000001,1938.37045252107
27.5550000000001,1934.21595825369
27.556,1930.76265981347
27.557,1928.02215332542
27.5580000000002,1925.91458033608
27.5590000000002,1922.9474010372
27.5600000000002,1919.86644749201
27.5610000000001,1917.41731733321
27.5620000000001,1916.10501391282
27.5630000000001,1916.43965631481
27.5640000000001,1918.7890538519
27.5650000000001,1922.1018562396
27.566,1926.7579914435
27.567,1932.99917237921
27.5680000000002,1940.6850545924
27.5690000000002,1949.51323897342
27.5700000000002,1958.98911716509
27.5710000000001,1967.06943203701
27.5720000000001,1973.85644830607
27.5730000000001,1979.35908652354
27.5740000000001,1983.47040897038
27.575,1986.23224119837
27.576,1987.75651182631
27.5770000000002,1986.28908075388
27.5780000000002,1983.49119535747
27.5790000000002,1980.24021415141
27.5800000000002,1976.96458314741
27.5810000000001,1974.03133182282
27.5820000000001,1971.70275710327
27.5830000000001,1967.96873764474
27.5840000000001,1964.84387335672
27.585,1963.01461734235
27.586,1962.54615590396
27.5870000000002,1963.35603795191
27.5880000000002,1965.23024899788
27.5890000000002,1965.73828208041
27.5900000000001,1966.53589292784
27.5910000000001,1968.04381225002
27.5920000000001,1970.27773759609
27.5930000000001,1973.2630196165
27.5940000000001,1977.01991570321
27.595,1979.45338659356
27.596,1982.53031146093
27.5970000000002,1986.91409760881
27.5980000000002,1992.81557823808
27.5990000000002,2000.30132308977
27.6000000000001,2009.24554014265
27.6010000000001,2017.15549130531
27.6020000000001,2025.62222846333
27.6030000000001,2034.70379143918
27.604,2044.02467451028
27.605,2053.14249938765
27.6060000000002,2061.57676476232
27.6070000000002,2066.6080385624
27.6080000000002,2070.0403250152
27.6090000000002,2072.20309453828
27.6100000000001,2073.18933728556
27.6110000000001,2073.13120938765
27.6120000000001,2072.1569971687
27.6130000000001,2068.10765557565
27.614,2063.33199794357
27.615,2058.47536690626
27.6160000000002,2053.85266545875
27.6170000000002,2049.70436972714
27.6180000000002,2046.19069168472
27.6190000000001,2041.13109515693
27.6200000000001,2036.94766609469
27.6210000000001,2034.29925110859
27.6220000000001,2033.59174175889
27.623,2035.16994476775
27.624,2039.26076954577
27.625,2043.60471616649
27.6260000000002,2050.50166890778
27.6270000000002,2060.15920116706
27.6280000000002,2072.33032294093
27.6290000000001,2086.48880161385
27.6300000000001,2101.83580326899
27.6310000000001,2114.95982884008
27.6320000000001,2127.29632411463
27.633,2138.26488058462
27.634,2147.21964942282
27.6350000000002,2153.68272353956
27.6360000000002,2157.38515992249
27.6370000000002,2155.83777305864
27.6380000000001,2151.91287442902
27.6390000000001,2146.52528630365
27.6400000000001,2140.56894159194
27.6410000000001,2134.92118896769
27.6420000000001,2130.3117261085
27.643,2124.76140091251
27.644,2121.17086163613
27.6450000000002,2119.86769904071
27.6460000000002,2120.7664368599
27.6470000000002,2123.4894224394
27.6480000000001,2127.42898612035
27.6490000000001,2129.37070558205
27.6500000000001,2131.36275355044
27.6510000000001,2133.20821665324
27.652,2134.82228991212
27.653,2136.29220907469
27.6540000000002,2137.83591825999
27.6550000000002,2137.17958622218
27.6560000000002,2137.50767110394
27.6570000000002,2139.40715211171
27.6580000000001,2143.23771134296
27.6590000000001,2149.04935848588
27.6600000000001,2156.48475166454
27.6610000000001,2162.30343079166
27.662,2168.52630599447
27.663,2174.50987502424
27.6640000000002,2179.58556886877
27.6650000000002,2183.18119698611
27.6660000000002,2184.81705880417
27.6670000000001,2181.76277868861
27.6680000000001,2177.08529085166
27.6690000000001,2171.50105176868
27.6700000000001,2165.81668247692
27.671,2160.80059341288
27.672,2156.916052795
27.673,2151.95266207359
27.6740000000002,2148.89304864158
27.6750000000002,2147.87149908714
27.6760000000002,2148.75052563607
27.6770000000001,2151.19329571664
27.6780000000001,2154.57230011318
27.6790000000001,2155.92988678341
27.6800000000001,2157.77796181592
27.681,2160.21724333579
27.682,2163.42314219794
27.6830000000002,2167.58884217162
27.6840000000002,2172.62778528531
27.6850000000002,2176.13009358081
27.6860000000001,2180.80704481892
27.6870000000001,2186.70023330136
27.6880000000001,2193.64442933759
27.6890000000001,2201.28721022932
27.6900000000001,2208.86660730515
27.691,2213.43861963964
27.692,2217.31303747675
27.6930000000002,2220.34813471593
27.6940000000002,2222.45304965066
27.6950000000002,2223.5819511337
27.6960000000001,2223.40403057938
27.6970000000001,2219.60674483525
27.6980000000001,2215.05658871027
27.6990000000001,2210.10526771002
27.7,2205.05889347042
27.701,2200.17478992422
27.7020000000002,2195.31994087882
27.7030000000002,2188.49525673628
27.7040000000002,2182.6781270563
27.7050000000002,2178.39731206245
27.7060000000001,2176.11975192647
27.7070000000001,2176.21614744239
27.7080000000001,2178.53885531659
27.7090000000001,2181.07318882464
27.71,2186.50807887053
27.711,2194.9642700276
27.7120000000002,2206.35927689586
27.7130000000002,2220.4083723433
27.7140000000002,2236.20848299727
27.7150000000001,2251.09953890645
27.7160000000001,2267.10976030495
27.7170000000001,2283.82943561344
27.7180000000001,2300.79887545868
27.7190000000001,2317.53734796391
27.72,2333.09929639969
27.721,2345.10200127947
27.7220000000002,2355.95003893022
27.7230000000002,2365.79943396892
27.7240000000002,2374.88525111169
27.7250000000001,2383.49401433264
27.7260000000001,2391.40606418555
27.7270000000001,2397.01493671651
27.7280000000001,2403.21292702132
27.729,2410.42801240657
27.73,2418.87856634873
27.7310000000002,2428.53898688897
27.7320000000002,2438.57923076708
27.7330000000002,2446.72680591393
27.7340000000002,2455.01492871373
27.7350000000001,2463.12690552725
27.7360000000001,2470.72481792527
27.7370000000001,2477.50887678249
27.7380000000001,2482.66253537339
27.739,2484.37130635008
27.74,2485.30066232417
27.7410000000002,2485.9595310297
27.7420000000002,2486.86356183495
27.7430000000002,2488.44977591012
27.7440000000001,2490.35058588044
27.7450000000001,2490.9959055844
27.7460000000001,2492.83763833852
27.7470000000001,2495.86563190316
27.748,2499.83274714777
27.749,2504.29420589381
27.75,2507.97750997596
27.7510000000002,2508.69577532738
27.7520000000002,2508.45628955812
27.7530000000002,2507.14893579364
27.7540000000001,2504.76623670574
27.7550000000001,2501.40247043191
27.7560000000001,2496.49561411203
27.7570000000001,2488.8032830057
27.758,2481.15123831429
27.759,2474.14912881355
27.7600000000002,2468.29812378201
27.7610000000002,2463.94262250252
27.7620000000002,2460.46327632602
27.7630000000001,2456.44805368858
27.7640000000001,2454.26409044564
27.7650000000001,2454.01207876165
27.7660000000001,2455.66287106185
27.7670000000001,2459.06748253541
27.768,2463.14937864227
27.769,2466.25783662728
27.7700000000002,2470.45856772503
27.7710000000002,2475.65958770266
27.7720000000002,2481.66966075033
27.7730000000001,2488.18510180197
27.7740000000001,2493.92756419057
27.7750000000001,2497.19577907602
27.7760000000001,2499.91763229855
27.777,2501.95214158861
27.778,2503.17561559998
27.7790000000002,2503.50895482872
27.7800000000002,2502.01508826039
27.7810000000002,2497.64386166821
27.7820000000002,2493.02667550383
27.7830000000001,2488.75248024517
27.7840000000001,2485.37600459775
27.7850000000001,2483.351781654
27.7860000000001,2481.98794997698
27.787,2480.3360135083
27.788,2480.77054488418
27.7890000000002,2483.34762149616
27.7900000000002,2487.88389847985
27.7910000000002,2493.98863736031
27.7920000000001,2500.07537587715
27.7930000000001,2504.56234108354
27.7940000000001,2509.3012832838
27.7950000000001,2514.10202781194
27.796,2518.81441020742
27.797,2523.3336400904
27.798,2526.49763245391
27.7990000000002,2527.39677144267
27.8000000000002,2528.42425683723
27.8010000000002,2529.85544082818
27.8020000000001,2531.83873592756
27.8030000000001,2534.371173962
27.8040000000001,2536.16575227983
27.8050000000001,2536.19083432843
27.806,2536.49451672545
27.807,2537.06729386362
27.8080000000002,2537.86667864059
27.8090000000002,2538.85161567191
27.8100000000002,2538.82767309036
27.8110000000001,2537.15994501151
27.8120000000001,2536.26249738329
27.8130000000001,2536.54326313204
27.8140000000001,2538.2944234685
27.8150000000001,2541.6365886524
27.816,2545.25924756273
27.817,2548.29274043769
27.8180000000002,2552.55193967461
27.8190000000002,2557.74350085581
27.8200000000002,2563.41766743788
27.8210000000001,2569.03209537209
27.8220000000001,2572.76168490916
27.8230000000001,2573.61503038651
27.8240000000001,2573.44655945267
27.825,2572.33876017389
27.826,2570.43335604087
27.8270000000002,2567.89755268094
27.8280000000002,2563.58818558254
27.8290000000002,2557.2555602361
27.8300000000002,2551.20971902599
27.8310000000001,2545.86962752849
27.8320000000001,2541.55920931964
27.8330000000001,2538.50713497302
27.8340000000001,2535.4966327489
27.835,2532.30538709625
27.836,2531.11202875492
27.8370000000002,2532.17647204536
27.8380000000002,2535.58101165357
27.8390000000002,2541.19917991411
27.8400000000001,2547.26748876268
27.8410000000001,2553.04822503537
27.8420000000001,2560.03740728302
27.8430000000001,2567.84898245701
27.8440000000001,2576.02414802696
27.845,2584.08661388264
27.846,2590.12143820543
27.8470000000002,2593.64504784527
27.8480000000002,2596.52944483257
27.8490000000002,2598.96369794581
27.8500000000001,2601.11256078543
27.8510000000001,2603.05498921417
27.8520000000001,2603.21477763379
27.8530000000001,2601.39204146556
27.854,2599.42163925148
27.855,2597.35185352117
27.8560000000002,2595.1652920385
27.8570000000002,2592.81714935044
27.8580000000002,2588.68930976791
27.8590000000002,2582.86372624717
27.8600000000001,2577.46439926056
27.8610000000001,2572.9283796262
27.8620000000001,2569.58976859663
27.8630000000001,2567.61244934826
27.864,2565.32617402058
27.865,2562.65942315973
27.8660000000002,2561.21861971748
27.8670000000002,2560.84953804365
27.8680000000002,2561.30314180806
27.8690000000001,2562.29989404486
27.8700000000001,2561.93365150685
27.8710000000001,2560.31656171507
27.8720000000001,2559.32957940631
27.873,2559.30308536421
27.874,2560.49420726963
27.875,2563.00597019165
27.8760000000002,2565.04967186157
27.8770000000002,2566.68096282285
27.8780000000002,2569.2593939297
27.8790000000001,2572.44790462073
27.8800000000001,2575.77967846992
27.8810000000001,2578.74834883281
27.8820000000001,2579.20224438147
27.883,2577.33586467258
27.884,2574.85637851972
27.8850000000002,2572.15506897379
27.8860000000002,2569.69779182591
27.8870000000002,2567.95329064461
27.8880000000001,2565.58138372158
27.8890000000001,2563.45311064446
27.8900000000001,2563.45439391735
27.8910000000001,2565.82868831388
27.8920000000001,2570.56507403424
27.893,2577.4230220541
27.894,2584.2125375454
27.8950000000002,2591.09142150866
27.8960000000002,2599.21622479517
27.8970000000002,2608.34661728549
27.8980000000001,2618.20337933814
27.8990000000001,2628.47709068702
27.9000000000001,2637.03748415227
27.9010000000001,2644.32780651645
27.902,2651.67750774036
27.903,2659.07065992297
27.9040000000002,2666.43100280805
27.9050000000002,2673.62541228301
27.9060000000002,2678.62758675554
27.9070000000002,2682.13514907232
27.9080000000001,2685.58209469925
27.9090000000001,2689.08236567629
27.9100000000001,2692.67543641748
27.9110000000001,2696.31786716422
27.912,2697.97497792321
27.913,2698.44322626359
27.9140000000002,2699.06962480397
27.9150000000002,2699.86488416731
27.9160000000002,2700.72948294375
27.9170000000001,2701.46864276416
27.9180000000001,2699.8757688004
27.9190000000001,2696.74934993146
27.9200000000001,2693.37210939947
27.921,2689.82445716713
27.922,2686.16063442365
27.923,2682.40355168055
27.9240000000002,2676.48071836856
27.9250000000002,2669.51417243222
27.9260000000002,2662.9680164529
27.9270000000001,2657.01021734799
27.9280000000001,2651.62338192228
27.9290000000001,2646.57497237106
27.9300000000001,2638.96758972181
27.931,2629.57500156505
27.932,2619.64838171349
27.9330000000002,2609.2118436012
27.9340000000002,2598.32214398158
27.9350000000002,2587.04016577421
27.9360000000001,2572.63387317461
27.9370000000001,2556.66487024187
27.9380000000001,2541.24393827714
27.9390000000001,2527.22412978372
27.9400000000001,2515.39877343353
27.941,2506.36059698002
27.942,2497.61091878091
27.9430000000002,2490.6895604743
27.9440000000002,2487.06981718061
27.9450000000002,2486.66528632229
27.9460000000001,2489.04178108992
27.9470000000001,2493.41738132707
27.9480000000001,2496.6391900372
27.9490000000001,2498.97067545255
27.95,2500.40704673646
27.951,2500.12330157763
27.9520000000002,2497.58513254384
27.9530000000002,2492.69305412105
27.9540000000002,2484.69477139841
27.9550000000002,2475.66362494632
27.9560000000001,2467.05942410629
27.9570000000001,2459.56661125676
27.9580000000001,2453.56476665496
27.9590000000001,2449.11930648742
27.96,2444.95667286759
27.961,2442.08200405579
27.9620000000002,2440.52820083522
27.9630000000002,2439.72403224558
27.9640000000002,2439.25145536603
27.9650000000001,2439.02619950616
27.9660000000001,2437.55628793466
27.9670000000001,2437.12661516445
27.9680000000001,2439.24307516942
27.9690000000001,2444.324233337
27.97,2452.14773294001
27.971,2461.73766931373
27.9720000000002,2469.07683782858
27.9730000000002,2474.18062701106
27.9740000000002,2476.38894946857
27.9750000000001,2474.87121393164
27.9760000000001,2469.92783561006
27.9770000000001,2463.31786005996
27.9780000000001,2455.85797525512
27.979,2454.17802293522
27.98,2464.61380591744
27.9810000000002,2492.51354473594
27.9820000000002,2542.095894453
27.9830000000002,2615.65380121909
27.9840000000002,2710.65897066863
27.9850000000001,2826.54266471355
27.9860000000001,2959.36944703219
27.9870000000001,3102.83973246357
27.9880000000001,3249.8828082556
27.989,3393.62822974561
27.99,3525.8742875756
27.9910000000002,3644.612975046
27.9920000000002,3748.38286893138
27.9930000000002,3836.52456932192
27.9940000000001,3909.21568741486
27.9950000000001,3966.68301970861
27.9960000000001,4005.98604878765
27.9970000000001,4027.54339084732
27.998,4028.80801471707
27.999,4005.0255759958
28,3950.29839014578
28.0010000000002,3858.38691470042
28.0020000000002,3721.28421505768
28.0030000000002,3537.4413955175
28.0040000000001,3306.51328024409
28.0050000000001,3030.80181572094
28.0060000000001,2716.03287942064
28.0070000000001,2371.19682864959
28.008,2005.58222328557
28.009,1635.21685598871
28.0100000000002,1275.48146472766
28.0110000000002,940.997265553336
28.0120000000002,645.04833763791
28.0130000000001,398.677524776524
28.0140000000001,207.558244297118
28.0150000000001,79.0530376948724
28.0160000000001,15.5271768145301
28.0170000000001,15.690699223938
28.018,75.4169859487569
28.019,188.256790519498
28.0200000000002,343.544024332696
28.0210000000002,534.492615448221
28.0220000000002,751.965925462105
28.0230000000001,986.255441765339
28.0240000000001,1227.8453047935
28.0250000000001,1467.71097577302
28.0260000000001,1695.07986749547
28.027,1905.27829965715
28.028,2092.97480269763
28.0290000000002,2253.86191167067
28.0300000000002,2385.16241561991
28.0310000000002,2485.71758985065
28.0320000000002,2553.44456175424
28.0330000000001,2593.01715685543
28.0340000000001,2608.3552329221
28.0350000000001,2603.92954561979
28.0360000000001,2584.63426697745
28.037,2555.32893127604
28.038,2517.85054302379
28.0390000000002,2478.66586809539
28.0400000000002,2441.17666404488
28.0410000000002,2407.51441227584
28.0420000000001,2378.8912517518
28.0430000000001,2355.76956723888
28.0440000000001,2335.39472961065
28.0450000000001,2320.37932272374
28.046,2310.78642635122
28.047,2306.32101902857
28.048,2306.58428175969
28.0490000000002,2311.03801955717
28.0500000000002,2315.89516046541
28.0510000000002,2323.84447958774
28.0520000000001,2334.2309863908
28.0530000000001,2345.88362084819
28.0540000000001,2357.48423868337
28.0550000000001,2367.73872440951
28.056,2372.17982576225
28.057,2374.17151230024
28.0580000000002,2373.74324163701
28.0590000000002,2370.94273439916
28.0600000000002,2366.04472298525
28.0610000000001,2359.52351459584
28.0620000000001,2348.63772640888
28.0630000000001,2338.19410875509
28.0640000000001,2329.16403744466
28.0650000000001,2322.06793780492
28.066,2317.11108725218
28.067,2314.21883940115
28.0680000000002,2310.39017289718
28.0690000000002,2308.26994554666
28.0700000000002,2307.71334805159
28.0710000000001,2308.38831181179
28.0720000000001,2309.8495226689
28.0730000000001,2311.55956278975
28.0740000000001,2311.09799144887
28.075,2309.58486689696
28.076,2307.07693239161
28.0770000000002,2303.82436960534
28.0780000000002,2300.1640230986
28.0790000000002,2296.36953579836
28.0800000000002,2290.88866834452
28.0810000000001,2285.29662796772
28.0820000000001,2280.04211497896
28.0830000000001,2275.55898755684
28.0840000000001,2272.17135548945
28.085,2269.93133732344
28.086,2266.49073397528
28.0870000000002,2264.02038680242
28.0880000000002,2262.5083909658
28.0890000000002,2261.88763649246
28.0900000000001,2262.06471459515
28.0910000000001,2262.78544458085
28.0920000000001,2261.32518761562
28.0930000000001,2260.66480527532
28.0940000000001,2260.89089871842
28.095,2261.93506926451
28.096,2263.58112296434
28.0970000000002,2265.29748107405
28.0980000000002,2264.11805388542
28.0990000000002,2262.73451470874
28.1000000000001,2261.01714138377
28.1010000000001,2258.84183476656
28.1020000000001,2256.15784405385
28.1030000000001,2252.80840873673
28.104,2246.61308536611
28.105,2240.83665261635
28.1060000000002,2236.1322323294
28.1070000000002,2233.0415685017
28.1080000000002,2231.91676532617
28.1090000000002,2232.5982900148
28.1100000000001,2232.64031069372
28.1110000000001,2234.50683067958
28.1120000000001,2237.88095802295
28.1130000000001,2242.26544093184
28.114,2247.08964310012
28.115,2251.50742571537
28.1160000000002,2252.87975420011
28.1170000000002,2253.84507620054
28.1180000000002,2254.61769655536
28.1190000000001,2255.47045363934
28.1200000000001,2256.67587136452
28.1210000000001,2258.09168023682
28.1220000000001,2257.67480867527
28.123,2258.17998491
28.124,2259.64781418762
28.125,2261.90275319274
28.1260000000002,2264.61602781632
28.1270000000002,2267.00523338531
28.1280000000002,2266.67032252073
28.1290000000001,2266.06741060339
28.1300000000001,2265.30389462913
28.1310000000001,2264.53946384844
28.1320000000001,2263.96595665021
28.133,2263.3492536013
28.134,2260.90987258139
28.1350000000002,2259.40016783433
28.1360000000002,2259.02964377646
28.1370000000002,2259.80486970042
28.1380000000001,2261.54952269677
28.1390000000001,2263.49213315554
28.1400000000001,2263.42299927851
28.1410000000001,2263.57307305382
28.1420000000001,2263.84117665578
28.143,2264.12639916983
28.144,2264.35735682292
28.1450000000002,2264.0131394102
28.1460000000002,2261.37899589849
28.1470000000002,2259.11522935918
28.1480000000001,2257.57486306499
28.1490000000001,2257.01794840815
28.1500000000001,2257.5830705114
28.1510000000001,2258.7365725602
28.152,2258.68513282698
28.153,2259.70874429902
28.1540000000002,2261.70057582106
28.1550000000002,2264.40313945804
28.1560000000002,2267.45475144012
28.1570000000002,2269.88131774748
28.1580000000001,2269.7480762576
28.1590000000001,2269.21598390669
28.1600000000001,2268.32555811726
28.1610000000001,2267.16428489332
28.162,2265.87110117152
28.163,2264.02540954848
28.1640000000002,2260.37568347435
28.1650000000002,2257.54714157808
28.1660000000002,2255.93018618456
28.1670000000001,2255.74291151126
28.1680000000001,2257.00826227086
28.1690000000001,2258.90546027658
28.1700000000001,2259.68721683814
28.171,2261.32256960699
28.172,2263.55536108488
28.173,2266.04037025833
28.1740000000002,2268.39679196839
28.1750000000002,2269.55796351422
28.1760000000002,2267.8637835598
28.1770000000001,2265.56671754148
28.1780000000001,2262.87952406218
28.1790000000001,2260.04406453808
28.1800000000001,2257.29792867622
28.181,2254.09062539874
28.182,2249.25885874306
28.1830000000002,2245.23986028171
28.1840000000002,2242.22884179804
28.1850000000002,2240.22298718104
28.1860000000001,2239.02999109859
28.1870000000001,2237.51525035899
28.1880000000001,2234.03778055225
28.1890000000001,2230.5242818886
28.1900000000001,2226.86114899634
28.191,2222.97076131746
28.192,2218.84664453405
28.1930000000002,2213.74159365644
28.1940000000002,2206.70896556263
28.1950000000002,2200.35253494654
28.1960000000001,2195.25020839923
28.1970000000001,2191.87929119266
28.1980000000001,2190.55044022239
28.1990000000001,2190.49193291342
28.2,2190.53441104631
28.201,2192.6149329054
28.2020000000002,2196.46033252701
28.2030000000002,2201.57601912341
28.2040000000002,2207.30676494426
28.2050000000002,2212.01576378527
28.2060000000001,2214.03795841794
28.2070000000001,2214.9547043597
28.2080000000001,2214.51935094106
28.2090000000001,2212.57899956561
28.21,2209.08555178974
28.211,2203.1677841712
28.2120000000002,2194.15533749065
28.2130000000002,2184.48392175254
28.2140000000002,2174.74623808127
28.2150000000001,2165.50481780547
28.2160000000001,2157.26675909895
28.2170000000001,2149.49932516585
28.2180000000001,2141.81963495484
28.2190000000001,2136.66169181596
28.22,2134.49261557508
28.221,2135.60413490952
28.2220000000002,2140.09826563147
28.2230000000002,2146.8784623653
28.2240000000002,2155.01064277617
28.2250000000001,2166.15120657679
28.2260000000001,2179.97100901176
28.2270000000001,2195.94269881177
28.2280000000001,2213.3765464673
28.229,2230.44384765755
28.23,2245.74377800787
28.2310000000002,2260.48975775312
28.2320000000002,2274.19466673227
28.2330000000002,2286.42421794839
28.2340000000002,2296.8354383409
28.2350000000001,2304.14330206242
28.2360000000001,2307.80539665204
28.2370000000001,2309.88894890306
28.2380000000001,2310.84399126222
28.239,2311.13513153776
28.24,2311.19916527944
28.2410000000002,2310.30141694078
28.2420000000002,2308.32938477283
28.2430000000002,2307.41466563248
28.2440000000001,2307.8553916629
28.2450000000001,2309.7401280953
28.2460000000001,2312.95476611715
28.2470000000001,2316.07852492881
28.248,2318.38852586514
28.249,2321.28694772536
28.25,2324.49113003491
28.2510000000002,2327.65173748895
28.2520000000002,2330.39080864078
28.2530000000002,2331.18597844976
28.2540000000001,2329.50019884937
28.2550000000001,2326.92705688381
28.2560000000001,2323.54674351677
28.2570000000001,2319.44416084994
28.258,2314.70044024337
28.259,2308.20493297939
28.2600000000002,2299.88704017826
28.2610000000002,2291.60191725918
28.2620000000002,2283.65146341123
28.2630000000001,2276.25147382869
28.2640000000001,2269.52958903269
28.2650000000001,2262.30620712724
28.2660000000001,2254.51608750188
28.2670000000001,2247.87673755961
28.268,2242.55669859466
28.269,2238.62537090509
28.2700000000002,2236.05366780382
28.2710000000002,2233.45523897309
28.2720000000002,2230.65575318084
28.2730000000001,2229.12254738341
28.2740000000001,2228.78475047094
28.2750000000001,2229.44648576227
28.2760000000001,2230.79481389381
28.277,2231.13728014392
28.278,2230.09829169386
28.2790000000002,2228.84863536308
28.2800000000002,2227.15179545667
28.2810000000002,2224.742942175
28.2820000000002,2221.36167804537
28.2830000000001,2215.48646843071
28.2840000000001,2207.17720766351
28.2850000000001,2198.06616583152
28.2860000000001,2188.56810311487
28.287,2179.17482446402
28.288,2170.42459831869
28.2890000000002,2161.5079946825
28.2900000000002,2153.19666131429
28.2910000000002,2147.44395235126
28.2920000000001,2144.6566911833
28.2930000000001,2144.92255789839
28.2940000000001,2147.98601827298
28.2950000000001,2151.86272217993
28.296,2156.10228834457
28.297,2161.27599983617
28.298,2166.55414742782
28.2990000000002,2171.09876627973
28.3000000000002,2174.18033694571
28.3010000000002,2173.82840391344
28.3020000000001,2170.2563128062
28.3030000000001,2165.02435777369
28.3040000000001,2158.61505042105
28.3050000000001,2151.59785301594
28.306,2144.54252909153
28.307,2136.46643396379
28.3080000000002,2128.27188551805
28.3090000000002,2121.6140722982
28.3100000000002,2116.68190496458
28.3110000000001,2113.41653516192
28.3120000000001,2111.56828849001
28.3130000000001,2109.26697816441
28.3140000000001,2106.76448343116
28.3150000000001,2105.15995081019
28.316,2104.38862265538
28.317,2104.39673987433
28.3180000000002,2105.13926466103
28.3190000000002,2105.03591328329
28.3200000000002,2104.72699515489
28.3210000000001,2105.48418545858
28.3220000000001,2107.31300272704
28.3230000000001,2110.05931496439
28.3240000000001,2113.4292030771
28.325,2115.48959009251
28.326,2116.5907065306
28.3270000000002,2117.66012089728
28.3280000000002,2118.54929896765
28.3290000000002,2119.12197446296
28.3300000000002,2119.27498165342
28.3310000000001,2117.37961658434
28.3320000000001,2114.26471959077
28.3330000000001,2111.23321177018
28.3340000000001,2108.49066070951
28.335,2106.12521343998
28.336,2104.08856160013
28.3370000000002,2100.59035518216
28.3380000000002,2096.2658412618
28.3390000000002,2092.02419099377
28.3400000000001,2087.69974087756
28.3410000000001,2083.0805074477
28.3420000000001,2077.96355051685
28.3430000000001,2070.57162787598
28.3440000000001,2061.87401872212
28.345,2053.20020281101
28.346,2044.98933407091
28.3470000000002,2037.69101164985
28.3480000000002,2031.71387394021
28.3490000000002,2025.72092074791
28.3500000000001,2020.936066034
28.3510000000001,2018.52348539814
28.3520000000001,2018.48042396999
28.3530000000001,2020.51859332551
28.354,2024.0932682529
28.355,2026.7786325997
28.3560000000002,2028.87575436798
28.3570000000002,2030.72452848208
28.3580000000002,2031.85799413072
28.3590000000002,2031.92452377877
28.3600000000001,2030.73179258243
28.3610000000001,2026.54596478076
28.3620000000001,2020.73059337172
28.3630000000001,2014.67083387521
28.364,2008.92780085725
28.365,2003.97545300638
28.3660000000002,2000.13137200132
28.3670000000002,1995.80552339332
28.3680000000002,1992.16703320596
28.3690000000001,1989.96592911503
28.3700000000001,1988.96475819656
28.3710000000001,1988.75792088803
28.3720000000001,1988.84612678933
28.373,1987.01637461267
28.374,1984.14238918522
28.375,1980.88864293508
28.3760000000002,1977.28930875396
28.3770000000002,1973.45729623586
28.3780000000002,1969.56149588307
28.3790000000001,1964.09696445344
28.3800000000001,1958.61534043038
28.3810000000001,1954.16430542247
28.3820000000001,1950.97139805053
28.383,1949.09654807541
28.384,1948.44315255307
28.3850000000002,1947.10328531341
28.3860000000002,1946.22063075566
28.3870000000002,1946.34334539687
28.3880000000001,1947.34332165861
28.3890000000001,1949.0744849768
28.3900000000001,1951.39679367718
28.3910000000001,1952.48735800017
28.3920000000001,1953.72263107393
28.393,1955.77304242196
28.394,1958.59494799042
28.3950000000002,1961.9977354214
28.3960000000002,1965.65208155683
28.3970000000002,1967.42088449409
28.3980000000001,1968.37996179114
28.3990000000001,1968.85081476575
28.4000000000001,1968.63562689891
28.4010000000001,1967.63294909963
28.402,1965.89168054708
28.403,1961.92598580458
28.4040000000002,1957.70581399148
28.4050000000002,1954.41770125188
28.4060000000002,1952.66291949558
28.4070000000002,1952.86293548016
28.4080000000001,1955.17779476141
28.4090000000001,1957.74282038732
28.4100000000001,1961.73039944364
28.4110000000001,1967.09071184475
28.412,1973.04558417655
28.413,1978.67138990423
28.4140000000002,1983.03618636869
28.4150000000002,1983.58852483447
28.4160000000002,1981.45190583352
28.4170000000001,1976.99489140427
28.4180000000001,1970.37802349388
28.4190000000001,1961.95040285814
28.4200000000001,1952.18416926138
28.421,1939.7260503246
28.422,1926.88459807152
28.423,1914.72193467017
28.4240000000002,1903.66780454971
28.4250000000002,1893.90519258764
28.4260000000002,1885.37066772696
28.4270000000001,1875.51983741894
28.4280000000001,1866.04751121358
28.4290000000001,1857.32558854647
28.4300000000001,1849.23854113578
28.431,1841.60471722901
28.432,1834.14471992827
28.4330000000002,1823.70150234689
28.4340000000002,1812.29777362885
28.4350000000002,1800.52755512307
28.4360000000001,1788.57042818389
28.4370000000001,1776.60311035086
28.4380000000001,1764.73355886639
28.4390000000001,1750.1246330778
28.4400000000001,1735.25808175854
28.441,1721.00022200631
28.442,1707.77982669506
28.4430000000002,1695.94433037606
28.4440000000002,1685.68705683836
28.4450000000002,1675.22802465869
28.4460000000001,1666.24146966256
28.4470000000001,1658.74595508208
28.4480000000001,1652.32993995001
28.4490000000001,1646.54260591481
28.45,1641.03288516714
28.451,1634.7451214706
28.4520000000002,1629.06851262998
28.4530000000002,1624.17808629962
28.4540000000002,1619.99807930288
28.4550000000002,1616.33692750939
28.4560000000001,1612.91273514748
28.4570000000001,1608.54283970814
28.4580000000001,1604.28166216332
28.4590000000001,1599.89195991668
28.46,1595.06521591962
28.461,1589.71733015722
28.4620000000002,1584.11015437929
28.4630000000002,1577.9888364344
28.4640000000002,1573.56516422657
28.4650000000001,1571.58973818281
28.4660000000001,1572.28318430175
28.4670000000001,1575.33017198252
28.4680000000001,1579.89664635026
28.4690000000001,1583.40942424012
28.47,1586.38890126612
28.471,1587.97855822409
28.4720000000002,1587.75697575625
28.4730000000002,1586.18920743425
28.4740000000002,1584.80520270033
28.4750000000001,1584.10167594822
28.4760000000001,1589.73618116714
28.4770000000001,1605.61897698429
28.4780000000001,1635.15004233898
28.479,1680.75815021526
28.48,1743.48331350292
28.4810000000002,1820.74937873155
28.4820000000002,1913.0731237124
28.4830000000002,2017.92237396123
28.4840000000002,2132.23795035262
28.4850000000001,2253.10584874361
28.4860000000001,2378.20204117583
28.4870000000001,2504.07124655879
28.4880000000001,2631.99789800807
28.489,2761.30042074733
28.49,2890.52809962598
28.4910000000002,3016.74603840905
28.4920000000002,3134.946149237
28.4930000000002,3235.96109846696
28.4940000000001,3312.71857460554
28.4950000000001,3354.83023527827
28.4960000000001,3351.80407360823
28.4970000000001,3294.56198654474
28.498,3176.94048758724
28.499,2995.21904350451
28.5,2754.77211832061
28.5010000000002,2464.17514162943
28.5020000000002,2136.58638385978
28.5030000000002,1788.55465423774
28.5040000000001,1438.26956540678
28.5050000000001,1102.0018626726
28.5060000000001,797.771467991388
28.5070000000001,537.938807644556
28.508,329.963726490099
28.509,175.961937989665
28.5100000000002,72.8473204589696
28.5110000000002,11.6990189228797
28.5120000000002,-15.6124551571332
28.5130000000001,-20.3910187645111
28.5140000000001,-13.669084742633
28.5150000000001,-4.71407519521175
28.5160000000001,-0.0101605153884003
28.5170000000001,-3.9668355753905
28.518,-13.7359438284466
28.519,-25.0230259341372
28.5200000000002,-31.2054249482611
28.5210000000002,-24.491270168012
28.5220000000002,2.64280732020171
28.5230000000001,54.9693994554674
28.5240000000001,138.32824310115
28.5250000000001,253.734884077815
28.5260000000001,398.826435020772
28.527,568.068764757497
28.528,753.193920600779
28.5290000000002,942.977073988526
28.5300000000002,1129.01318113397
28.5310000000002,1301.69000193498
28.5320000000002,1452.82382465486
28.5330000000001,1576.388377653
28.5340000000001,1668.73072617242
28.5350000000001,1727.6182162757
28.5360000000001,1756.57232512798
28.537,1759.35744925307
28.538,1741.01447246187
28.5390000000002,1707.19711588765
28.5400000000002,1663.31457211724
28.5410000000002,1613.07499998063
28.5420000000001,1562.74292096094
28.5430000000001,1515.74194596394
28.5440000000001,1474.37937050334
28.5450000000001,1439.96408628635
28.546,1412.68105570081
28.547,1390.8824628346
28.548,1376.48841823353
28.5490000000002,1368.92570373521
28.5500000000002,1367.39376759057
28.5510000000002,1370.97173809678
28.5520000000001,1378.25977595291
28.5530000000001,1386.54445425103
28.5540000000001,1397.63204394912
28.5550000000001,1410.5095660748
28.556,1424.01228042364
28.557,1436.97253646778
28.5580000000002,1447.90515748693
28.5590000000002,1454.43036509832
28.5600000000002,1458.97189270736
28.5610000000001,1461.50646982136
28.5620000000001,1462.1537491058
28.5630000000001,1461.1948657652
28.5640000000001,1458.72199970266
28.5650000000001,1454.05885480121
28.566,1449.44231161084
28.567,1445.48492455268
28.5680000000002,1442.57506110239
28.5690000000002,1440.83058079051
28.5700000000002,1439.89713043546
28.5710000000001,1438.5446335649
28.5720000000001,1437.21548945915
28.5730000000001,1435.78914164211
28.5740000000001,1434.25635936713
28.575,1432.67675172183
28.576,1430.90750805898
28.5770000000002,1428.14973276881
28.5780000000002,1425.28666587755
28.5790000000002,1422.67238688403
28.5800000000002,1420.68913107133
28.5810000000001,1419.65962930503
28.5820000000001,1419.53958307095
28.5830000000001,1419.51821185799
28.5840000000001,1420.32005783591
28.585,1422.02873154818
28.586,1424.66617923454
28.5870000000002,1428.13626188705
28.5880000000002,1431.84217376505
28.5890000000002,1434.49861453303
28.5900000000001,1436.95056214477
28.5910000000001,1439.07286933716
28.5920000000001,1440.83433970554
28.5930000000001,1442.30002946437
28.5940000000001,1443.10250222345
28.595,1442.45301340877
28.596,1442.3587323131
28.5970000000002,1443.2299297505
28.5980000000002,1445.36457009124
28.5990000000002,1448.9167191606
28.6000000000001,1453.33862073362
28.6010000000001,1457.54630630807
28.6020000000001,1463.01980165866
28.6030000000001,1469.59111979028
28.604,1476.98732378855
28.605,1484.87570619995
28.6060000000002,1492.37838398185
28.6070000000002,1498.3314652094
28.6080000000002,1504.07479497388
28.6090000000002,1509.64390685121
28.6100000000001,1515.08615235729
28.6110000000001,1520.42330984622
28.6120000000001,1525.06438329438
28.6130000000001,1528.11071100649
28.614,1530.96956062038
28.615,1533.68468046915
28.6160000000002,1536.25462569874
28.6170000000002,1538.64691104828
28.6180000000002,1540.21917717175
28.6190000000001,1540.19170865417
28.6200000000001,1540.14715354416
28.6210000000001,1540.35421264212
28.6220000000001,1541.06165380959
28.623,1542.46132177712
28.624,1544.02467075883
28.625,1545.05563611769
28.6260000000002,1547.02627000201
28.6270000000002,1549.9855220556
28.6280000000002,1553.87288920923
28.6290000000001,1558.53091326752
28.6300000000001,1563.07476016851
28.6310000000001,1566.60017709866
28.6320000000001,1570.36332076627
28.633,1574.34515297946
28.634,1578.51750124536
28.6350000000002,1582.83151627036
28.6360000000002,1586.53349624679
28.6370000000002,1588.95168028488
28.6380000000001,1591.46815746031
28.6390000000001,1594.20617162686
28.6400000000001,1597.26121017195
28.6410000000001,1600.6955710405
28.6420000000001,1603.83703203707
28.643,1606.17619157618
28.644,1609.16049383335
28.6450000000002,1612.98838546439
28.6460000000002,1617.78557892629
28.6470000000002,1623.57357082417
28.6480000000001,1629.51319131983
28.6490000000001,1634.91333335242
28.6500000000001,1640.8781402852
28.6510000000001,1647.20715581912
28.652,1653.59887876277
28.653,1659.67520002682
28.6540000000002,1664.25737723216
28.6550000000002,1666.55479353969
28.6560000000002,1667.68964346301
28.6570000000002,1667.72149899174
28.6580000000001,1666.82600191304
28.6590000000001,1665.28118592895
28.6600000000001,1662.64463940659
28.6610000000001,1658.96250210557
28.662,1656.00679370991
28.663,1654.30281108915
28.6640000000002,1654.20065044953
28.6650000000002,1655.8195680853
28.6660000000002,1658.19395323798
28.6670000000001,1660.69249945207
28.6680000000001,1664.21089798579
28.6690000000001,1668.40243668233
28.6700000000001,1672.89223758582
28.671,1677.34266608218
28.672,1680.60885122105
28.673,1682.33034144144
28.6740000000002,1683.94036906678
28.6750000000002,1685.77998640822
28.6760000000002,1688.1682304408
28.6770000000001,1691.31057958556
28.6780000000001,1694.27508111089
28.6790000000001,1696.68936528418
28.6800000000001,1699.63621318891
28.681,1702.88700779279
28.682,1706.11171804714
28.6830000000002,1708.94128266777
28.6840000000002,1710.03717951176
28.6850000000002,1709.01720095556
28.6860000000001,1707.20152668618
28.6870000000001,1704.87789258811
28.6880000000001,1702.38196438375
28.6890000000001,1700.01762469912
28.6900000000001,1696.95199652392
28.691,1693.18731889825
28.692,1690.07924534668
28.6930000000002,1687.73073889584
28.6940000000002,1686.13436844405
28.6950000000002,1685.20345942214
28.6960000000001,1683.74000440693
28.6970000000001,1681.63038658838
28.6980000000001,1680.19259487115
28.6990000000001,1679.65359067108
28.7,1680.19999218028
28.701,1681.91580267897
28.7020000000002,1683.63546758266
28.7030000000002,1685.2101274927
28.7040000000002,1687.63590685591
28.7050000000002,1690.71100761794
28.7060000000001,1694.1434589707
28.7070000000001,1697.59562988682
28.7080000000001,1699.60378317923
28.7090000000001,1700.04511376362
28.71,1700.0685917664
28.711,1699.83682616184
28.7120000000002,1699.52801695854
28.7130000000002,1699.28183525792
28.7140000000002,1697.99491123658
28.7150000000001,1695.87332860315
28.7160000000001,1694.1326889628
28.7170000000001,1692.89840944299
28.7180000000001,1692.2565266837
28.7190000000001,1692.28493939532
28.72,1691.89767383296
28.721,1691.54545101141
28.7220000000002,1692.70026060576
28.7230000000002,1695.83236607632
28.7240000000002,1701.32886706184
28.7250000000001,1709.41912924629
28.7260000000001,1718.90163953285
28.7270000000001,1729.92737672201
28.7280000000001,1743.3111343211
28.729,1758.70098748321
28.73,1775.57794529509
28.7310000000002,1793.31164423356
28.7320000000002,1809.96583881463
28.7330000000002,1825.33272136654
28.7340000000002,1840.08017568418
28.7350000000001,1854.01573000048
28.7360000000001,1867.00829217775
28.7370000000001,1878.95617710922
28.7380000000001,1888.46085551712
28.739,1895.92633291503
28.74,1902.44989340706
28.7410000000002,1908.18739547666
28.7420000000002,1913.26128393228
28.7430000000002,1917.75771394464
28.7440000000001,1920.3985464111
28.7450000000001,1921.80073833313
28.7460000000001,1923.15808357521
28.7470000000001,1924.7141692883
28.748,1926.61135786048
28.749,1928.85629915851
28.75,1929.9457667077
28.7510000000002,1930.25326181673
28.7520000000002,1930.55962959442
28.7530000000002,1930.71523793702
28.7540000000001,1930.52892743181
28.7550000000001,1929.80378197552
28.7560000000001,1926.98203082823
28.7570000000001,1922.67796092531
28.758,1918.00361209681
28.759,1913.29573167775
28.7600000000002,1908.88628860448
28.7610000000002,1905.04027081912
28.7620000000002,1900.47086904073
28.7630000000001,1895.96307836804
28.7640000000001,1892.47980647806
28.7650000000001,1890.02584101373
28.7660000000001,1888.44945117675
28.7670000000001,1887.46296912266
28.768,1885.2094101765
28.769,1882.13202634264
28.7700000000002,1878.92997089985
28.7710000000002,1875.57846421412
28.7720000000002,1872.10395657118
28.7730000000001,1868.57004820051
28.7740000000001,1863.54928306042
28.7750000000001,1858.05763695595
28.7760000000001,1853.23290043401
28.777,1849.41501133322
28.778,1846.84343907348
28.7790000000002,1845.61987666515
28.7800000000002,1844.16351815052
28.7810000000002,1843.27773202254
28.7820000000002,1843.68910325193
28.7830000000001,1845.32236542302
28.7840000000001,1848.01996663075
28.7850000000001,1851.55364800586
28.7860000000001,1854.08579561082
28.787,1856.37397215081
28.788,1859.08698838225
28.7890000000002,1862.19247606812
28.7900000000002,1865.61237162171
28.7910000000002,1869.20233310475
28.7920000000001,1871.13826257938
28.7930000000001,1872.32346467472
28.7940000000001,1873.42042103648
28.7950000000001,1874.40323420739
28.796,1875.22982921149
28.797,1875.8525243132
28.798,1874.55640697235
28.7990000000002,1872.60105628155
28.8000000000002,1870.91605047905
28.8010000000002,1869.74529841568
28.8020000000001,1869.25304567143
28.8030000000001,1869.49166729905
28.8040000000001,1868.66300263094
28.8050000000001,1867.9647378527
28.806,1868.058138121
28.807,1868.90451765091
28.8080000000002,1870.41309117537
28.8090000000002,1872.46771478382
28.8100000000002,1873.18888666911
28.8110000000001,1873.93071186503
28.8120000000001,1875.49453383806
28.8130000000001,1878.04406619781
28.8140000000001,1881.64851047018
28.8150000000001,1886.2433237784
28.816,1889.81644181517
28.817,1893.54951621259
28.8180000000002,1897.85916487468
28.8190000000002,1902.52230311946
28.8200000000002,1907.27584034092
28.8210000000001,1911.8598705518
28.8220000000001,1914.24086107095
28.8230000000001,1915.85467883772
28.8240000000001,1917.44520975536
28.825,1919.24502212929
28.826,1921.4350054861
28.8270000000002,1924.08604451002
28.8280000000002,1925.29018916828
28.8290000000002,1926.45909824071
28.8300000000002,1928.01293875038
28.8310000000001,1929.76158286791
28.8320000000001,1931.42506084558
28.8330000000001,1932.68212949377
28.8340000000001,1931.37145308499
28.835,1928.94530831887
28.836,1925.99362679064
28.8370000000002,1922.7128398187
28.8380000000002,1919.30959220075
28.8390000000002,1915.94968783097
28.8400000000001,1910.83056109117
28.8410000000001,1905.69803822686
28.8420000000001,1901.15292275283
28.8430000000001,1897.26007966989
28.8440000000001,1893.96804667534
28.845,1891.1312903713
28.846,1886.61803978283
28.8470000000002,1882.06915983348
28.8480000000002,1878.01437120513
28.8490000000002,1874.62782628261
28.8500000000001,1872.08892744452
28.8510000000001,1870.54626396497
28.8520000000001,1868.10344928125
28.8530000000001,1866.68326740787
28.854,1866.8334815547
28.855,1868.59188415201
28.8560000000002,1871.81661650544
28.8570000000002,1876.18510498138
28.8580000000002,1879.18421729952
28.8590000000002,1882.27543770151
28.8600000000001,1885.52455852544
28.8610000000001,1888.68765960007
28.8620000000001,1891.5616380101
28.8630000000001,1893.99710355407
28.864,1893.80605038235
28.865,1893.0728507362
28.8660000000002,1892.4461875539
28.8670000000002,1892.26866978397
28.8680000000002,1892.80029994469
28.8690000000001,1894.15611133814
28.8700000000001,1894.16701410876
28.8710000000001,1894.76090548625
28.8720000000001,1896.13427851558
28.873,1898.09758478799
28.874,1900.36401975107
28.875,1902.5889676209
28.8760000000002,1902.30284486694
28.8770000000002,1901.41791288499
28.8780000000002,1900.22229754379
28.8790000000001,1898.8245631057
28.8800000000001,1897.33949745311
28.8810000000001,1895.84614002238
28.8820000000001,1892.26392456
28.883,1888.80609020821
28.884,1885.82539340228
28.8850000000002,1883.40543861629
28.8860000000002,1881.55930375889
28.8870000000002,1880.25003457383
28.8880000000001,1877.3681181279
28.8890000000001,1875.13733027396
28.8900000000001,1873.90762576298
28.8910000000001,1873.82686406089
28.8920000000001,1874.95931378685
28.893,1877.25943023043
28.894,1878.47466504069
28.8950000000002,1880.70138119033
28.8960000000002,1883.96861386691
28.8970000000002,1888.09313631092
28.8980000000001,1892.82314134418
28.8990000000001,1897.86745057232
28.9000000000001,1900.80106218751
28.9010000000001,1903.77891345924
28.902,1906.91011291815
28.903,1910.20555107248
28.9040000000002,1913.64204585446
28.9050000000002,1917.1485993243
28.9060000000002,1918.47704778119
28.9070000000002,1919.9752403964
28.9080000000001,1921.85539580266
28.9090000000001,1924.28315217738
28.9100000000001,1927.43600627885
28.9110000000001,1931.49623008411
28.912,1934.48133605004
28.913,1939.038190646
28.9140000000002,1945.4855213927
28.9150000000002,1953.9262384882
28.9160000000002,1964.20150205899
28.9170000000001,1975.82221501238
28.9180000000001,1985.9502739203
28.9190000000001,1996.13069495012
28.9200000000001,2005.58007953697
28.921,2013.46514868839
28.922,2019.03889603193
28.923,2021.68124709345
28.9240000000002,2019.05450366703
28.9250000000002,2013.704400211
28.9260000000002,2006.27116314635
28.9270000000001,1997.56413428117
28.9280000000001,1988.44731695722
28.9290000000001,1979.58304178679
28.9300000000001,1969.34683151261
28.931,1960.57036491935
28.932,1953.43625716068
28.9330000000002,1947.68846969274
28.9340000000002,1942.67041020477
28.9350000000002,1937.2405963612
28.9360000000001,1927.70900218523
28.9370000000001,1915.95493643355
28.9380000000001,1901.59720019461
28.9390000000001,1884.59050579148
28.9400000000001,1865.24869039196
28.941,1843.94066278216
28.942,1818.4740987036
28.9430000000002,1793.28721568486
28.9440000000002,1770.09915663343
28.9450000000002,1750.51481474826
28.9460000000001,1735.77379176379
28.9470000000001,1726.24320766654
28.9480000000001,1719.12684377851
28.9490000000001,1716.90027422788
28.95,1718.91079606292
28.951,1724.1747538704
28.9520000000002,1731.54646475688
28.9530000000002,1739.65177936634
28.9540000000002,1745.87409816073
28.9550000000002,1751.53541771213
28.9560000000001,1756.22647707665
28.9570000000001,1759.70524260302
28.9580000000001,1761.89545242735
28.9590000000001,1762.71967400718
28.96,1761.72119330052
28.961,1760.39215068121
28.9620000000002,1758.77083034295
28.9630000000002,1756.77692602833
28.9640000000002,1754.34837354302
28.9650000000001,1751.41525293186
28.9660000000001,1747.7390781844
28.9670000000001,1745.02181697798
28.9680000000001,1743.61923735711
28.9690000000001,1743.6947418448
28.97,1745.19449735581
28.971,1747.6394926858
28.9720000000002,1749.83360332807
28.9730000000002,1752.68685066359
28.9740000000002,1755.55445477405
28.9750000000001,1757.81562858029
28.9760000000001,1759.09806911238
28.9770000000001,1759.09365465413
28.9780000000001,1756.95128215816
28.979,1755.90226808765
28.98,1757.53438881532
28.9810000000002,1763.43831387904
28.9820000000002,1774.95906037555
28.9830000000002,1792.56038587295
28.9840000000002,1815.07024947173
28.9850000000001,1844.94636585006
28.9860000000001,1882.41907828823
28.9870000000001,1927.85152807503
28.9880000000001,1982.02853237201
28.989,2045.85848856144
28.99,2119.82766374703
28.9910000000002,2208.27867815635
28.9920000000002,2313.28986794658
28.9930000000002,2435.93474416623
28.9940000000001,2575.65127983841
28.9950000000001,2729.30741604912
28.9960000000001,2890.705327718
28.9970000000001,3054.94414598005
28.998,3213.71665142347
28.999,3357.91749409344
29,3478.55202275498
29.0010000000002,3567.07056855577
29.0020000000002,3615.7624290653
29.0030000000002,3622.09171203874
29.0040000000001,3583.57791729076
29.0050000000001,3499.31305697232
29.0060000000001,3369.63991024063
29.0070000000001,3195.38283242109
29.008,2977.70000294655
29.009,2722.14293264445
29.0100000000002,2434.14569546727
29.0110000000002,2121.12437401806
29.0120000000002,1792.70529868469
29.0130000000001,1460.01566926765
29.0140000000001,1135.06125231043
29.0150000000001,833.236405173775
29.0160000000001,567.04255413403
29.0170000000001,346.15867024723
29.018,176.096073290374
29.019,56.8427067036204
29.0200000000002,-16.9224328350693
29.0210000000002,-51.4785303641224
29.0220000000002,-57.0170932907818
29.0230000000001,-43.8970378738606
29.0240000000001,-20.5339132094926
29.0250000000001,7.62971161087659
29.0260000000001,39.2399624235176
29.027,80.0618463118191
29.028,137.253944226059
29.0290000000002,219.008420727595
29.0300000000002,332.265781339182
29.0310000000002,479.953320371684
29.0320000000002,659.962577592789
29.0330000000001,867.764828082216
29.0340000000001,1092.5858995078
29.0350000000001,1320.53121521612
29.0360000000001,1536.72668668103
29.037,1726.90940888254
29.038,1879.95944642096
29.0390000000002,1992.08229313285
29.0400000000002,2062.85237808733
29.0410000000002,2096.24379654345
29.0420000000001,2099.38283500391
29.0430000000001,2080.18500830457
29.0440000000001,2046.42772677885
29.0450000000001,2007.1494532717
29.046,1967.67840216724
29.047,1931.03210708464
29.048,1898.29489172795
29.0490000000002,1868.50899242846
29.0500000000002,1840.40017705932
29.0510000000002,1815.59967841426
29.0520000000001,1794.63643351815
29.0530000000001,1778.57767319278
29.0540000000001,1768.74006191775
29.0550000000001,1765.2453632051
29.056,1767.93322776962
29.057,1778.60223064867
29.0580000000002,1796.00808516663
29.0590000000002,1818.01547793446
29.0600000000002,1842.02041087332
29.0610000000001,1864.23217638897
29.0620000000001,1882.03858239837
29.0630000000001,1896.7273414592
29.0640000000001,1907.93941849406
29.0650000000001,1915.90100566433
29.066,1921.23883978635
29.067,1923.5166369459
29.0680000000002,1922.94456265364
29.0690000000002,1922.30499372994
29.0700000000002,1921.73396159241
29.0710000000001,1920.93554567293
29.0720000000001,1919.40122394122
29.0730000000001,1915.77054013174
29.0740000000001,1909.30967776813
29.075,1901.81366389817
29.076,1894.07486468433
29.0770000000002,1887.06247411246
29.0780000000002,1881.70816106544
29.0790000000002,1878.10674197907
29.0800000000002,1875.98399848248
29.0810000000001,1876.3118378303
29.0820000000001,1879.14062483119
29.0830000000001,1884.28685234329
29.0840000000001,1891.34047851657
29.085,1899.10835648952
29.086,1906.33313239464
29.0870000000002,1913.3384774976
29.0880000000002,1920.01569886973
29.0890000000002,1926.39884562417
29.0900000000001,1932.5409907958
29.0910000000001,1937.67251444267
29.0920000000001,1941.15015268444
29.0930000000001,1943.86282544138
29.0940000000001,1945.90835349316
29.095,1947.38581495732
29.096,1948.35718431861
29.0970000000002,1947.74722387261
29.0980000000002,1945.28678759522
29.0990000000002,1942.59333957275
29.1000000000001,1940.00135121235
29.1010000000001,1937.85198394393
29.1020000000001,1936.46365119522
29.1030000000001,1934.86649328342
29.104,1933.15203145575
29.105,1933.21037230418
29.1060000000002,1935.34380039052
29.1070000000002,1939.68201306724
29.1080000000002,1946.16969373281
29.1090000000002,1953.35288654957
29.1100000000001,1960.78706942838
29.1110000000001,1969.66007331438
29.1120000000001,1979.73049818532
29.1130000000001,1990.6607942334
29.114,2002.0245701259
29.115,2012.09272570884
29.1160000000002,2020.34117488955
29.1170000000002,2027.92124580248
29.1180000000002,2034.78973248106
29.1190000000001,2040.96584140239
29.1200000000001,2046.50883718282
29.1210000000001,2050.18505191125
29.1220000000001,2052.15301145915
29.123,2054.12155741305
29.124,2056.4815222277
29.125,2059.52027396094
29.1260000000002,2063.37142640277
29.1270000000002,2066.62042231254
29.1280000000002,2069.22976090464
29.1290000000001,2072.49248451958
29.1300000000001,2076.3347108949
29.1310000000001,2080.59600244366
29.1320000000001,2085.04784065959
29.133,2088.0099190295
29.134,2089.45828951403
29.1350000000002,2090.74902507937
29.1360000000002,2092.03378628056
29.1370000000002,2093.45588158499
29.1380000000001,2095.11125658569
29.1390000000001,2095.57208096421
29.1400000000001,2095.1053183844
29.1410000000001,2095.17842574438
29.1420000000001,2096.0171182489
29.143,2097.77846641391
29.144,2100.53567509927
29.1450000000002,2102.77074137018
29.1460000000002,2104.81140889982
29.1470000000002,2108.10978293391
29.1480000000001,2112.91357204237
29.1490000000001,2119.39641465294
29.1500000000001,2127.61077272913
29.1510000000001,2135.89543108906
29.152,2144.47886177141
29.153,2154.47907934073
29.1540000000002,2165.72052430169
29.1550000000002,2177.87157997487
29.1560000000002,2190.45092483057
29.1570000000002,2201.26478196677
29.1580000000001,2210.24851321482
29.1590000000001,2218.28369429305
29.1600000000001,2225.21893313334
29.1610000000001,2230.99350009507
29.162,2235.63161382703
29.163,2237.59710334357
29.1640000000002,2237.71242111065
29.1650000000002,2237.6518002547
29.1660000000002,2238.01458933592
29.1670000000001,2239.31523510848
29.1680000000001,2241.90494473819
29.1690000000001,2244.21500660574
29.1700000000001,2246.915173931
29.171,2251.19460074453
29.172,2257.01941474763
29.173,2264.19204558656
29.1740000000002,2272.36363809643
29.1750000000002,2279.26341965568
29.1760000000002,2285.22444073089
29.1770000000001,2291.19720825174
29.1780000000001,2297.11639811003
29.1790000000001,2302.93153243513
29.1800000000001,2308.57350801377
29.181,2312.03683568671
29.182,2314.13600793927
29.1830000000002,2316.16614274523
29.1840000000002,2318.35483455377
29.1850000000002,2320.86183898537
29.1860000000001,2323.74610126849
29.1870000000001,2324.98667700123
29.1880000000001,2325.52452262543
29.1890000000001,2326.66194198645
29.1900000000001,2328.67204469071
29.191,2331.78083684298
29.192,2336.12288856072
29.1930000000002,2339.65619849311
29.1940000000002,2343.4371155574
29.1950000000002,2348.67837661609
29.1960000000001,2355.47153644078
29.1970000000001,2363.72984180405
29.1980000000001,2373.1526213238
29.1990000000001,2381.1218579545
29.2,2388.25080367068
29.201,2395.23675118698
29.2020000000002,2401.83337767903
29.2030000000002,2407.82587657874
29.2040000000002,2413.03337401173
29.2050000000002,2415.15834926252
29.2060000000001,2415.47030123217
29.2070000000001,2415.29356171201
29.2080000000001,2415.04525691885
29.2090000000001,2415.05748971023
29.21,2415.4915153716
29.211,2414.0867933373
29.2120000000002,2412.0799182411
29.2130000000002,2410.44934904414
29.2140000000002,2409.23597321714
29.2150000000001,2408.45293841218
29.2160000000001,2408.10848064405
29.2170000000001,2405.95465522877
29.2180000000001,2403.67440135924
29.2190000000001,2402.71396679805
29.22,2403.67553411208
29.221,2407.05929167096
29.2220000000002,2413.15344217157
29.2230000000002,2419.6320383742
29.2240000000002,2427.93028000009
29.2250000000001,2438.78662929191
29.2260000000001,2451.92448087773
29.2270000000001,2466.90445342925
29.2280000000001,2483.17401543481
29.229,2497.74934684728
29.23,2511.88184068729
29.2310000000002,2526.31999712772
29.2320000000002,2541.11570457478
29.2330000000002,2556.32778113662
29.2340000000002,2571.94037018313
29.2350000000001,2585.35856579759
29.2360000000001,2598.2439353111
29.2370000000001,2611.41474074333
29.2380000000001,2624.8700177393
29.239,2638.53179779947
29.24,2652.25640648577
29.2410000000002,2663.35711556855
29.2420000000002,2673.71110989166
29.2430000000002,2684.32717361366
29.2440000000001,2695.51055868068
29.2450000000001,2707.47989543555
29.2460000000001,2720.2830870521
29.2470000000001,2731.18408299081
29.248,2741.95853035382
29.249,2753.15982542619
29.25,2764.53837428191
29.2510000000002,2775.72165000763
29.2520000000002,2786.24902430163
29.2530000000002,2792.99832186883
29.2540000000001,2797.80637068769
29.2550000000001,2801.42356713988
29.2560000000001,2804.08764886569
29.2570000000001,2806.08218150439
29.258,2807.66151339765
29.259,2806.29793914765
29.2600000000002,2804.46432304539
29.2610000000002,2803.17213191852
29.2620000000002,2802.73004159191
29.2630000000001,2803.28696000488
29.2640000000001,2804.81103453634
29.2650000000001,2804.34150664088
29.2660000000001,2804.08961937655
29.2670000000001,2804.67096526075
29.268,2806.09876954299
29.269,2808.29520523717
29.2700000000002,2811.06437314548
29.2710000000002,2811.26703467717
29.2720000000002,2811.15128392525
29.2730000000001,2811.25339076608
29.2740000000001,2811.58746649355
29.2750000000001,2812.12110977856
29.2760000000001,2812.75846504653
29.277,2810.47576813647
29.278,2807.8439860183
29.2790000000002,2805.62832770174
29.2800000000002,2804.14304647395
29.2810000000002,2803.64456179202
29.2820000000002,2804.2735763213
29.2830000000001,2803.11602461976
29.2840000000001,2802.86351244277
29.2850000000001,2804.11338822231
29.2860000000001,2806.91895946021
29.287,2811.15642777209
29.288,2816.50578171536
29.2890000000002,2819.49115129316
29.2900000000002,2822.49494378706
29.2910000000002,2825.70020248471
29.2920000000001,2828.92219305743
29.2930000000001,2831.97214496185
29.2940000000001,2834.65543076353
29.2950000000001,2833.71035207238
29.296,2832.14751046092
29.297,2830.65920249957
29.298,2829.63088135097
29.2990000000002,2829.3946070615
29.3000000000002,2830.16448644908
29.3010000000002,2828.86249425236
29.3020000000001,2828.70993186808
29.3030000000001,2830.21767066635
29.3040000000001,2833.46333446346
29.3050000000001,2838.34865477612
29.306,2844.59538319237
29.307,2848.56633263919
29.3080000000002,2853.18328683573
29.3090000000002,2858.54214818446
29.3100000000002,2864.44817497097
29.3110000000001,2870.63474296479
29.3120000000001,2876.75797104374
29.3130000000001,2879.12750268098
29.3140000000001,2880.95066443751
29.3150000000001,2882.49061484456
29.316,2883.84929365964
29.317,2885.13481789359
29.3180000000002,2886.44165629263
29.3190000000002,2884.51471191357
29.3200000000002,2883.12867927847
29.3210000000001,2882.88138682134
29.3220000000001,2884.12670650272
29.3230000000001,2887.0426671018
29.3240000000001,2891.58320214607
29.325,2894.10401603469
29.326,2897.95438994629
29.3270000000002,2903.04508099035
29.3280000000002,2909.06456099962
29.3290000000002,2915.58634895675
29.3300000000002,2922.10038302284
29.3310000000001,2924.6505813155
29.3320000000001,2926.64883782781
29.3330000000001,2928.12281615497
29.3340000000001,2929.09961515626
29.335,2929.60381137352
29.336,2929.57249857689
29.3370000000002,2925.64196488863
29.3380000000002,2921.59606281993
29.3390000000002,2917.79651327661
29.3400000000001,2914.51403716504
29.3410000000001,2911.93672315628
29.3420000000001,2910.0524425987
29.3430000000001,2905.65180149079
29.3440000000001,2902.48470338151
29.345,2900.88057552207
29.346,2901.01462813817
29.3470000000002,2902.89210223154
29.3480000000002,2906.1592181209
29.3490000000002,2907.28479956941
29.3500000000001,2909.48565150698
29.3510000000001,2912.51926201225
29.3520000000001,2915.98170956705
29.3530000000001,2919.36642705275
29.354,2921.90384560415
29.355,2919.99948253318
29.3560000000002,2916.98553942111
29.3570000000002,2913.04956507462
29.3580000000002,2908.48804965107
29.3590000000002,2903.69718664347
29.3600000000001,2898.85407992751
29.3610000000001,2891.41649465017
29.3620000000001,2885.46077984109
29.3630000000001,2881.65246387176
29.364,2880.36725799928
29.365,2881.64231646281
29.3660000000002,2884.83219186158
29.3670000000002,2886.40055296152
29.3680000000002,2889.14315796074
29.3690000000001,2892.49642854317
29.3700000000001,2895.8188538957
29.3710000000001,2898.50525878265
29.3720000000001,2899.69539443809
29.373,2896.29430461809
29.374,2891.87382577211
29.375,2886.98597293631
29.3760000000002,2882.23526487119
29.3770000000002,2878.187779779
29.3780000000002,2874.84121155463
29.3790000000001,2869.7269821654
29.3800000000001,2866.40044572071
29.3810000000001,2864.99768835228
29.3820000000001,2865.35468184481
29.383,2867.07148263552
29.384,2869.11984790999
29.3850000000002,2868.36868523994
29.3860000000002,2867.72063953257
29.3870000000002,2867.08598000267
29.3880000000001,2866.42142081843
29.3890000000001,2865.74051111237
29.3900000000001,2864.58114926675
29.3910000000001,2860.66057627296
29.3920000000001,2857.4125733409
29.393,2855.1938403932
29.394,2854.19347336913
29.3950000000002,2854.43815858291
29.3960000000002,2855.24573384308
29.3970000000002,2854.14761615226
29.3980000000001,2854.19172959133
29.3990000000001,2855.41054611882
29.4000000000001,2857.7361207612
29.4010000000001,2861.03069522047
29.402,2864.49386575913
29.403,2865.76901033174
29.4040000000002,2867.90624098271
29.4050000000002,2871.01838889085
29.4060000000002,2875.11414266341
29.4070000000002,2880.10972045691
29.4080000000001,2885.18492535485
29.4090000000001,2888.10750576782
29.4100000000001,2891.80730004358
29.4110000000001,2896.3239106265
29.412,2901.58149434616
29.413,2907.41354313985
29.4140000000002,2912.88644120933
29.4150000000002,2915.84650251706
29.4160000000002,2919.14960942577
29.4170000000001,2922.84485371244
29.4180000000001,2926.89815893476
29.4190000000001,2931.21519005307
29.4200000000001,2934.91017237334
29.421,2936.03469242713
29.422,2937.50252219611
29.423,2939.45785049359
29.4240000000002,2941.93069793003
29.4250000000002,2944.84702490199
29.4260000000002,2947.24385883365
29.4270000000001,2947.19721777005
29.4280000000001,2947.47632618053
29.4290000000001,2948.11834901937
29.4300000000001,2949.05014931199
29.431,2950.10332116634
29.432,2950.16756283571
29.4330000000002,2947.30121489227
29.4340000000002,2944.12829033437
29.4350000000002,2940.51989741856
29.4360000000001,2936.18543983626
29.4370000000001,2930.69851747817
29.4380000000001,2922.58297079869
29.4390000000001,2909.64508329065
29.4400000000001,2894.58228671111
29.441,2877.5190019178
29.442,2858.69963405836
29.4430000000002,2838.5016735457
29.4440000000002,2816.27619178451
29.4450000000002,2790.74485664488
29.4460000000001,2766.12867155179
29.4470000000001,2743.77595833162
29.4480000000001,2724.89467231122
29.4490000000001,2710.3787891325
29.45,2699.41379174135
29.451,2690.05069001318
29.4520000000002,2685.2494040535
29.4530000000002,2684.65398105256
29.4540000000002,2687.56024710501
29.4550000000002,2693.00163464104
29.4560000000001,2698.59501744315
29.4570000000001,2701.54744076405
29.4580000000001,2704.11862427697
29.4590000000001,2705.94804531603
29.46,2706.78220947356
29.461,2706.41835892531
29.4620000000002,2703.71392536321
29.4630000000002,2697.61563864419
29.4640000000002,2690.1515053245
29.4650000000001,2681.18329974619
29.4660000000001,2670.64147102707
29.4670000000001,2658.73203155164
29.4680000000001,2645.47247274865
29.4690000000001,2631.81623561784
29.47,2620.4864201746
29.471,2612.45142378287
29.4720000000002,2608.20819617616
29.4730000000002,2607.69540144528
29.4740000000002,2609.58972846131
29.4750000000001,2612.71158872991
29.4760000000001,2617.42547952892
29.4770000000001,2622.34489630388
29.4780000000001,2626.29215574062
29.479,2628.65437694094
29.48,2628.49737079547
29.4810000000002,2626.1557687067
29.4820000000002,2625.24647107282
29.4830000000002,2627.2343573784
29.4840000000002,2632.96536922324
29.4850000000001,2642.33629209491
29.4860000000001,2652.90789530618
29.4870000000001,2662.11432276521
29.4880000000001,2670.52237447791
29.489,2676.97229154137
29.49,2681.53346850685
29.4910000000002,2686.05045980936
29.4920000000002,2692.94739730753
29.4930000000002,2706.98657025015
29.4940000000001,2736.68088304397
29.4950000000001,2787.76298819966
29.4960000000001,2863.97865755983
29.4970000000001,2965.98848857911
29.498,3089.45524631275
29.499,3227.42594973684
29.5,3373.0169750952
29.5010000000002,3515.99495570009
29.5020000000002,3646.5638068426
29.5030000000002,3757.09858691211
29.5040000000001,3842.08502473224
29.5050000000001,3901.03134126342
29.5060000000001,3939.61104109755
29.5070000000001,3963.8470287157
29.508,3980.20568796585
29.509,3993.61322712017
29.5100000000002,4004.36948762642
29.5110000000002,4009.6376055722
29.5120000000002,4004.63738382484
29.5130000000001,3979.14911079297
29.5140000000001,3921.04258605504
29.5150000000001,3818.48470497478
29.5160000000001,3660.80327190411
29.5170000000001,3443.11977812538
29.518,3168.57488296716
29.519,2844.42776485444
29.5200000000002,2483.1875579009
29.5210000000002,2101.20435631382
29.5220000000002,1715.35237193701
29.5230000000001,1343.92576260913
29.5240000000001,1005.57735502594
29.5250000000001,714.070345340877
29.5260000000001,479.278064864382
29.527,307.03799349545
29.528,198.003292558209
29.5290000000002,151.250557133359
29.5300000000002,165.399620983844
29.5310000000002,235.554946430109
29.5320000000002,355.444646396673
29.5330000000001,517.748570992987
29.5340000000001,712.801189791997
29.5350000000001,931.919734271675
29.5360000000001,1167.76358401063
29.537,1411.08548703252
29.538,1652.68428226235
29.5390000000002,1883.83904517924
29.5400000000002,2095.22199644504
29.5410000000002,2280.69583451331
29.5420000000001,2437.53986433252
29.5430000000001,2563.29786094897
29.5440000000001,2657.35996899185
29.5450000000001,2720.82685414559
29.546,2754.65431420159
29.547,2762.85374437946
29.548,2751.69753912622
29.5490000000002,2726.16906061739
29.5500000000002,2691.11073917254
29.5510000000002,2650.91158185811
29.5520000000001,2607.63111910577
29.5530000000001,2564.61254502256
29.5540000000001,2525.73072728745
29.5550000000001,2492.4519908717
29.556,2465.43345186613
29.557,2444.69310182118
29.5580000000002,2428.02517770598
29.5590000000002,2415.42928079405
29.5600000000002,2408.08533521927
29.5610000000001,2405.52915752433
29.5620000000001,2407.26008595464
29.5630000000001,2412.74655152363
29.5640000000001,2419.32883604481
29.5650000000001,2427.29753569759
29.566,2437.88207366889
29.567,2450.22773711171
29.5680000000002,2463.23532453603
29.5690000000002,2475.71176138936
29.5700000000002,2484.36134246177
29.5710000000001,2489.43207640741
29.5720000000001,2492.35728738462
29.5730000000001,2492.9358579263
29.5740000000001,2491.11370465499
29.575,2487.00035423431
29.576,2478.7058480771
29.5770000000002,2467.78591969428
29.5780000000002,2456.59178818397
29.5790000000002,2445.66997589096
29.5800000000002,2435.39091894955
29.5810000000001,2425.99907187239
29.5820000000001,2416.05691582524
29.5830000000001,2406.35920528848
29.5840000000001,2398.49044963807
29.585,2392.92471662081
29.586,2389.98900629295
29.5870000000002,2389.77411492285
29.5880000000002,2390.96288800114
29.5890000000002,2393.18927986365
29.5900000000001,2396.79808398381
29.5910000000001,2401.52370881019
29.5920000000001,2407.02844775645
29.5930000000001,2412.85191823134
29.5940000000001,2417.11978781713
29.595,2419.49230590407
29.596,2420.47790667801
29.5970000000002,2420.14155076179
29.5980000000002,2418.72890360307
29.5990000000002,2416.57566272739
29.6000000000001,2412.24021309368
29.6010000000001,2406.92502889956
29.6020000000001,2402.16919321527
29.6030000000001,2398.37688882032
29.604,2395.74986702884
29.605,2394.26202177067
29.6060000000002,2391.60307785005
29.6070000000002,2388.70469577284
29.6080000000002,2386.56160838705
29.6090000000002,2384.9663876909
29.6100000000001,2383.70115116148
29.6110000000001,2382.60080930587
29.6120000000001,2379.51375040603
29.6130000000001,2375.85527858863
29.614,2373.1533962481
29.615,2371.82236208423
29.6160000000002,2372.12263136719
29.6170000000002,2374.08713937539
29.6180000000002,2375.43544151787
29.6190000000001,2377.08287345606
29.6200000000001,2379.71476454068
29.6210000000001,2382.90059229285
29.6220000000001,2386.14211774446
29.623,2388.96430584552
29.624,2388.92624507335
29.625,2387.30339807881
29.6260000000002,2385.38979025397
29.6270000000002,2383.67664461512
29.6280000000002,2382.6737461034
29.6290000000001,2382.8007393742
29.6300000000001,2382.15371565274
29.6310000000001,2382.31004395735
29.6320000000001,2384.24652603473
29.633,2387.74549482829
29.634,2392.31980286673
29.6350000000002,2397.29486085938
29.6360000000002,2399.75378022593
29.6370000000002,2400.68585476073
29.6380000000001,2400.77717994007
29.6390000000001,2400.05452834485
29.6400000000001,2398.73208207924
29.6410000000001,2397.17843257954
29.6420000000001,2393.6927459452
29.643,2390.48037556426
29.644,2389.08284542016
29.6450000000002,2390.03868360616
29.6460000000002,2393.57346129684
29.6470000000002,2399.55325735017
29.6480000000001,2405.31145304182
29.6490000000001,2411.88270639475
29.6500000000001,2419.41716718297
29.6510000000001,2427.2201249798
29.652,2434.58268850794
29.653,2440.87370316225
29.6540000000002,2443.36952648336
29.6550000000002,2443.7100721646
29.6560000000002,2442.91058782534
29.6570000000002,2441.42052940889
29.6580000000001,2439.73498090631
29.6590000000001,2438.30110274509
29.6600000000001,2435.14794926966
29.6610000000001,2432.43192489763
29.662,2431.1519222064
29.663,2431.42210210936
29.6640000000002,2433.14021337981
29.6650000000002,2436.02291605662
29.6660000000002,2437.36360676483
29.6670000000001,2438.76124083136
29.6680000000001,2440.71485899386
29.6690000000001,2443.09151883963
29.6700000000001,2445.72522194996
29.671,2448.40298543673
29.672,2448.53774495006
29.673,2447.96638462835
29.6740000000002,2447.28626800068
29.6750000000002,2446.48296552143
29.6760000000002,2445.49957640058
29.6770000000001,2444.25206478404
29.6780000000001,2440.28433347159
29.6790000000001,2435.77156182426
29.6800000000001,2431.58840223451
29.681,2428.07158481019
29.682,2425.49356444391
29.6830000000002,2424.01031669997
29.6840000000002,2421.18443163331
29.6850000000002,2419.19407456128
29.6860000000001,2418.56916524905
29.6870000000001,2419.1531838632
29.6880000000001,2420.59660686517
29.6890000000001,2422.38678418071
29.6900000000001,2421.3987893015
29.691,2419.44140483102
29.692,2416.76725816659
29.6930000000002,2413.2517323068
29.6940000000002,2408.85172383535
29.6950000000002,2403.59842285478
29.6960000000001,2395.0029296024
29.6970000000001,2385.77694153106
29.6980000000001,2376.90189932045
29.6990000000001,2368.8967866072
29.7,2362.16278986138
29.701,2356.93126884379
29.7020000000002,2350.61396260861
29.7030000000002,2345.75079093197
29.7040000000002,2342.8612193132
29.7050000000002,2341.96834073512
29.7060000000001,2342.98039820123
29.7070000000001,2345.70147853783
29.7080000000001,2347.1764225112
29.7090000000001,2349.81206397018
29.71,2353.92809799485
29.711,2359.40790729139
29.7120000000002,2365.98165871708
29.7130000000002,2373.19612427608
29.7140000000002,2377.730183626
29.7150000000001,2381.67533147593
29.7160000000001,2384.89158521856
29.7170000000001,2386.9434504688
29.7180000000001,2387.44688977377
29.7190000000001,2386.12678218195
29.72,2380.17254220014
29.721,2372.56268067219
29.7220000000002,2364.15326703828
29.7230000000002,2355.63721145345
29.7240000000002,2347.68278896827
29.7250000000001,2340.83295242966
29.7260000000001,2332.71449505346
29.7270000000001,2326.43205395715
29.7280000000001,2322.44022638698
29.729,2320.75260715658
29.73,2321.16974851478
29.7310000000002,2323.33194093273
29.7320000000002,2324.03471678006
29.7330000000002,2325.89133759976
29.7340000000002,2328.98851931049
29.7350000000001,2333.26357542013
29.7360000000001,2338.63395135208
29.7370000000001,2344.9663641009
29.7380000000001,2349.28311255041
29.739,2354.47574384632
29.74,2360.70801685888
29.7410000000002,2367.95583906235
29.7420000000002,2376.12217635593
29.7430000000002,2385.04619783523
29.7440000000001,2391.72730834033
29.7450000000001,2399.14925059993
29.7460000000001,2407.48477377664
29.7470000000001,2416.75228843988
29.748,2426.84451161167
29.749,2437.50125320342
29.75,2445.4942321591
29.7510000000002,2453.6041205108
29.7520000000002,2461.65285216321
29.7530000000002,2469.40072933658
29.7540000000001,2476.61311423363
29.7550000000001,2483.05143956097
29.7560000000001,2485.87488645803
29.7570000000001,2488.24350031603
29.758,2490.52038070378
29.759,2492.99190250133
29.7600000000002,2495.814260473
29.7610000000002,2498.86608505083
29.7620000000002,2499.29596065263
29.7630000000001,2499.77992742273
29.7640000000001,2500.07921796537
29.7650000000001,2499.8053584113
29.7660000000001,2498.51235998495
29.7670000000001,2495.64725332402
29.768,2488.3625335805
29.769,2479.57161144707
29.7700000000002,2469.64193347297
29.7710000000002,2459.02746070268
29.7720000000002,2448.22214407564
29.7730000000001,2437.51406642188
29.7740000000001,2424.82523112553
29.7750000000001,2413.42510122072
29.7760000000001,2403.71780246069
29.777,2395.87156079613
29.778,2389.84792848089
29.7790000000002,2385.22349837274
29.7800000000002,2379.31206465732
29.7810000000002,2374.73714591146
29.7820000000002,2371.43103328041
29.7830000000001,2369.25945453158
29.7840000000001,2368.03896860804
29.7850000000001,2367.28187747551
29.7860000000001,2364.4491587245
29.787,2362.15566948101
29.788,2360.39197425628
29.7890000000002,2359.06704186855
29.7900000000002,2358.0323187778
29.7910000000002,2356.80803913312
29.7920000000001,2353.03895152206
29.7930000000001,2349.39985564777
29.7940000000001,2346.0468906428
29.7950000000001,2343.08677288941
29.796,2340.5743021012
29.797,2338.16785861322
29.798,2333.72925344687
29.7990000000002,2329.95088477382
29.8000000000002,2326.96215200277
29.8010000000002,2324.77890447614
29.8020000000001,2323.32369769822
29.8030000000001,2322.0670377568
29.8040000000001,2318.82613704716
29.8050000000001,2316.12193319307
29.806,2313.94932675818
29.807,2312.19614621973
29.8080000000002,2310.66665675331
29.8090000000002,2308.68999634831
29.8100000000002,2304.10297471391
29.8110000000001,2299.42027563596
29.8120000000001,2294.72655526648
29.8130000000001,2290.10796061302
29.8140000000001,2285.6820857693
29.8150000000001,2281.14456232408
29.816,2274.87226707268
29.817,2269.80253426468
29.8180000000002,2266.34680072672
29.8190000000002,2264.73074662235
29.8200000000002,2264.969541285
29.8210000000001,2266.3568845335
29.8220000000001,2266.76880494783
29.8230000000001,2268.34445089987
29.8240000000001,2270.67786573747
29.825,2273.24882557358
29.826,2275.52320601258
29.8270000000002,2276.50592209982
29.8280000000002,2274.27618040341
29.8290000000002,2271.34589824259
29.8300000000002,2268.01735255586
29.8310000000001,2264.64886545805
29.8320000000001,2261.61720091446
29.8330000000001,2258.6952983925
29.8340000000001,2254.62576643335
29.835,2252.06677823981
29.836,2251.18518130097
29.8370000000002,2251.86435025407
29.8380000000002,2253.74261357017
29.8390000000002,2255.67997734008
29.8400000000001,2255.6357944815
29.8410000000001,2255.46850793322
29.8420000000001,2254.89485607566
29.8430000000001,2253.70318390843
29.8440000000001,2251.80530846156
29.845,2248.61424010947
29.846,2242.96882498812
29.8470000000002,2237.54352229526
29.8480000000002,2232.81579958878
29.8490000000002,2229.08868718142
29.8500000000001,2226.4401819953
29.8510000000001,2224.02652063531
29.8520000000001,2220.20511008288
29.8530000000001,2216.83093573642
29.854,2213.54123655819
29.855,2209.92331549205
29.8560000000002,2205.62558429134
29.8570000000002,2199.73470780342
29.8580000000002,2191.0825555123
29.8590000000002,2182.19988814384
29.8600000000001,2173.67007061526
29.8610000000001,2166.05331665321
29.8620000000001,2159.80015402289
29.8630000000001,2154.42963706149
29.864,2148.89674706949
29.865,2145.29185008579
29.8660000000002,2143.4564767284
29.8670000000002,2143.01379115845
29.8680000000002,2143.46714876465
29.8690000000001,2143.52520232285
29.8700000000001,2141.75460454924
29.8710000000001,2140.05483622397
29.8720000000001,2138.45981338241
29.873,2137.02042931638
29.874,2135.76692049454
29.875,2133.87136305858
29.8760000000002,2130.33243604758
29.8770000000002,2127.06398761151
29.8780000000002,2123.97225562263
29.8790000000001,2120.83501162493
29.8800000000001,2117.37639283578
29.8810000000001,2112.53358008171
29.8820000000001,2105.38539292957
29.883,2097.97407135691
29.884,2090.62556924337
29.8850000000002,2083.68986925444
29.8860000000002,2077.50318796446
29.8870000000002,2071.50812370515
29.8880000000001,2065.21170131533
29.8890000000001,2060.60726482712
29.8900000000001,2057.72352067875
29.8910000000001,2056.35176152901
29.8920000000001,2056.11240704989
29.893,2055.69476485383
29.894,2054.08615481364
29.8950000000002,2052.81764427785
29.8960000000002,2051.81689021907
29.8970000000002,2051.08026387704
29.8980000000001,2050.68898485105
29.8990000000001,2049.92201228463
29.9000000000001,2048.49273386334
29.9010000000001,2048.41600881566
29.902,2049.92217754332
29.903,2053.01104651297
29.9040000000002,2057.44977433453
29.9050000000002,2061.90888931048
29.9060000000002,2065.42128081251
29.9070000000002,2069.11236570715
29.9080000000001,2072.47511924496
29.9090000000001,2075.01073928947
29.9100000000001,2076.33413755459
29.9110000000001,2075.34633203665
29.912,2071.79027036511
29.913,2067.63713272934
29.9140000000002,2063.43342843151
29.9150000000002,2059.70606126981
29.9160000000002,2056.89134140762
29.9170000000001,2054.33371415401
29.9180000000001,2051.87957532017
29.9190000000001,2051.04658992405
29.9200000000001,2051.59113664054
29.921,2053.00210092958
29.922,2054.60158394097
29.923,2054.69638137671
29.9240000000002,2052.4504522479
29.9250000000002,2048.98219950855
29.9260000000002,2044.12106000006
29.9270000000001,2037.82469372619
29.9280000000001,2030.18161736548
29.9290000000001,2020.38029843515
29.9300000000001,2008.57073405751
29.931,1996.64595878073
29.932,1984.99619990691
29.9330000000002,1973.84117886192
29.9340000000002,1963.22385246663
29.9350000000002,1951.88085999632
29.9360000000001,1939.45441649904
29.9370000000001,1927.393805422
29.9380000000001,1915.61001237205
29.9390000000001,1903.93264104373
29.9400000000001,1892.12998344141
29.941,1878.54307781983
29.942,1862.73847423979
29.9430000000002,1846.59537929291
29.9440000000002,1830.49276138407
29.9450000000002,1814.86425091269
29.9460000000001,1800.13222777796
29.9470000000001,1784.97776323368
29.9480000000001,1769.39084610235
29.9490000000001,1755.81052174982
29.95,1744.80796744779
29.951,1736.71349004762
29.9520000000002,1731.50225318981
29.9530000000002,1727.33211270444
29.9540000000002,1723.36911667775
29.9550000000002,1720.32379661772
29.9560000000001,1717.34127654648
29.9570000000001,1713.61785433814
29.9580000000001,1708.57457351214
29.9590000000001,1701.16241359917
29.96,1691.85677775986
29.961,1682.00502093008
29.9620000000002,1672.04308226803
29.9630000000002,1662.30879601743
29.9640000000002,1652.99422285242
29.9650000000001,1643.54868427785
29.9660000000001,1634.39759381446
29.9670000000001,1626.04468713846
29.9680000000001,1618.16312485493
29.9690000000001,1610.52062225822
29.97,1603.18367314504
29.971,1596.02222689118
29.9720000000002,1590.39576205798
29.9730000000002,1587.84806817221
29.9740000000002,1588.90857152531
29.9750000000001,1593.58910605624
29.9760000000001,1601.30388262188
29.9770000000001,1610.05558902488
29.9780000000001,1618.85766832587
29.979,1626.98772737627
29.98,1633.02065166424
29.9810000000002,1636.05313722593
29.9820000000002,1636.02957921076
29.9830000000002,1632.64953833823
29.9840000000002,1628.32743605588
29.9850000000001,1626.92010716329
29.9860000000001,1631.41162319018
29.9870000000001,1644.44145830232
29.9880000000001,1667.86677942154
29.989,1701.16198254699
29.99,1744.62571228354
29.9910000000002,1798.45645814591
29.9920000000002,1861.36253189813
29.9930000000002,1932.11773991666
29.9940000000001,2010.06228656935
29.9950000000001,2094.20249492881
29.9960000000001,2186.3141782995
29.9970000000001,2289.30558665443
29.998,2405.12450131411
29.999,2534.85568440024
30,2677.87193590338
30.0010000000002,2829.92121503459
30.0020000000002,2985.74767660666
30.0030000000002,3137.62114505607
30.0040000000001,3274.5286830198
30.0050000000001,3383.96201083967
30.0060000000001,3453.23583952122
30.0070000000001,3469.77098408544
30.008,3425.69840198633
30.009,3317.51254203321
30.0100000000002,3145.66771784421
30.0110000000002,2915.60088951634
30.0120000000002,2637.35631885648
30.0130000000001,2323.40160788602
30.0140000000001,1990.45432627598
30.0150000000001,1656.13669879575
30.0160000000001,1336.20282865612
30.0170000000001,1043.78807575702
30.018,788.290063659773
30.019,573.527798586196
30.0200000000002,401.021314661703
30.0210000000002,268.709253798473
30.0220000000002,171.016842997825
30.0230000000001,100.869610488548
30.0240000000001,51.0644485671069
30.0250000000001,14.2598878806212
30.0260000000001,-12.8127893780241
30.027,-30.8350267876517
30.028,-38.7321529789201
30.0290000000002,-33.474782224902
30.0300000000002,-10.8890221083165
30.0310000000002,32.1074716289006
30.0320000000002,99.84891674034
30.0330000000001,195.01492391672
30.0340000000001,317.384601779201
30.0350000000001,464.25973057555
30.0360000000001,630.619603398809
30.037,808.311454620328
30.038,990.198362910268
30.0390000000002,1168.7031927654
30.0400000000002,1335.99891776681
30.0410000000002,1485.2755916711
30.0420000000001,1611.23051421477
30.0430000000001,1709.04178129866
30.0440000000001,1778.07761126694
30.0450000000001,1819.36582917493
30.046,1834.89879312493
30.047,1827.90349934437
30.048,1802.47534865947
30.0490000000002,1761.83517482997
30.0500000000002,1711.75739882416
30.0510000000002,1657.56539984171
30.0520000000001,1603.49120819871
30.0530000000001,1553.03105283167
30.0540000000001,1508.80849586603
30.0550000000001,1470.99777857804
30.056,1441.70298720543
30.057,1421.75552915457
30.0580000000002,1410.65362592158
30.0590000000002,1407.36576398015
30.0600000000002,1410.5331053679
30.0610000000001,1416.83355999753
30.0620000000001,1426.49127902683
30.0630000000001,1438.97840658609
30.0640000000001,1453.08417641405
30.0650000000001,1467.68861300995
30.066,1481.82059699169
30.067,1492.54398631242
30.0680000000002,1501.46474400718
30.0690000000002,1509.10341593939
30.0700000000002,1515.17126707636
30.0710000000001,1519.42460241892
30.0720000000001,1521.73507321881
30.0730000000001,1520.28015918212
30.0740000000001,1517.00789411501
30.075,1512.98689142229
30.076,1508.59473080028
30.0770000000002,1504.08673990801
30.0780000000002,1499.59001256567
30.0790000000002,1493.9544000015
30.0800000000002,1487.94624586768
30.0810000000001,1482.08253558786
30.0820000000001,1476.60445655418
30.0830000000001,1471.73604758522
30.0840000000001,1467.63219590446
30.085,1463.43587367572
30.086,1459.57507662481
30.0870000000002,1456.45426849184
30.0880000000002,1454.30926227469
30.0890000000002,1453.32108839835
30.0900000000001,1453.53640106248
30.0910000000001,1453.88708420379
30.0920000000001,1454.58303436062
30.0930000000001,1455.75326319375
30.0940000000001,1457.38523686599
30.095,1459.46588368483
30.096,1461.93399574005
30.0970000000002,1463.3970015162
30.0980000000002,1464.63213400041
30.0990000000002,1465.98966772654
30.1000000000001,1467.60243996404
30.1010000000001,1469.58672299313
30.1020000000001,1471.9831082412
30.1030000000001,1473.03378480036
30.104,1474.16515145133
30.105,1475.68793488696
30.1060000000002,1477.48825032872
30.1070000000002,1479.39533334176
30.1080000000002,1481.21740123508
30.1090000000002,1480.9915435568
30.1100000000001,1480.37039026368
30.1110000000001,1479.86530290989
30.1120000000001,1479.67479769645
30.1130000000001,1479.9761584779
30.114,1480.89370594507
30.115,1480.78065951437
30.1160000000002,1481.27153372589
30.1170000000002,1482.82153603518
30.1180000000002,1485.54030026692
30.1190000000001,1489.44766546322
30.1200000000001,1494.46989089311
30.1210000000001,1498.76884173074
30.1220000000001,1503.79206076478
30.123,1509.81581668958
30.124,1516.85153960179
30.125,1524.84798743335
30.1260000000002,1533.656975393
30.1270000000002,1541.2499412958
30.1280000000002,1549.02775496967
30.1290000000001,1557.00981744187
30.1300000000001,1564.90780998456
30.1310000000001,1572.34247917379
30.1320000000001,1578.86213199135
30.133,1582.15482908374
30.134,1583.66196043292
30.1350000000002,1583.52651818179
30.1360000000002,1581.83987239851
30.1370000000002,1578.83233287376
30.1380000000001,1574.85348372145
30.1390000000001,1568.51824168254
30.1400000000001,1562.23245473236
30.1410000000001,1556.93974292641
30.1420000000001,1553.3510168406
30.143,1552.01104330419
30.144,1553.22225715907
30.1450000000002,1555.19098143688
30.1460000000002,1559.59378469369
30.1470000000002,1566.34308753532
30.1480000000001,1575.02336304175
30.1490000000001,1585.06261107991
30.1500000000001,1595.78790677661
30.1510000000001,1604.66612971102
30.152,1613.01653425071
30.153,1620.66714369474
30.1540000000002,1627.47139480209
30.1550000000002,1633.38841458085
30.1560000000002,1638.44806322626
30.1570000000002,1640.85321815721
30.1580000000001,1642.73961993241
30.1590000000001,1644.54819787977
30.1600000000001,1646.60898380575
30.1610000000001,1649.16657496665
30.162,1652.34336105276
30.163,1654.22795911019
30.1640000000002,1656.80251354432
30.1650000000002,1660.15699511071
30.1660000000002,1664.23634531701
30.1670000000001,1668.87720364151
30.1680000000001,1673.80614880638
30.1690000000001,1676.71985080178
30.1700000000001,1679.39490323552
30.171,1681.713373339
30.172,1683.55764122074
30.173,1684.83440837233
30.1740000000002,1685.45189123082
30.1750000000002,1683.49145370742
30.1760000000002,1681.18852503099
30.1770000000001,1678.9862041549
30.1780000000001,1677.36691267727
30.1790000000001,1676.81024419573
30.1800000000001,1677.66529897803
30.181,1678.32607481007
30.182,1681.08813879791
30.1830000000002,1686.16251139716
30.1840000000002,1693.49763799168
30.1850000000002,1702.76146122265
30.1860000000001,1713.24967075559
30.1870000000001,1722.23625438363
30.1880000000001,1730.96583315123
30.1890000000001,1738.75478816951
30.1900000000001,1744.97583017499
30.191,1749.13869026385
30.192,1750.80784749291
30.1930000000002,1748.00334669024
30.1940000000002,1743.09189087567
30.1950000000002,1736.68219933883
30.1960000000001,1729.45937707128
30.1970000000001,1722.08512016167
30.1980000000001,1714.93287917437
30.1990000000001,1706.50195294626
30.2,1699.15417572023
30.201,1693.13526742884
30.2020000000002,1688.50083531024
30.2030000000002,1685.15901321271
30.2040000000002,1682.72132321403
30.2050000000002,1679.15623581363
30.2060000000001,1676.42433739527
30.2070000000001,1674.63437903954
30.2080000000001,1673.89185103373
30.2090000000001,1674.25625297461
30.21,1675.46061236889
30.211,1675.6045005169
30.2120000000002,1676.58127539222
30.2130000000002,1678.29870168139
30.2140000000002,1680.56973663924
30.2150000000001,1683.15057130172
30.2160000000001,1685.51898485584
30.2170000000001,1685.77804939368
30.2180000000001,1685.91714797377
30.2190000000001,1686.12673798353
30.22,1686.62280351042
30.221,1687.60597712721
30.2220000000002,1688.92240491863
30.2230000000002,1689.03050500532
30.2240000000002,1689.98849193642
30.2250000000001,1691.90958973543
30.2260000000001,1694.79025152243
30.2270000000001,1698.5353252846
30.2280000000001,1702.66501136253
30.229,1705.47989782674
30.23,1708.90471578644
30.2310000000002,1713.05719664429
30.2320000000002,1718.03313336999
30.2330000000002,1723.88523151026
30.2340000000002,1730.24246090684
30.2350000000001,1735.55038723713
30.2360000000001,1741.73075603354
30.2370000000001,1748.83583497412
30.2380000000001,1756.84082535685
30.239,1765.66068214016
30.24,1774.77645872656
30.2410000000002,1782.62474605796
30.2420000000002,1791.0969245189
30.2430000000002,1800.28441753226
30.2440000000001,1810.21076074843
30.2450000000001,1820.80662751164
30.2460000000001,1831.46860091836
30.2470000000001,1840.56743098054
30.248,1849.78250597109
30.249,1858.97447538318
30.25,1867.96474487034
30.2510000000002,1876.57377634623
30.2520000000002,1884.19420930604
30.2530000000002,1889.45229154972
30.2540000000001,1894.34332015891
30.2550000000001,1899.13501646904
30.2560000000001,1904.0571860391
30.2570000000001,1909.25538142297
30.258,1914.26344414148
30.259,1917.74658564097
30.2600000000002,1921.43350555178
30.2610000000002,1925.21793053475
30.2620000000002,1928.87607868423
30.2630000000001,1932.10955710113
30.2640000000001,1934.07921111795
30.2650000000001,1933.34135430897
30.2660000000001,1931.59874145145
30.2670000000001,1928.9665681367
30.268,1925.59897633775
30.269,1921.66129690749
30.2700000000002,1916.75443158244
30.2710000000002,1909.90521476407
30.2720000000002,1903.05944404212
30.2730000000001,1896.46820912027
30.2740000000001,1890.28631418067
30.2750000000001,1884.5762050628
30.2760000000001,1878.74200841078
30.277,1871.69401551008
30.278,1865.22030712
30.2790000000002,1859.47734700278
30.2800000000002,1854.57360222546
30.2810000000002,1850.55934729454
30.2820000000002,1846.80520693568
30.2830000000001,1842.27435700934
30.2840000000001,1838.70538273384
30.2850000000001,1836.20582573752
30.2860000000001,1834.82084319199
30.287,1834.5365697782
30.288,1834.64056298128
30.2890000000002,1834.13341042802
30.2900000000002,1834.70459416792
30.2910000000002,1836.43477267561
30.2920000000001,1839.31579301454
30.2930000000001,1843.23206188483
30.2940000000001,1847.26736483315
30.2950000000001,1850.2536390304
30.296,1853.59869867578
30.297,1857.09652883411
30.298,1860.4821844327
30.2990000000002,1863.46177593371
30.3000000000002,1865.02237522037
30.3010000000002,1864.15516768404
30.3020000000001,1862.50960678512
30.3030000000001,1860.26613651901
30.3040000000001,1857.64802443821
30.3050000000001,1854.90049829184
30.306,1851.49587112679
30.307,1846.95064814581
30.3080000000002,1843.25314330739
30.3090000000002,1840.75379994286
30.3100000000002,1839.65825208081
30.3110000000001,1840.00936166559
30.3120000000001,1840.87590347456
30.3130000000001,1841.36728454781
30.3140000000001,1842.9134039096
30.3150000000001,1845.30845804249
30.316,1848.25937718709
30.317,1851.42569488142
30.3180000000002,1853.61581321577
30.3190000000002,1853.96788357805
30.3200000000002,1854.00468868777
30.3210000000001,1853.77692314006
30.3220000000001,1853.34639174108
30.3230000000001,1852.77808199596
30.3240000000001,1851.25081005251
30.325,1848.34868544499
30.326,1845.89518271544
30.3270000000002,1844.18903864264
30.3280000000002,1843.46389963306
30.3290000000002,1843.87910488853
30.3300000000002,1844.595246247
30.3310000000001,1845.18562563388
30.3320000000001,1847.2512494419
30.3330000000001,1850.78642156026
30.3340000000001,1855.59577005614
30.335,1861.29962983787
30.336,1866.42048197204
30.3370000000002,1869.98972601386
30.3380000000002,1873.07190056896
30.3390000000002,1875.36786022812
30.3400000000001,1876.67224764718
30.3410000000001,1876.92046185286
30.3420000000001,1875.23221632887
30.3430000000001,1871.57170167293
30.3440000000001,1867.95968810247
30.345,1865.0565555407
30.346,1863.41268684045
30.3470000000002,1863.37288959072
30.3480000000002,1864.00152178803
30.3490000000002,1864.8690229909
30.3500000000001,1867.14596155885
30.3510000000001,1870.46499738598
30.3520000000001,1874.32730709869
30.3530000000001,1878.2009318494
30.354,1880.55782487338
30.355,1880.91539072584
30.3560000000002,1880.75802158263
30.3570000000002,1880.40653088192
30.3580000000002,1880.25811373615
30.3590000000002,1880.69294497551
30.3600000000001,1880.8883275252
30.3610000000001,1880.85077690599
30.3620000000001,1882.03018191992
30.3630000000001,1884.33752977426
30.364,1887.44431945339
30.365,1890.8435452292
30.3660000000002,1892.83972011189
30.3670000000002,1892.85544440051
30.3680000000002,1891.9381289757
30.3690000000001,1890.04601888235
30.3700000000001,1887.28471465245
30.3710000000001,1883.89013762901
30.3720000000001,1879.06720298362
30.373,1873.25146504186
30.374,1868.24757342475
30.375,1864.55187448625
30.3760000000002,1862.4686938052
30.3770000000002,1862.07514809555
30.3780000000002,1862.08878320312
30.3790000000001,1862.32102177099
30.3800000000001,1863.6968659827
30.3810000000001,1865.89334717706
30.3820000000001,1868.5370353335
30.383,1871.27030613285
30.384,1872.6727936467
30.3850000000002,1872.81129565496
30.3860000000002,1872.99142454899
30.3870000000002,1873.49789057917
30.3880000000001,1874.63093806302
30.3890000000001,1876.652974195
30.3900000000001,1878.58657061251
30.3910000000001,1880.78065971199
30.3920000000001,1884.41943496542
30.393,1889.43349133121
30.394,1895.55159668542
30.3950000000002,1902.34387983491
30.3960000000002,1908.10783405287
30.3970000000002,1912.68788772127
30.3980000000001,1916.87618123129
30.3990000000001,1920.51872934102
30.4000000000001,1923.55991367267
30.4010000000001,1926.0581213436
30.402,1926.96845106835
30.403,1926.99653340313
30.4040000000002,1927.6816317434
30.4050000000002,1929.51258399351
30.4060000000002,1932.847851043
30.4070000000002,1937.86327922963
30.4080000000001,1943.28015436863
30.4090000000001,1949.33655161139
30.4100000000001,1956.73109740539
30.4110000000001,1964.95738682385
30.412,1973.29695995126
30.413,1980.8947405924
30.4140000000002,1985.6014153025
30.4150000000002,1987.18367267491
30.4160000000002,1986.16216413987
30.4170000000001,1982.35166459825
30.4180000000001,1975.8262215092
30.4190000000001,1966.93534125306
30.4200000000001,1954.97771430582
30.421,1941.38058737902
30.422,1928.12888800595
30.423,1916.19327477808
30.4240000000002,1906.28315407196
30.4250000000002,1898.7435101563
30.4260000000002,1892.00717446753
30.4270000000001,1886.34693432427
30.4280000000001,1882.27437603859
30.4290000000001,1879.12131927692
30.4300000000001,1876.09149280803
30.431,1872.37028498043
30.432,1865.40191161673
30.4330000000002,1855.48216859572
30.4340000000002,1843.87263028781
30.4350000000002,1831.05604354437
30.4360000000001,1817.66965685033
30.4370000000001,1804.34924146049
30.4380000000001,1789.39669451363
30.4390000000001,1774.04107655381
30.4400000000001,1760.11626610681
30.441,1748.12819912047
30.442,1738.3317829739
30.4430000000002,1730.67181445949
30.4440000000002,1722.88916522853
30.4450000000002,1715.34536976332
30.4460000000001,1708.70224640955
30.4470000000001,1702.67785809399
30.4480000000001,1697.09178552317
30.4490000000001,1691.9186430054
30.45,1686.40021273294
30.451,1681.61569853784
30.4520000000002,1678.28383613524
30.4530000000002,1676.38281650991
30.4540000000002,1675.67593365258
30.4550000000002,1675.78530277111
30.4560000000001,1675.60728135335
30.4570000000001,1675.63418741717
30.4580000000001,1675.92285561934
30.4590000000001,1676.11759275832
30.46,1675.96395543395
30.461,1675.37965808742
30.4620000000002,1673.76784688662
30.4630000000002,1672.23459711467
30.4640000000002,1671.26815524434
30.4650000000001,1670.69871113229
30.4660000000001,1670.12821534984
30.4670000000001,1669.03444308069
30.4680000000001,1665.88448094625
30.4690000000001,1661.35364760569
30.47,1655.82108288571
30.471,1649.35742912837
30.4720000000002,1642.27512962077
30.4730000000002,1635.17222009852
30.4740000000002,1627.3566911146
30.4750000000001,1621.33534000893
30.4760000000001,1619.46584204845
30.4770000000001,1623.62227546251
30.4780000000001,1635.71663756784
30.479,1657.55354720192
30.48,1688.92514464117
30.4810000000002,1732.27406135961
30.4820000000002,1788.91309761794
30.4830000000002,1858.71806268609
30.4840000000002,1940.73524410625
30.4850000000001,2033.3172298784
30.4860000000001,2132.82328063839
30.4870000000001,2238.56985600327
30.4880000000001,2349.68818833521
30.489,2465.41719858206
30.49,2585.70511709101
30.4910000000002,2710.94210996859
30.4920000000002,2839.77421956021
30.4930000000002,2972.74053528077
30.4940000000001,3107.60838217112
30.4950000000001,3238.63354162618
30.4960000000001,3356.61623042928
30.4970000000001,3449.13049907523
30.498,3499.93940350631
30.499,3495.45666129345
30.5,3423.270487717
30.5010000000002,3274.83661055093
30.5020000000002,3048.09032772707
30.5030000000002,2748.8035504534
30.5040000000001,2389.15211993335
30.5050000000001,1991.37155984453
30.5060000000001,1581.49728899354
30.5070000000001,1186.44215339431
30.508,830.825974820346
30.509,533.665169287712
30.5100000000002,304.330117936648
30.5110000000002,146.269578752186
30.5120000000002,53.459780426933
30.5130000000001,12.7083955421405
30.5140000000001,6.9399854949677
30.5150000000001,18.5449098240016
30.5160000000001,30.9023488278428
30.5170000000001,35.6475977265749
30.518,29.7626431497526
30.519,16.0531982774857
30.5200000000002,2.24117712018234
30.5210000000002,-1.14319550083396
30.5220000000002,15.1069820355543
30.5230000000001,61.5553003761561
30.5240000000001,144.063602642059
30.5250000000001,263.56554887815
30.5260000000001,416.39557539399
30.527,595.063148608075
30.528,787.852006291909
30.5290000000002,985.426295984057
30.5300000000002,1177.73317161237
30.5310000000002,1355.86661653482
30.5320000000002,1513.00496989208
30.5330000000001,1644.61266966701
30.5340000000001,1746.57921539892
30.5350000000001,1820.09450168524
30.5360000000001,1866.60501957391
30.537,1888.34277469916
30.538,1888.3105623823
30.5390000000002,1870.07418189961
30.5400000000002,1835.8124409513
30.5410000000002,1791.58602813716
30.5420000000001,1742.21039502845
30.5430000000001,1692.02557517604
30.5440000000001,1644.84640952964
30.5450000000001,1603.68191357203
30.546,1568.54343280895
30.547,1542.53785634316
30.548,1526.1113577228
30.5490000000002,1518.59512882255
30.5500000000002,1518.72351021956
30.5510000000002,1524.92332432929
30.5520000000001,1533.24351845464
30.5530000000001,1544.90060520541
30.5540000000001,1559.07472492051
30.5550000000001,1574.79155759285
30.556,1591.16259564451
30.557,1607.3529370913
30.5580000000002,1619.87839564344
30.5590000000002,1631.27273938436
30.5600000000002,1641.23687778299
30.5610000000001,1649.17746710152
30.5620000000001,1654.60294611156
30.5630000000001,1657.24920868343
30.5640000000001,1654.76365788141
30.5650000000001,1650.30057674002
30.566,1644.77348625234
30.567,1638.90040992588
30.5680000000002,1633.2872906418
30.5690000000002,1628.36224892999
30.5700000000002,1622.89310405311
30.5710000000001,1618.22901746523
30.5720000000001,1614.69206899559
30.5730000000001,1612.46288597519
30.5740000000001,1611.59620166258
30.575,1611.97538170218
30.576,1612.03079431909
30.5770000000002,1612.36847789217
30.5780000000002,1612.96836896984
30.5790000000002,1613.86064662965
30.5800000000002,1615.10146643814
30.5810000000001,1616.6998741625
30.5820000000001,1617.28116977255
30.5830000000001,1617.74544798751
30.5840000000001,1618.33705750007
30.585,1619.34999328163
30.586,1621.06604824777
30.5870000000002,1623.66861203888
30.5880000000002,1625.5748709996
30.5890000000002,1628.27836768652
30.5900000000001,1631.95829935342
30.5910000000001,1636.74144164596
30.5920000000001,1642.65541246025
30.5930000000001,1649.54005274353
30.5940000000001,1655.03159770563
30.595,1661.05611793654
30.596,1667.37969664151
30.5970000000002,1673.69752380842
30.5980000000002,1679.69498669517
30.5990000000002,1685.01857709831
30.6000000000001,1687.34468419312
30.6010000000001,1689.0590002225
30.6020000000001,1690.41804175503
30.6030000000001,1691.68200947121
30.604,1693.07571796142
30.605,1694.64015701481
30.6060000000002,1694.44116957386
30.6070000000002,1694.68687669318
30.6080000000002,1695.49905619419
30.6090000000002,1696.88331496119
30.6100000000001,1698.74686475399
30.6110000000001,1700.78883826886
30.6120000000001,1700.92243457629
30.6130000000001,1701.14605860014
30.614,1701.60138749312
30.615,1702.45648447117
30.6160000000002,1703.88602031797
30.6170000000002,1705.87004023679
30.6180000000002,1706.6511146108
30.6190000000001,1708.47074406715
30.6200000000001,1711.54526949513
30.6210000000001,1715.95683067414
30.6220000000001,1721.64096652355
30.623,1728.18294438981
30.624,1733.42834245557
30.625,1739.19580232167
30.6260000000002,1745.30985765886
30.6270000000002,1751.55844088918
30.6280000000002,1757.7177481465
30.6290000000001,1763.33522475284
30.6300000000001,1766.46296992437
30.6310000000001,1769.14102417907
30.6320000000001,1771.5430767174
30.633,1773.84118558897
30.634,1776.17917160203
30.6350000000002,1778.38377083642
30.6360000000002,1778.80700774291
30.6370000000002,1779.56758052409
30.6380000000001,1780.87383853636
30.6390000000001,1782.86442212385
30.6400000000001,1785.60701186706
30.6410000000001,1788.80420285487
30.6420000000001,1790.79059348132
30.643,1793.54139728586
30.644,1797.14853017649
30.6450000000002,1801.61308848911
30.6460000000002,1806.8361254696
30.6470000000002,1812.29437202324
30.6480000000001,1816.17721912588
30.6490000000001,1820.24282948462
30.6500000000001,1824.44070381996
30.6510000000001,1828.71908730347
30.652,1833.04486756214
30.653,1837.05528321491
30.6540000000002,1839.3013006625
30.6550000000002,1841.90783895979
30.6560000000002,1845.20072702049
30.6570000000002,1849.42859008052
30.6580000000001,1854.7119135825
30.6590000000001,1860.60706765946
30.6600000000001,1865.45148223092
30.6610000000001,1870.93535031593
30.662,1876.81795705035
30.663,1882.74540409469
30.6640000000002,1888.30441690602
30.6650000000002,1892.64849685953
30.6660000000002,1894.03784448069
30.6670000000001,1894.31291776944
30.6680000000001,1893.66303839029
30.6690000000001,1892.37780824832
30.6700000000001,1890.80858358464
30.671,1888.84657191824
30.672,1885.47515966813
30.673,1882.99473566555
30.6740000000002,1881.81030917868
30.6750000000002,1882.14449541943
30.6760000000002,1884.01940625609
30.6770000000001,1886.75432503881
30.6780000000001,1888.72755752653
30.6790000000001,1891.5745913891
30.6800000000001,1895.12523442996
30.681,1899.17956861862
30.682,1903.52842861688
30.6830000000002,1907.40836623246
30.6840000000002,1909.35758310911
30.6850000000002,1911.25206208671
30.6860000000001,1913.19052721699
30.6870000000001,1915.20336484164
30.6880000000001,1917.2182700778
30.6890000000001,1918.44550188477
30.6900000000001,1917.38242722108
30.691,1915.7622576125
30.692,1913.5424648722
30.6930000000002,1910.69174051325
30.6940000000002,1907.21918762438
30.6950000000002,1902.56099314354
30.6960000000001,1895.72359729138
30.6970000000001,1888.95466732981
30.6980000000001,1882.786782232
30.6990000000001,1877.69003393915
30.7,1874.00131072879
30.701,1871.20591646178
30.7020000000002,1868.19371960174
30.7030000000002,1866.71394302562
30.7040000000002,1866.64511884342
30.7050000000002,1867.72242947371
30.7060000000001,1869.59484094402
30.7070000000001,1871.19213748495
30.7080000000001,1871.21510537235
30.7090000000001,1871.41047737125
30.71,1871.94946427418
30.711,1873.06040800478
30.7120000000002,1874.97991182312
30.7130000000002,1877.15968456177
30.7140000000002,1878.79124276556
30.7150000000001,1881.80288713504
30.7160000000001,1886.30210848202
30.7170000000001,1892.20396175453
30.7180000000001,1899.24259446733
30.7190000000001,1906.2376046934
30.72,1911.87653129886
30.721,1917.59618118984
30.7220000000002,1923.23612786262
30.7230000000002,1928.68762368297
30.7240000000002,1933.90884832341
30.7250000000001,1938.11815422336
30.7260000000001,1940.65388759796
30.7270000000001,1943.52981766548
30.7280000000001,1947.12343016981
30.729,1951.71669460167
30.73,1957.45829067138
30.7310000000002,1963.50230260342
30.7320000000002,1969.03448670369
30.7330000000002,1975.69714090015
30.7340000000002,1983.46460580588
30.7350000000001,1992.23660197206
30.7360000000001,2001.86386644964
30.7370000000001,2011.28068363068
30.7380000000001,2019.67998981563
30.739,2028.72994672011
30.74,2038.49149157086
30.7410000000002,2048.9205657241
30.7420000000002,2059.83090420633
30.7430000000002,2069.95601188171
30.7440000000001,2078.2741695113
30.7450000000001,2086.03511057688
30.7460000000001,2092.90156756744
30.7470000000001,2098.52137569963
30.748,2102.58801084619
30.749,2103.93787894116
30.75,2102.04414582208
30.7510000000002,2098.78489173088
30.7520000000002,2094.63434199766
30.7530000000002,2090.07800604539
30.7540000000001,2085.53626773541
30.7550000000001,2080.31560202023
30.7560000000001,2074.16100114405
30.7570000000001,2068.78759546262
30.758,2064.2874241084
30.759,2060.60408424428
30.7600000000002,2057.58525200471
30.7610000000002,2054.03304012619
30.7620000000002,2049.47166069635
30.7630000000001,2045.50504313425
30.7640000000001,2042.36680473984
30.7650000000001,2040.27052512854
30.7660000000001,2039.35190910901
30.7670000000001,2038.56594643986
30.768,2037.51688604889
30.769,2037.58180126952
30.7700000000002,2038.5960714338
30.7710000000002,2040.24637038791
30.7720000000002,2042.11466049374
30.7730000000001,2042.64695078183
30.7740000000001,2041.22714610124
30.7750000000001,2039.15027685179
30.7760000000001,2036.44252986383
30.777,2033.19253135304
30.778,2029.52847773858
30.7790000000002,2024.46481321632
30.7800000000002,2018.06245961835
30.7810000000002,2012.12422023464
30.7820000000002,2007.10295676949
30.7830000000001,2003.40071009668
30.7840000000001,2001.34746003788
30.7850000000001,2000.00560142426
30.7860000000001,1999.48771379142
30.787,2001.40270488465
30.788,2005.8541159364
30.7890000000002,2012.69500790399
30.7900000000002,2021.5062293686
30.7910000000002,2030.39525763407
30.7920000000001,2038.5579556437
30.7930000000001,2046.61778291083
30.7940000000001,2053.89305201709
30.7950000000001,2059.7684723644
30.796,2063.78199189208
30.797,2064.42323563733
30.798,2061.851285032
30.7990000000002,2057.8882470566
30.8000000000002,2053.2279272416
30.8010000000002,2048.58338731431
30.8020000000001,2044.568940354
30.8030000000001,2040.29056318985
30.8040000000001,2036.15494662052
30.8050000000001,2033.60419457092
30.806,2032.54686599047
30.807,2032.64999799779
30.8080000000002,2033.42530922815
30.8090000000002,2032.98329801434
30.8100000000002,2031.17083362797
30.8110000000001,2029.14725097589
30.8120000000001,2026.97145450078
30.8130000000001,2024.80111804978
30.8140000000001,2022.85611152322
30.8150000000001,2019.98938132663
30.816,2016.80740819099
30.817,2014.91436096467
30.8180000000002,2014.58232118651
30.8190000000002,2015.89401977291
30.8200000000002,2018.74245039725
30.8210000000001,2021.44729501058
30.8220000000001,2024.09725465019
30.8230000000001,2027.681723551
30.8240000000001,2031.992404935
30.825,2036.77276904535
30.826,2041.73680501946
30.8270000000002,2045.15388508063
30.8280000000002,2047.29004523767
30.8290000000002,2049.29275029297
30.8300000000002,2051.21768071346
30.8310000000001,2053.1027804747
30.8320000000001,2054.95860747172
30.8330000000001,2055.29661893532
30.8340000000001,2054.69317332019
30.835,2054.43099158701
30.836,2054.66247439911
30.8370000000002,2055.4410885286
30.8380000000002,2056.71387743976
30.8390000000002,2056.82325308323
30.8400000000001,2056.2476884619
30.8410000000001,2056.06769143797
30.8420000000001,2056.29985222437
30.8430000000001,2056.92264467381
30.8440000000001,2057.88443271579
30.845,2057.57121748958
30.846,2056.6626205746
30.8470000000002,2056.36373508901
30.8480000000002,2056.83980975135
30.8490000000002,2058.15866391315
30.8500000000001,2060.26274643284
30.8510000000001,2061.36644696438
30.8520000000001,2062.01073653204
30.8530000000001,2063.07623693337
30.854,2064.39497998685
30.855,2065.72497773042
30.8560000000002,2066.77761662415
30.8570000000002,2065.59906326941
30.8580000000002,2062.86882554858
30.8590000000002,2059.65132596857
30.8600000000001,2056.1174698762
30.8610000000001,2052.45954730327
30.8620000000001,2048.86491506459
30.8630000000001,2043.78463586624
30.864,2038.35457903859
30.865,2033.8815163302
30.8660000000002,2030.66014762453
30.8670000000002,2028.84058134549
30.8680000000002,2028.40689828449
30.8690000000001,2027.45071687751
30.8700000000001,2026.75588230474
30.8710000000001,2027.12825605202
30.8720000000001,2028.43650602799
30.873,2030.492503684
30.874,2033.06760036155
30.875,2034.17584231771
30.8760000000002,2034.71402319633
30.8770000000002,2035.55530700158
30.8780000000002,2036.71090270581
30.8790000000001,2038.1113713833
30.8800000000001,2039.58841132655
30.8810000000001,2039.13248821539
30.8820000000001,2037.66032879966
30.883,2035.94640982357
30.884,2034.00614767025
30.8850000000002,2031.89395154873
30.8860000000002,2029.72019102612
30.8870000000002,2025.89276815402
30.8880000000001,2021.93657441816
30.8890000000001,2019.11153416753
30.8900000000001,2017.85175289275
30.8910000000001,2018.41813827006
30.8920000000001,2020.84168923
30.893,2023.14647353367
30.894,2026.2707615008
30.8950000000002,2030.59241664035
30.8960000000002,2035.6828693712
30.8970000000002,2041.07727540619
30.8980000000001,2046.35879978503
30.8990000000001,2049.44544992634
30.9000000000001,2051.63268784759
30.9010000000001,2053.84059584091
30.902,2056.37871285906
30.903,2059.50806992359
30.9040000000002,2063.3633786267
30.9050000000002,2066.09198212804
30.9060000000002,2069.00187799483
30.9070000000002,2072.6401204028
30.9080000000001,2076.82098203213
30.9090000000001,2081.3152996383
30.9100000000001,2085.93175968479
30.9110000000001,2088.73907419815
30.912,2091.38382027957
30.913,2094.89893042112
30.9140000000002,2099.73991070625
30.9150000000002,2106.25395855869
30.9160000000002,2114.572555392
30.9170000000001,2122.65482921262
30.9180000000001,2131.69316438127
30.9190000000001,2141.7426887381
30.9200000000001,2152.04467963822
30.921,2161.67642629146
30.922,2169.68472299008
30.923,2173.31591408554
30.9240000000002,2173.69263209466
30.9250000000002,2171.29648507822
30.9260000000002,2166.36497005898
30.9270000000001,2159.34681487058
30.9280000000001,2150.81724155242
30.9290000000001,2139.43596408375
30.9300000000001,2127.56785474254
30.931,2116.41878946304
30.932,2106.50657458936
30.9330000000002,2098.09936118255
30.9340000000002,2091.21309095467
30.9350000000002,2083.47387581397
30.9360000000001,2076.50267837809
30.9370000000001,2070.65590558573
30.9380000000001,2065.71257462906
30.9390000000001,2061.33522495795
30.9400000000001,2057.06085822622
30.941,2049.69407562044
30.942,2040.95650477893
30.9430000000002,2031.30816368492
30.9440000000002,2020.81548865967
30.9450000000002,2009.61924274982
30.9460000000001,1997.88421105089
30.9470000000001,1982.67523999387
30.9480000000001,1966.82453758285
30.9490000000001,1951.68429202672
30.95,1938.10503285041
30.951,1926.79128040819
30.9520000000002,1918.144436489
30.9530000000002,1909.30886180369
30.9540000000002,1902.49728844531
30.9550000000002,1898.02154603954
30.9560000000001,1895.59526663822
30.9570000000001,1894.8272331209
30.9580000000001,1895.28053148006
30.9590000000001,1894.74408739794
30.96,1894.75485464275
30.961,1895.35339138511
30.9620000000002,1896.27218800883
30.9630000000002,1897.22997381334
30.9640000000002,1897.97816224368
30.9650000000001,1897.39311992512
30.9660000000001,1896.80972306947
30.9670000000001,1896.22512081874
30.9680000000001,1895.43227022909
30.9690000000001,1894.28181892658
30.97,1892.78611747109
30.971,1890.25354548342
30.9720000000002,1888.52260139481
30.9730000000002,1888.0281242183
30.9740000000002,1888.87222797587
30.9750000000001,1890.93889535737
30.9760000000001,1893.91819873872
30.9770000000001,1895.89847125415
30.9780000000001,1898.24222494898
30.979,1900.60742704202
30.98,1902.49568428719
30.9810000000002,1903.54765563922
30.9820000000002,1903.68270251931
30.9830000000002,1900.93580340085
30.9840000000002,1898.61864987779
30.9850000000001,1898.3657985988
30.9860000000001,1901.92104537523
30.9870000000001,1911.13792482608
30.9880000000001,1927.79095204739
30.989,1950.91898390593
30.99,1984.44259204903
30.9910000000002,2029.57911161112
30.9920000000002,2086.93560199249
30.9930000000002,2156.66895611055
30.9940000000001,2238.54683834853
30.9950000000001,2329.67419119754
30.9960000000001,2431.9395796452
30.9970000000001,2544.71082166654
30.998,2666.91607382018
30.999,2796.99293180931
31,2932.70298280315
31.0010000000002,3068.66766443637
31.0020000000002,3203.44567711961
31.0030000000002,3332.21463912423
31.0040000000001,3449.0480359411
31.0050000000001,3547.16585409232
31.0060000000001,3619.28532157388
31.0070000000001,3655.8117434056
31.008,3652.74528767932
31.009,3604.91832757321
31.0100000000002,3508.91075709127
31.0110000000002,3363.54546552219
31.0120000000002,3170.17231907755
31.0130000000001,2930.63001752618
31.0140000000001,2654.2094895054
31.0150000000001,2350.14231359817
31.0160000000001,2029.28499712899
31.0170000000001,1703.37364630261
31.018,1384.08759362705
31.019,1080.14064815478
31.0200000000002,803.382346389427
31.0210000000002,561.141159546347
31.0220000000002,358.075367885092
31.0230000000001,196.103063478386
31.0240000000001,74.5288539959563
31.0250000000001,-11.3240664440624
31.0260000000001,-62.7034695547369
31.027,-83.5046682799769
31.028,-77.311555894449
31.0290000000002,-46.8145612037141
31.0300000000002,6.3282510504681
31.0310000000002,79.6825418937255
31.0320000000002,176.110696901801
31.0330000000001,296.379659149504
31.0340000000001,440.55127961809
31.0350000000001,607.258308887941
31.0360000000001,792.998891818494
31.037,990.321224731855
31.038,1194.33774531569
31.0390000000002,1396.66228665715
31.0400000000002,1588.42845426888
31.0410000000002,1761.30545799708
31.0420000000001,1908.24665616458
31.0430000000001,2022.74718946278
31.0440000000001,2105.36309930272
31.0450000000001,2157.16813982479
31.046,2181.48461909193
31.047,2183.20856415411
31.048,2167.72902366396
31.0490000000002,2138.75014779159
31.0500000000002,2103.59834258816
31.0510000000002,2066.33634526783
31.0520000000001,2029.74299989753
31.0530000000001,1995.43699452504
31.0540000000001,1963.85486542759
31.0550000000001,1933.31905649372
31.056,1906.55697332726
31.057,1883.97341800518
31.0580000000002,1866.02178662464
31.0590000000002,1853.1506577807
31.0600000000002,1845.25357438481
31.0610000000001,1840.28697193934
31.0620000000001,1840.85667759484
31.0630000000001,1846.26148365296
31.0640000000001,1855.30678409498
31.0650000000001,1866.53751997358
31.066,1878.00074243936
31.067,1886.395598319
31.0680000000002,1894.38587661288
31.0690000000002,1901.78506908508
31.0700000000002,1908.63341222595
31.0710000000001,1915.1461771295
31.0720000000001,1921.08791684414
31.0730000000001,1924.76352351328
31.0740000000001,1929.33319245946
31.075,1934.76925375955
31.076,1940.66981869835
31.0770000000002,1946.40197748703
31.0780000000002,1950.89608485326
31.0790000000002,1952.1255570365
31.0800000000002,1951.74854755135
31.0810000000001,1950.05533232402
31.0820000000001,1947.56034005769
31.0830000000001,1944.87400813181
31.0840000000001,1942.29229274963
31.085,1939.08017147127
31.086,1936.62287872256
31.0870000000002,1935.38257112938
31.0880000000002,1935.69404928088
31.0890000000002,1937.6924139081
31.0900000000001,1940.98652812366
31.0910000000001,1944.11997696573
31.0920000000001,1947.73992714509
31.0930000000001,1951.72758426659
31.0940000000001,1955.9899985209
31.095,1960.38772789279
31.096,1964.27145182293
31.0970000000002,1966.08191443635
31.0980000000002,1967.04633557766
31.0990000000002,1967.2531916569
31.1000000000001,1966.93955995854
31.1010000000001,1966.46888815057
31.1020000000001,1965.69259654314
31.1030000000001,1963.74738655383
31.104,1963.2636228778
31.105,1964.8331356715
31.1060000000002,1968.79192309847
31.1070000000002,1975.14868150299
31.1080000000002,1982.88466993469
31.1090000000002,1990.03081851657
31.1100000000001,1998.01657574531
31.1110000000001,2006.09175916297
31.1120000000001,2013.46643670023
31.1130000000001,2019.45194497178
31.114,2022.89183949062
31.115,2022.39273568568
31.1160000000002,2020.29955344107
31.1170000000002,2017.29627105062
31.1180000000002,2014.1520867047
31.1190000000001,2011.57494260383
31.1200000000001,2009.37757159856
31.1210000000001,2006.67766136434
31.1220000000001,2005.56656061011
31.123,2006.09035980915
31.124,2008.08543925584
31.125,2011.25885978792
31.1260000000002,2014.52848349925
31.1270000000002,2016.53150762993
31.1280000000002,2019.14222640649
31.1290000000001,2022.51322461619
31.1300000000001,2026.76708175289
31.1310000000001,2031.91144730538
31.1320000000001,2036.97529239145
31.133,2040.58655901729
31.134,2044.32122819362
31.1350000000002,2047.87958036595
31.1360000000002,2050.93369877417
31.1370000000002,2053.22107023308
31.1380000000001,2053.78217165987
31.1390000000001,2051.77601379364
31.1400000000001,2049.61638702316
31.1410000000001,2048.0903119323
31.1420000000001,2047.9833827808
31.143,2049.93054064618
31.144,2053.40275390152
31.1450000000002,2057.54270512492
31.1460000000002,2064.06055557427
31.1470000000002,2072.6107368251
31.1480000000001,2082.59016641427
31.1490000000001,2093.25228193634
31.1500000000001,2102.9207861087
31.1510000000001,2110.17298023158
31.152,2116.57721219425
31.153,2122.22108344532
31.1540000000002,2127.33607953651
31.1550000000002,2132.21066054438
31.1560000000002,2136.14539218889
31.1570000000002,2138.60528794869
31.1580000000001,2141.59087425316
31.1590000000001,2145.28345524213
31.1600000000001,2149.69775439022
31.1610000000001,2154.71774746768
31.162,2159.16193853984
31.163,2162.22471988191
31.1640000000002,2165.70748869635
31.1650000000002,2169.82422854747
31.1660000000002,2174.77522179472
31.1670000000001,2180.6888022016
31.1680000000001,2186.52840909254
31.1690000000001,2191.6036349264
31.1700000000001,2197.53582013357
31.171,2204.17421784847
31.172,2211.20421453849
31.173,2218.18711535968
31.1740000000002,2223.53343993523
31.1750000000002,2226.30937458785
31.1760000000002,2228.06642169358
31.1770000000001,2228.88775866901
31.1780000000001,2228.96667889712
31.1790000000001,2228.57936763963
31.1800000000001,2226.89964283518
31.181,2223.85957976386
31.182,2221.68437860879
31.1830000000002,2220.93092112334
31.1840000000002,2221.98221414009
31.1850000000002,2224.9952055879
31.1860000000001,2228.67656029816
31.1870000000001,2232.39057661075
31.1880000000001,2237.59359515527
31.1890000000001,2244.06757836193
31.1900000000001,2251.5028255312
31.191,2259.52918670976
31.192,2266.48599475115
31.1930000000002,2271.73776773802
31.1940000000002,2276.86367064138
31.1950000000002,2281.93324693491
31.1960000000001,2286.99405149126
31.1970000000001,2292.01979255523
31.1980000000001,2295.54744396745
31.1990000000001,2297.16001108145
31.2,2298.45987494318
31.201,2299.46464841018
31.2020000000002,2300.13578084267
31.2030000000002,2300.38697646019
31.2040000000002,2298.72252116366
31.2050000000002,2294.93023077218
31.2060000000001,2290.81727597838
31.2070000000001,2286.70870096247
31.2080000000001,2282.88891566856
31.2090000000001,2279.54642624062
31.21,2275.32351544649
31.211,2270.16126406247
31.2120000000002,2265.7463459606
31.2130000000002,2262.2287053937
31.2140000000002,2259.69156053655
31.2150000000001,2258.16337084462
31.2160000000001,2256.17356675845
31.2170000000001,2253.79434984372
31.2180000000001,2252.78047620061
31.2190000000001,2253.38672213358
31.22,2255.72648844987
31.221,2259.71328424978
31.2220000000002,2263.53714669923
31.2230000000002,2266.89705103757
31.2240000000002,2270.93717810616
31.2250000000001,2275.34382747584
31.2260000000001,2279.80539778569
31.2270000000001,2284.08026120158
31.2280000000001,2286.50843957597
31.229,2287.44441652444
31.23,2288.8527140136
31.2310000000002,2291.41861400994
31.2320000000002,2295.78858049855
31.2330000000002,2302.44346166805
31.2340000000002,2309.99071394858
31.2350000000001,2318.72968885296
31.2360000000001,2329.98107699632
31.2370000000001,2343.43020379956
31.2380000000001,2358.51728830102
31.239,2374.51889173789
31.24,2389.00647776959
31.2410000000002,2401.73085214221
31.2420000000002,2413.76526740548
31.2430000000002,2425.0263733035
31.2440000000001,2435.54490970652
31.2450000000001,2445.41959979728
31.2460000000001,2453.09219981291
31.2470000000001,2459.25992279713
31.248,2465.6582746371
31.249,2472.70365694036
31.25,2480.71052869338
31.2510000000002,2489.86481289409
31.2520000000002,2498.46952054747
31.2530000000002,2507.11004035432
31.2540000000001,2517.16710976002
31.2550000000001,2528.60334222989
31.2560000000001,2541.15150065066
31.2570000000001,2554.29422381794
31.258,2565.48506527117
31.259,2574.59837650452
31.2600000000002,2582.25965298215
31.2610000000002,2587.91180965925
31.2620000000002,2591.09780234706
31.2630000000001,2591.53298774036
31.2640000000001,2587.31996267708
31.2650000000001,2579.53359122562
31.2660000000001,2570.16340810273
31.2670000000001,2560.17172446294
31.268,2550.51759440642
31.269,2542.01469497564
31.2700000000002,2533.32775206509
31.2710000000002,2525.64162383772
31.2720000000002,2520.35602145157
31.2730000000001,2517.39935369755
31.2740000000001,2516.3821154021
31.2750000000001,2516.67249571541
31.2760000000001,2515.57582207292
31.277,2513.37937646951
31.278,2510.93649227598
31.2790000000002,2508.20088451767
31.2800000000002,2505.30212383438
31.2810000000002,2502.50392463553
31.2820000000002,2498.17779630516
31.2830000000001,2493.79659315727
31.2840000000001,2491.05849885164
31.2850000000001,2490.45074805238
31.2860000000001,2492.18749582633
31.287,2496.15334334622
31.288,2499.89347762581
31.2890000000002,2503.92869860786
31.2900000000002,2508.76286287775
31.2910000000002,2513.80703320859
31.2920000000001,2518.45114640756
31.2930000000001,2522.13601342419
31.2940000000001,2522.35818950844
31.2950000000001,2520.18351381186
31.296,2516.89062617578
31.297,2512.93767793842
31.298,2508.83839510881
31.2990000000002,2505.07150925252
31.3000000000002,2499.88687725849
31.3010000000002,2494.97042217214
31.3020000000001,2491.70460853402
31.3030000000001,2490.3404080966
31.3040000000001,2490.91861849019
31.3050000000001,2493.28408445875
31.306,2494.94957070897
31.307,2497.08341461008
31.3080000000002,2500.49561120207
31.3090000000002,2505.02828474444
31.3100000000002,2510.44320135891
31.3110000000001,2516.41387397521
31.3120000000001,2520.29123412494
31.3130000000001,2523.31817460638
31.3140000000001,2526.26784170689
31.3150000000001,2529.01839767838
31.316,2531.43037558381
31.317,2533.36774217816
31.3180000000002,2532.41368086862
31.3190000000002,2530.37159671936
31.3200000000002,2528.51835864347
31.3210000000001,2527.31974776688
31.3220000000001,2527.20881692559
31.3230000000001,2528.52369047662
31.3240000000001,2529.08701568963
31.325,2530.8530154406
31.326,2534.8035338763
31.3270000000002,2540.85503770107
31.3280000000002,2548.64424864834
31.3290000000002,2557.5549735577
31.3300000000002,2564.41048343153
31.3310000000001,2570.32764387779
31.3320000000001,2575.55354817665
31.3330000000001,2579.65419931495
31.3340000000001,2582.30253879092
31.335,2583.31121173018
31.336,2580.23709942125
31.3370000000002,2575.29839374563
31.3380000000002,2569.82534199738
31.3390000000002,2564.4710730182
31.3400000000001,2559.80505015686
31.3410000000001,2556.22774637704
31.3420000000001,2551.48482509282
31.3430000000001,2547.70339631504
31.3440000000001,2545.66569892946
31.345,2545.30549798458
31.346,2546.38597720612
31.3470000000002,2548.54723588547
31.3480000000002,2548.88632135106
31.3490000000002,2549.22515379918
31.3500000000001,2550.12186021181
31.3510000000001,2551.50160032428
31.3520000000001,2553.21408341078
31.3530000000001,2554.99993900307
31.354,2553.95124899804
31.355,2551.9980484138
31.3560000000002,2549.62416282381
31.3570000000002,2546.75512367094
31.3580000000002,2543.35963776023
31.3590000000002,2539.48407533076
31.3600000000001,2532.69814337599
31.3610000000001,2525.71028955646
31.3620000000001,2519.73139964673
31.3630000000001,2515.39218189852
31.364,2513.14022008626
31.365,2513.14315922099
31.3660000000002,2512.61786193016
31.3670000000002,2513.66895218909
31.3680000000002,2516.48553824584
31.3690000000001,2520.61833459765
31.3700000000001,2525.54002329615
31.3710000000001,2530.73213180789
31.3720000000001,2533.05687899021
31.373,2534.88873239863
31.374,2536.87435510605
31.375,2539.2425609192
31.3760000000002,2542.12300021139
31.3770000000002,2545.44642577357
31.3780000000002,2546.12463174142
31.3790000000001,2546.43139211526
31.3800000000001,2546.50250129076
31.3810000000001,2546.01598931282
31.3820000000001,2544.68003735721
31.383,2542.3219887833
31.384,2536.14137345742
31.3850000000002,2529.25987983579
31.3860000000002,2522.82887417672
31.3870000000002,2517.67182869801
31.3880000000001,2514.45833719893
31.3890000000001,2513.54384060531
31.3900000000001,2512.05273574456
31.3910000000001,2512.47610054996
31.3920000000001,2514.65497432393
31.393,2517.84603298675
31.394,2521.16535189246
31.3950000000002,2523.75247209581
31.3960000000002,2522.13962508806
31.3970000000002,2518.97150193562
31.3980000000001,2514.81266785408
31.3990000000001,2510.21594842823
31.4000000000001,2505.85029551761
31.4010000000001,2502.35358744481
31.402,2497.45365482226
31.403,2494.42036342653
31.4040000000002,2493.71803562023
31.4050000000002,2495.25932509166
31.4060000000002,2498.65124789926
31.4070000000002,2503.28573485128
31.4080000000001,2505.68995017126
31.4090000000001,2508.31462808038
31.4100000000001,2511.09795721231
31.4110000000001,2513.91848539318
31.412,2516.7365765174
31.413,2519.5548867644
31.4140000000002,2519.56227079973
31.4150000000002,2519.95826339726
31.4160000000002,2521.12435364606
31.4170000000001,2523.20414407675
31.4180000000001,2526.20742032614
31.4190000000001,2530.02126433995
31.4200000000001,2531.61382192993
31.421,2534.02481485599
31.422,2537.40441834304
31.423,2541.77443105567
31.4240000000002,2547.08793678058
31.4250000000002,2553.21904357535
31.4260000000002,2557.1329027355
31.4270000000001,2561.91019678745
31.4280000000001,2567.61994668783
31.4290000000001,2574.22248850456
31.4300000000001,2581.59713868712
31.431,2589.5028932664
31.432,2594.92257394604
31.4330000000002,2600.85137802473
31.4340000000002,2607.28838910472
31.4350000000002,2614.09229504262
31.4360000000001,2620.98978524269
31.4370000000001,2627.48512792946
31.4380000000001,2630.36261334409
31.4390000000001,2632.32960662251
31.4400000000001,2633.14545777643
31.441,2632.51657595897
31.442,2630.15288603593
31.4430000000002,2625.66104929725
31.4440000000002,2616.15148408416
31.4450000000002,2604.8143567421
31.4460000000001,2591.97673649978
31.4470000000001,2577.92809674602
31.4480000000001,2562.89362475938
31.4490000000001,2546.80194181749
31.45,2526.77243824208
31.451,2506.28299821325
31.4520000000002,2485.74414007193
31.4530000000002,2465.50377950993
31.4540000000002,2445.84731895649
31.4550000000002,2426.69978933277
31.4560000000001,2404.90590788396
31.4570000000001,2384.46438634005
31.4580000000001,2366.09769451112
31.4590000000001,2350.45871178602
31.46,2338.03324879369
31.461,2328.67248925226
31.4620000000002,2318.82748171909
31.4630000000002,2312.11370917584
31.4640000000002,2308.55462761978
31.4650000000001,2307.95419882156
31.4660000000001,2309.88982463877
31.4670000000001,2313.3513559366
31.4680000000001,2314.77470555505
31.4690000000001,2316.63764942205
31.47,2318.45702021837
31.471,2319.79936003228
31.4720000000002,2320.3568007442
31.4730000000002,2319.71696095141
31.4740000000002,2316.4372364434
31.4750000000001,2312.91385419364
31.4760000000001,2309.29448317613
31.4770000000001,2305.5778194119
31.4780000000001,2301.67907843823
31.479,2297.30260464824
31.48,2291.68158747756
31.4810000000002,2286.53361409104
31.4820000000002,2281.7739114083
31.4830000000002,2277.25112672463
31.4840000000002,2272.8903062445
31.4850000000001,2268.52159609568
31.4860000000001,2263.47524319634
31.4870000000001,2260.18210969742
31.4880000000001,2259.04361505892
31.489,2260.1882646886
31.49,2263.45237405688
31.4910000000002,2267.96549087209
31.4920000000002,2271.44218002734
31.4930000000002,2275.88216834636
31.4940000000001,2280.91207823708
31.4950000000001,2286.29676761999
31.4960000000001,2292.10161680112
31.4970000000001,2298.24347979109
31.498,2303.69316129699
31.499,2312.76163653104
31.5,2327.3777747263
31.5010000000002,2349.46976607485
31.5020000000002,2380.76224213238
31.5030000000002,2422.00311412655
31.5040000000001,2472.22040494945
31.5050000000001,2534.51778059367
31.5060000000001,2608.8711337025
31.5070000000001,2694.69132671036
31.508,2790.95794028589
31.509,2895.75268315545
31.5100000000002,3005.96001573483
31.5110000000002,3122.54434438201
31.5120000000002,3243.80856509185
31.5130000000001,3367.59696812009
31.5140000000001,3491.1526122885
31.5150000000001,3610.35028601036
31.5160000000001,3719.36691271513
31.5170000000001,3815.63306122817
31.518,3893.56023573322
31.519,3947.02024558287
31.5200000000002,3969.74089579236
31.5210000000002,3955.14468369961
31.5220000000002,3896.8131950875
31.5230000000001,3793.73945364652
31.5240000000001,3644.64526112709
31.5250000000001,3450.45852062655
31.5260000000001,3214.45891080358
31.527,2941.51185766021
31.528,2637.86109150214
31.5290000000002,2315.10573344079
31.5300000000002,1983.64417884498
31.5310000000002,1654.12054512494
31.5320000000002,1336.79440120437
31.5330000000001,1040.26550783015
31.5340000000001,771.316425600938
31.5350000000001,538.844629986993
31.5360000000001,348.010598805069
31.537,202.34870791315
31.538,103.902436600534
31.5390000000002,52.6070420854525
31.5400000000002,46.8133798750723
31.5410000000002,87.2667616827755
31.5420000000001,171.502099697607
31.5430000000001,295.805384770676
31.5440000000001,455.171188858995
31.5450000000001,642.510163268237
31.546,849.325528626921
31.547,1069.63285113779
31.548,1294.94113353377
31.5490000000002,1516.70762792942
31.5500000000002,1726.88656390518
31.5510000000002,1917.61824417713
31.5520000000001,2082.38298286872
31.5530000000001,2219.66573879308
31.5540000000001,2327.84964548148
31.5550000000001,2407.04065239285
31.556,2458.83012047299
31.557,2485.06924074151
31.5580000000002,2488.37200467817
31.5590000000002,2474.8854256333
31.5600000000002,2448.88968099756
31.5610000000001,2414.44407190323
31.5620000000001,2375.23129920214
31.5630000000001,2333.52186102407
31.5640000000001,2291.2263220169
31.5650000000001,2252.81088805634
31.566,2220.21650883929
31.567,2194.74488345876
31.5680000000002,2177.04579923767
31.5690000000002,2166.04744974973
31.5700000000002,2160.45393070834
31.5710000000001,2161.6066735698
31.5720000000001,2168.26749783975
31.5730000000001,2178.89069534976
31.5740000000001,2191.83663005274
31.575,2204.29769005412
31.576,2214.40940454207
31.5770000000002,2223.94755327008
31.5780000000002,2232.4743720346
31.5790000000002,2239.7169540119
31.5800000000002,2245.55649429051
31.5810000000001,2248.58650389479
31.5820000000001,2248.41166665348
31.5830000000001,2247.92871120418
31.5840000000001,2247.2763473883
31.585,2246.38530852124
31.586,2245.0902559183
31.5870000000002,2241.99793020406
31.5880000000002,2236.64188381484
31.5890000000002,2231.46873783106
31.5900000000001,2226.88630261261
31.5910000000001,2223.25394570774
31.5920000000001,2220.8530656056
31.5930000000001,2218.98634047284
31.5940000000001,2217.16252670493
31.595,2216.81525714028
31.596,2218.08577316254
31.5970000000002,2220.93023089502
31.5980000000002,2225.06414360655
31.5990000000002,2229.285163829
31.6000000000001,2232.26160731356
31.6010000000001,2234.32204910154
31.6020000000001,2235.24563711028
31.6030000000001,2234.9760726026
31.604,2233.55656880574
31.605,2230.25386753169
31.6060000000002,2224.68198160069
31.6070000000002,2218.28862979194
31.6080000000002,2211.72912235846
31.6090000000002,2205.69975431067
31.6100000000001,2200.81539936165
31.6110000000001,2196.34156984101
31.6120000000001,2192.23339448129
31.6130000000001,2190.2047387499
31.614,2190.30685589807
31.615,2192.35335870245
31.6160000000002,2195.95136260547
31.6170000000002,2199.18589765989
31.6180000000002,2201.37955434481
31.6190000000001,2203.88640883475
31.6200000000001,2206.43035311877
31.6210000000001,2208.77312653237
31.6220000000001,2210.74917954181
31.623,2210.91757103235
31.624,2209.32075536645
31.625,2207.94938685311
31.6260000000002,2207.25238996992
31.6270000000002,2207.60228167658
31.6280000000002,2209.24346957864
31.6290000000001,2210.89897436533
31.6300000000001,2212.55184966746
31.6310000000001,2215.74712545853
31.6320000000001,2220.42847538217
31.633,2226.3660477758
31.634,2233.17425069454
31.6350000000002,2238.93231404987
31.6360000000002,2243.21807239493
31.6370000000002,2247.20149439487
31.6380000000001,2250.64131451061
31.6390000000001,2253.30400394114
31.6400000000001,2254.982324789
31.6410000000001,2254.04762530344
31.6420000000001,2250.67325098939
31.643,2246.63087651539
31.644,2242.37453847582
31.6450000000002,2238.3914446813
31.6460000000002,2235.1621208829
31.6470000000002,2231.61225576165
31.6480000000001,2228.42390764533
31.6490000000001,2227.51630762137
31.6500000000001,2229.25552836457
31.6510000000001,2233.73890552668
31.652,2240.76536334894
31.653,2248.29119337596
31.6540000000002,2255.99394605675
31.6550000000002,2264.64033908579
31.6560000000002,2273.57836345215
31.6570000000002,2282.11146171204
31.6580000000001,2289.57820071538
31.6590000000001,2293.83653051776
31.6600000000001,2295.03927996841
31.6610000000001,2294.7235463425
31.662,2293.37591099036
31.663,2291.64361704188
31.6640000000002,2290.24820061288
31.6650000000002,2288.26096608724
31.6660000000002,2286.84152628973
31.6670000000001,2287.92036041196
31.6680000000001,2291.8654845091
31.6690000000001,2298.63489112845
31.6700000000001,2307.76333010535
31.671,2316.77274697761
31.672,2325.23727379063
31.673,2333.48385578262
31.6740000000002,2340.68854128476
31.6750000000002,2346.16571263866
31.6760000000002,2349.46413710561
31.6770000000001,2348.73579460327
31.6780000000001,2344.87590436651
31.6790000000001,2339.7783849338
31.6800000000001,2334.32324882353
31.681,2329.35522027438
31.682,2325.53939328583
31.6830000000002,2321.52380877737
31.6840000000002,2318.21666215815
31.6850000000002,2316.85051263072
31.6860000000001,2317.29311618168
31.6870000000001,2319.2211610862
31.6880000000001,2322.2134490602
31.6890000000001,2324.05114305882
31.6900000000001,2325.30918865525
31.691,2327.17574261325
31.692,2329.81455297732
31.6930000000002,2333.34595514078
31.6940000000002,2337.75488245047
31.6950000000002,2340.96358897107
31.6960000000001,2343.58388591003
31.6970000000001,2346.46243117559
31.6980000000001,2349.28167535065
31.6990000000001,2351.68101956821
31.7,2353.34470878849
31.701,2352.15586285792
31.7020000000002,2349.24884567938
31.7030000000002,2346.23953769922
31.7040000000002,2343.84380348424
31.7050000000002,2342.7659903077
31.7060000000001,2343.55643523973
31.7070000000001,2344.49734348267
31.7080000000001,2346.75359373569
31.7090000000001,2351.32877102676
31.71,2357.91736932921
31.711,2365.9369428424
31.7120000000002,2374.60902050771
31.7130000000002,2381.00441487503
31.7140000000002,2385.59967057395
31.7150000000001,2389.04317678529
31.7160000000001,2391.17035733033
31.7170000000001,2391.92540911827
31.7180000000001,2391.30832731275
31.7190000000001,2387.22570432654
31.72,2381.10774798332
31.721,2374.27680682079
31.7220000000002,2367.11638805821
31.7230000000002,2359.97447877856
31.7240000000002,2353.15810902692
31.7250000000001,2344.80047595583
31.7260000000001,2336.65258209915
31.7270000000001,2330.18158634522
31.7280000000001,2325.86971953663
31.729,2324.00205220084
31.73,2324.59628846801
31.7310000000002,2325.20141456112
31.7320000000002,2326.88135221177
31.7330000000002,2330.11403971134
31.7340000000002,2334.40653099089
31.7350000000001,2339.20240201519
31.7360000000001,2343.9658845336
31.7370000000001,2346.04507672711
31.7380000000001,2346.89925324484
31.739,2347.65003375128
31.74,2348.7603583505
31.7410000000002,2350.73210356995
31.7420000000002,2353.99806328745
31.7430000000002,2356.58790583451
31.7440000000001,2360.35550018858
31.7450000000001,2366.26103768316
31.7460000000001,2374.25844213055
31.7470000000001,2384.04909685214
31.748,2395.12501249096
31.749,2404.57933266357
31.75,2413.60899512091
31.7510000000002,2422.66453192116
31.7520000000002,2431.56776288255
31.7530000000002,2440.21261029469
31.7540000000001,2448.55295896932
31.7550000000001,2454.27469479862
31.7560000000001,2459.4021539917
31.7570000000001,2465.05979947567
31.758,2471.68318072115
31.759,2479.61915557492
31.7600000000002,2489.07170682422
31.7610000000002,2497.7061408348
31.7620000000002,2507.43289913996
31.7630000000001,2518.89538581523
31.7640000000001,2531.8840654515
31.7650000000001,2545.94306113457
31.7660000000001,2560.3866638815
31.7670000000001,2571.97295287104
31.768,2581.92292753293
31.769,2590.29060221995
31.7700000000002,2596.64775117611
31.7710000000002,2600.70989457824
31.7720000000002,2602.36784786199
31.7730000000001,2599.26325970443
31.7740000000001,2593.92240213204
31.7750000000001,2587.66094914649
31.7760000000001,2581.27683450137
31.777,2575.46562313598
31.778,2570.71240122025
31.7790000000002,2564.72387440751
31.7800000000002,2559.78924859098
31.7810000000002,2556.44158089097
31.7820000000002,2554.46368721204
31.7830000000001,2553.43857954209
31.7840000000001,2552.82500056516
31.7850000000001,2549.53067853262
31.7860000000001,2545.49363909474
31.787,2541.19529351378
31.788,2536.79807875549
31.7890000000002,2532.55412902033
31.7900000000002,2528.73806268362
31.7910000000002,2523.03887875865
31.7920000000001,2518.08739949134
31.7930000000001,2514.65062533856
31.7940000000001,2512.86450009903
31.7950000000001,2512.59632094288
31.796,2513.44273856979
31.797,2512.2014697316
31.798,2510.73173418061
31.7990000000002,2509.02975721602
31.8000000000002,2506.78431261529
31.8010000000002,2503.79410761786
31.8020000000001,2499.9968009706
31.8030000000001,2492.87545487445
31.8040000000001,2485.33769595094
31.8050000000001,2478.3929112731
31.806,2472.70014958017
31.807,2468.77382675638
31.8080000000002,2466.88629690763
31.8090000000002,2464.36744806417
31.8100000000002,2463.70169492052
31.8110000000001,2464.98085401156
31.8120000000001,2467.79168891743
31.8130000000001,2471.55965340577
31.8140000000001,2475.62569636447
31.8150000000001,2476.6326402614
31.816,2476.92209325374
31.817,2476.65998148562
31.8180000000002,2475.86843315103
31.8190000000002,2474.62704203929
31.8200000000002,2473.02366144242
31.8210000000001,2468.37279984975
31.8220000000001,2463.71586220146
31.8230000000001,2459.57919533557
31.8240000000001,2456.19357928566
31.825,2453.68814155037
31.826,2452.09847023763
31.8270000000002,2448.58002625248
31.8280000000002,2446.2213831844
31.8290000000002,2445.43055526298
31.8300000000002,2446.36246835994
31.8310000000001,2449.04030989993
31.8320000000001,2453.32195308964
31.8330000000001,2456.02786034078
31.8340000000001,2459.9543283202
31.835,2464.95080792835
31.836,2470.59963870322
31.8370000000002,2476.37482040817
31.8380000000002,2481.700285491
31.8390000000002,2483.15651564587
31.8400000000001,2483.61369813762
31.8410000000001,2483.17268431956
31.8420000000001,2481.96138984224
31.8430000000001,2480.17903316785
31.8440000000001,2478.05279480377
31.845,2472.9194420254
31.846,2468.32502145954
31.8470000000002,2464.70448082582
31.8480000000002,2462.27867344069
31.8490000000002,2461.0511196459
31.8500000000001,2460.76286767795
31.8510000000001,2458.26718018141
31.8520000000001,2456.34026087468
31.8530000000001,2454.76342399159
31.854,2453.2460355549
31.855,2451.50019299515
31.8560000000002,2449.19594962449
31.8570000000002,2443.5281978297
31.8580000000002,2437.65541366877
31.8590000000002,2431.93665384981
31.8600000000001,2426.69357859743
31.8610000000001,2422.17928982341
31.8620000000001,2418.40147657172
31.8630000000001,2412.81137941154
31.864,2408.42788333992
31.865,2405.30872160674
31.8660000000002,2403.32321885036
31.8670000000002,2402.20831255291
31.8680000000002,2401.44463169989
31.8690000000001,2398.20028135808
31.8700000000001,2395.22942664381
31.8710000000001,2392.56821521092
31.8720000000001,2390.22946185845
31.873,2388.20591173288
31.874,2386.23611397577
31.875,2381.83497694151
31.8760000000002,2377.95712485211
31.8770000000002,2374.77278120528
31.8780000000002,2372.34565247457
31.8790000000001,2370.65746523362
31.8800000000001,2369.36132325039
31.8810000000001,2366.00716773194
31.8820000000001,2363.46516123396
31.883,2361.86231222641
31.884,2361.20409955183
31.8850000000002,2361.37614272167
31.8860000000002,2361.84230239843
31.8870000000002,2360.0584870704
31.8880000000001,2358.58498426564
31.8890000000001,2357.31021183589
31.8900000000001,2356.06203342224
31.8910000000001,2354.66123623375
31.8920000000001,2352.61848654356
31.893,2347.75559591463
31.894,2342.90813018929
31.8950000000002,2338.35925158765
31.8960000000002,2334.3048650019
31.8970000000002,2330.82891303615
31.8980000000001,2327.50825942717
31.8990000000001,2322.22343766945
31.9000000000001,2317.45468460969
31.9010000000001,2313.07083230542
31.902,2308.8213228519
31.903,2304.42165245819
31.9040000000002,2299.22616098866
31.9050000000002,2291.30590703508
31.9060000000002,2283.3186404051
31.9070000000002,2275.58039063636
31.9080000000001,2268.38572333937
31.9090000000001,2261.98392209931
31.9100000000001,2256.11527074386
31.9110000000001,2249.19564540188
31.912,2243.75281634875
31.913,2239.81408431773
31.9140000000002,2237.20659182969
31.9150000000002,2235.63002951472
31.9160000000002,2234.26926471004
31.9170000000001,2231.24255254954
31.9180000000001,2228.82348439736
31.9190000000001,2227.05846875437
31.9200000000001,2225.9924387454
31.921,2225.67980942372
31.922,2225.6815086517
31.923,2224.58670703802
31.9240000000002,2224.84936175047
31.9250000000002,2226.60422174021
31.9260000000002,2229.81419443605
31.9270000000001,2234.30255100006
31.9280000000001,2239.26525761209
31.9290000000001,2243.01005697824
31.9300000000001,2247.55143852837
31.931,2252.69537787387
31.932,2258.1552742991
31.9330000000002,2263.595486822
31.9340000000002,2268.11490355542
31.9350000000002,2270.13826128121
31.9360000000001,2271.6979557962
31.9370000000001,2272.74599344322
31.9380000000001,2273.20379681867
31.9390000000001,2272.99717689962
31.9400000000001,2271.49594483948
31.941,2267.52941148058
31.942,2263.31798426878
31.9430000000002,2258.97443530455
31.9440000000002,2254.44834414001
31.9450000000002,2249.53839543299
31.9460000000001,2243.30297781084
31.9470000000001,2234.26191620193
31.9480000000001,2224.20314641459
31.9490000000001,2212.91084869338
31.95,2200.17104672963
31.951,2185.85205971231
31.9520000000002,2169.28648855965
31.9530000000002,2149.57721071273
31.9540000000002,2129.24968252752
31.9550000000002,2108.86424351802
31.9560000000001,2088.88223849116
31.9570000000001,2069.61412545626
31.9580000000001,2050.38708871653
31.9590000000001,2029.94123610558
31.96,2010.56539392915
31.961,1992.32628663623
31.9620000000002,1975.19259275765
31.9630000000002,1959.08078614108
31.9640000000002,1942.92173111808
31.9650000000001,1925.22563644725
31.9660000000001,1908.78537473216
31.9670000000001,1894.16542581264
31.9680000000001,1881.89031928416
31.9690000000001,1872.32547785767
31.97,1864.47710870433
31.971,1856.63964473145
31.9720000000002,1851.20180180746
31.9730000000002,1847.96741575874
31.9740000000002,1846.51811478838
31.9750000000001,1846.24089915456
31.9760000000001,1845.5413959695
31.9770000000001,1842.77407387288
31.9780000000001,1839.25635317231
31.979,1834.59882540206
31.98,1828.62229404332
31.9810000000002,1821.45943162196
31.9820000000002,1813.11641765043
31.9830000000002,1804.258766653
31.9840000000002,1796.78818904857
31.9850000000001,1791.12817582766
31.9860000000001,1787.24893376186
31.9870000000001,1784.67627721087
31.9880000000001,1782.14778600364
31.989,1778.71636460344
31.99,1774.4058542074
31.9910000000002,1768.2255728305
31.9920000000002,1759.52804317466
31.9930000000002,1748.27527014769
31.9940000000001,1734.69350038111
31.9950000000001,1720.21501935203
31.9960000000001,1707.51842090058
31.9970000000001,1697.99730099953
31.998,1692.5000618281
31.999,1691.16103725978
32,1692.7233702871
32.0010000000002,1695.93284046119
32.0020000000002,1700.66770938139
32.0030000000002,1705.49168602206
32.0040000000001,1709.3711319841
32.0050000000001,1712.08958851755
32.0060000000001,1713.56999916307
32.0070000000001,1715.42948949395
32.008,1722.18751072624
32.009,1737.15342923329
32.0100000000002,1763.39083537864
32.0110000000002,1803.20202675916
32.0120000000002,1856.769731906
32.0130000000001,1923.65845745936
32.0140000000001,2004.21977314863
32.0150000000001,2096.33150310638
32.0160000000001,2197.36074586091
32.0170000000001,2304.71539406054
32.018,2415.41444773578
32.019,2528.01630055826
32.0200000000002,2643.51928958719
32.0210000000002,2761.97295643929
32.0220000000002,2883.22715377734
32.0230000000001,3006.23283936744
32.0240000000001,3127.44774593958
32.0250000000001,3241.97089117283
32.0260000000001,3343.97428567474
32.027,3424.07318394124
32.028,3471.20551924979
32.0290000000002,3473.77517886047
32.0300000000002,3420.24116560259
32.0310000000002,3302.5514773136
32.0320000000002,3118.2524514626
32.0330000000001,2869.02261341925
32.0340000000001,2562.43547271777
32.0350000000001,2211.79200001721
32.0360000000001,1834.18247656973
32.037,1450.61486800016
32.038,1084.08217167062
32.0390000000002,754.475894941916
32.0400000000002,477.34844477282
32.0410000000002,262.108680671904
32.0420000000001,110.142400951632
32.0430000000001,16.9060508416608
32.0440000000001,-26.7173350144473
32.0450000000001,-34.7863540570007
32.046,-22.6838010762445
32.047,-4.50083929981027
32.048,8.2518748962343
32.0490000000002,10.1767664862989
32.0500000000002,2.49534989535027
32.0510000000002,-9.68936206360432
32.0520000000001,-17.7606078456486
32.0530000000001,-11.5435423448501
32.0540000000001,17.618731187664
32.0550000000001,77.0931174889105
32.056,171.47715369965
32.057,299.995351165434
32.0580000000002,457.712233432047
32.0590000000002,636.436116650086
32.0600000000002,825.078970717478
32.0610000000001,1013.30068787103
32.0620000000001,1192.5128602681
32.0630000000001,1354.92989607938
32.0640000000001,1495.01411188188
32.0650000000001,1609.54926221602
32.066,1696.36849189501
32.067,1756.22318146869
32.0680000000002,1791.81018003873
32.0690000000002,1805.54617379887
32.0700000000002,1800.22753949216
32.0710000000001,1778.91668625909
32.0720000000001,1743.84396011149
32.0730000000001,1698.95596426581
32.0740000000001,1649.13797759961
32.075,1598.29099441859
32.076,1550.03050536799
32.0770000000002,1507.40398590665
32.0780000000002,1471.35613915887
32.0790000000002,1443.70871671091
32.0800000000002,1425.87747531551
32.0810000000001,1417.12437100833
32.0820000000001,1415.90688209765
32.0830000000001,1420.2437150209
32.0840000000001,1426.57028353964
32.085,1433.99616904044
32.086,1442.56229099183
32.0870000000002,1451.35942817464
32.0880000000002,1459.79666218631
32.0890000000002,1467.55811952981
32.0900000000001,1472.83836909611
32.0910000000001,1476.71130227438
32.0920000000001,1480.58495023681
32.0930000000001,1484.26659705438
32.0940000000001,1487.36986558796
32.095,1489.45617577497
32.096,1488.89830878094
32.0970000000002,1486.19622643138
32.0980000000002,1482.42560726089
32.0990000000002,1477.82800743145
32.1000000000001,1472.63801213261
32.1010000000001,1467.03298348018
32.1020000000001,1460.40296081055
32.1030000000001,1452.83739945691
32.104,1444.95051358032
32.105,1437.04482682902
32.1060000000002,1429.42954262628
32.1070000000002,1422.35797098265
32.1080000000002,1415.32414764314
32.1090000000002,1408.42242665911
32.1100000000001,1402.22111019969
32.1110000000001,1397.00368718115
32.1120000000001,1393.01699552175
32.1130000000001,1390.3982771256
32.114,1388.4324196608
32.115,1387.0284918898
32.1160000000002,1386.51989997253
32.1170000000002,1386.9537551406
32.1180000000002,1388.35915113511
32.1190000000001,1390.69346925697
32.1200000000001,1392.83237172721
32.1210000000001,1394.9636427427
32.1220000000001,1397.56173662828
32.123,1400.6441764653
32.124,1404.2292453548
32.125,1408.30219249035
32.1260000000002,1411.4800482945
32.1270000000002,1414.49378614874
32.1280000000002,1418.04120434739
32.1290000000001,1422.07166363604
32.1300000000001,1426.46352143432
32.1310000000001,1431.04630266565
32.1320000000001,1434.24836663193
32.133,1436.85378714885
32.134,1439.56443431018
32.1350000000002,1442.38308457429
32.1360000000002,1445.26547420414
32.1370000000002,1448.12111224822
32.1380000000001,1449.4967821493
32.1390000000001,1450.17356057473
32.1400000000001,1450.85810729457
32.1410000000001,1451.67753208231
32.1420000000001,1452.75130833535
32.143,1454.17912364613
32.144,1454.6911918417
32.1450000000002,1455.27352228408
32.1460000000002,1456.73081606341
32.1470000000002,1459.2487681934
32.1480000000001,1462.89793831738
32.1490000000001,1467.60054132921
32.1500000000001,1471.73546401173
32.1510000000001,1475.95336177083
32.152,1480.55904867323
32.153,1485.25151150186
32.1540000000002,1489.68420855401
32.1550000000002,1493.50157464598
32.1560000000002,1494.96872652452
32.1570000000002,1494.93106228448
32.1580000000001,1494.00099276185
32.1590000000001,1492.37644700524
32.1600000000001,1490.31669106701
32.1610000000001,1488.10833401991
32.162,1484.60589670891
32.163,1481.21798689498
32.1640000000002,1478.91347525469
32.1650000000002,1478.1225819351
32.1660000000002,1479.17347681932
32.1670000000001,1482.25995576004
32.1680000000001,1485.98547632859
32.1690000000001,1491.39881053226
32.1700000000001,1498.91129049169
32.171,1508.31557134957
32.172,1519.20939834239
32.173,1530.99919775861
32.1740000000002,1541.48523065223
32.1750000000002,1551.03636838318
32.1760000000002,1559.46963675708
32.1770000000001,1566.25462270123
32.1780000000001,1570.97483171092
32.1790000000001,1573.37043133481
32.1800000000001,1571.89719480055
32.181,1567.96302426199
32.182,1562.55075304647
32.1830000000002,1556.40542040507
32.1840000000002,1550.32513457296
32.1850000000002,1545.06019661339
32.1860000000001,1539.7234975044
32.1870000000001,1536.06327896285
32.1880000000001,1534.87310134967
32.1890000000001,1536.32083124267
32.1900000000001,1540.29591089659
32.191,1546.43056220187
32.192,1552.61896660668
32.1930000000002,1559.5805711909
32.1940000000002,1567.19458151096
32.1950000000002,1575.03600363588
32.1960000000001,1582.74303120243
32.1970000000001,1590.02959181047
32.1980000000001,1595.10364155744
32.1990000000001,1599.30233949504
32.2,1603.10216546204
32.201,1606.65979276253
32.2020000000002,1610.06547774992
32.2030000000002,1613.29994564382
32.2040000000002,1614.58076461391
32.2050000000002,1615.23608858488
32.2060000000001,1615.54889160362
32.2070000000001,1615.49852395839
32.2080000000001,1615.07241910994
32.2090000000001,1614.28045658933
32.21,1611.44995787495
32.211,1608.32173048428
32.2120000000002,1605.56595934743
32.2130000000002,1603.56158345237
32.2140000000002,1602.58927827339
32.2150000000001,1602.76204661738
32.2160000000001,1602.20627768858
32.2170000000001,1602.38591727401
32.2180000000001,1603.39827001807
32.2190000000001,1604.98085268267
32.22,1606.7980340395
32.221,1608.48763588414
32.2220000000002,1607.89947818184
32.2230000000002,1606.59701264763
32.2240000000002,1604.96011915014
32.2250000000001,1603.24714699066
32.2260000000001,1601.7501990036
32.2270000000001,1600.71951153637
32.2280000000001,1598.45754406971
32.229,1596.85235452759
32.23,1596.26091107599
32.2310000000002,1596.69782864309
32.2320000000002,1598.01801754713
32.2330000000002,1599.9306026008
32.2340000000002,1600.15252629999
32.2350000000001,1600.2231393299
32.2360000000001,1600.19680269484
32.2370000000001,1600.01688986041
32.2380000000001,1599.67244037776
32.239,1599.17604543947
32.24,1596.62914782327
32.2410000000002,1594.08542383274
32.2420000000002,1591.95335567397
32.2430000000002,1590.44946046193
32.2440000000001,1589.69649463431
32.2450000000001,1589.69982010717
32.2460000000001,1588.44048018218
32.2470000000001,1587.79740234618
32.248,1587.91609989729
32.249,1588.80292778362
32.25,1590.43136592895
32.2510000000002,1592.74231367839
32.2520000000002,1593.7316621195
32.2530000000002,1595.43540117098
32.2540000000001,1598.12438547981
32.2550000000001,1601.97590418731
32.2560000000001,1607.11338474516
32.2570000000001,1613.57237812386
32.258,1619.32623603279
32.259,1626.41717736097
32.2600000000002,1634.91069511859
32.2610000000002,1644.72850284105
32.2620000000002,1655.69147057991
32.2630000000001,1667.52317805525
32.2640000000001,1677.8675668589
32.2650000000001,1688.62614959441
32.2660000000001,1699.68739409098
32.2670000000001,1710.90528621216
32.268,1722.10642552753
32.269,1733.04799647512
32.2700000000002,1741.52265033709
32.2710000000002,1749.53314351807
32.2720000000002,1757.09219347031
32.2730000000001,1764.17512493783
32.2740000000001,1770.72698345705
32.2750000000001,1776.59707163421
32.2760000000001,1779.76162449085
32.277,1782.35638906026
32.278,1784.57579830537
32.2790000000002,1786.59303004134
32.2800000000002,1788.54893129634
32.2810000000002,1790.43251287315
32.2820000000002,1790.39694193661
32.2830000000001,1790.59648564641
32.2840000000001,1791.17836237664
32.2850000000001,1792.17935976824
32.2860000000001,1793.5281523499
32.287,1794.92405422306
32.288,1794.33888600113
32.2890000000002,1793.60672064663
32.2900000000002,1792.65967175816
32.2910000000002,1791.40169032048
32.2920000000001,1789.73165241164
32.2930000000001,1787.40194748138
32.2940000000001,1782.64205579873
32.2950000000001,1777.51744778694
32.296,1772.27339300405
32.297,1767.13361714763
32.298,1762.27999607697
32.2990000000002,1757.64099272364
32.3000000000002,1751.58267816225
32.3010000000002,1746.15324355734
32.3020000000001,1741.4787584876
32.3030000000001,1737.57060781967
32.3040000000001,1734.33605079961
32.3050000000001,1731.37619774897
32.306,1726.82428002523
32.307,1722.51134750863
32.3080000000002,1718.46646382136
32.3090000000002,1714.72313695079
32.3100000000002,1711.325647267
32.3110000000001,1708.07374511406
32.3120000000001,1703.43868687171
32.3130000000001,1699.52037719632
32.3140000000001,1696.59461823861
32.3150000000001,1694.85473634212
32.316,1694.38734967269
32.317,1694.87351873774
32.3180000000002,1694.62956535963
32.3190000000002,1695.44693192555
32.3200000000002,1697.25414429882
32.3210000000001,1699.8997928875
32.3220000000001,1703.18038139712
32.3230000000001,1706.55255353299
32.3240000000001,1708.32808775569
32.325,1710.35546162288
32.326,1712.73173863936
32.3270000000002,1715.55169219053
32.3280000000002,1718.89255264116
32.3290000000002,1722.44255471816
32.3300000000002,1724.77567713726
32.3310000000001,1727.82326706799
32.3320000000001,1731.61516279987
32.3330000000001,1736.02614283648
32.3340000000001,1740.78313777973
32.335,1745.10467417519
32.336,1747.16294431258
32.3370000000002,1748.47879118222
32.3380000000002,1748.78861463904
32.3390000000002,1747.84859252278
32.3400000000001,1745.48169527154
32.3410000000001,1741.19381641743
32.3420000000001,1733.73568521311
32.3430000000001,1725.3080634294
32.3440000000001,1716.42305099851
32.345,1707.61031594913
32.346,1699.37628416305
32.3470000000002,1691.71305883733
32.3480000000002,1683.735222189
32.3490000000002,1677.68160132799
32.3500000000001,1673.89696093833
32.3510000000001,1672.54832966734
32.3520000000001,1673.63618499899
32.3530000000001,1676.53285100695
32.354,1679.80252109973
32.355,1685.03796513032
32.3560000000002,1692.01600052415
32.3570000000002,1700.39405294534
32.3580000000002,1709.7305249367
32.3590000000002,1719.00600990833
32.3600000000001,1726.58169507725
32.3610000000001,1733.84175068352
32.3620000000001,1740.54400500862
32.3630000000001,1746.49229698087
32.364,1751.56648835149
32.365,1755.19983693683
32.3660000000002,1756.41535478586
32.3670000000002,1757.24259054477
32.3680000000002,1758.09344243242
32.3690000000001,1759.30675093585
32.3700000000001,1761.09016341776
32.3710000000001,1762.90299295044
32.3720000000001,1763.59536468673
32.373,1764.73058987264
32.374,1766.12822291737
32.375,1767.49878998582
32.3760000000002,1768.50357762121
32.3770000000002,1768.20449259151
32.3780000000002,1765.3901075389
32.3790000000001,1761.75604989121
32.3800000000001,1757.51077017729
32.3810000000001,1752.90530954207
32.3820000000001,1748.18813090484
32.383,1742.90898157109
32.384,1736.29412722289
32.3850000000002,1730.25255284456
32.3860000000002,1725.03708233615
32.3870000000002,1720.80421816582
32.3880000000001,1717.62760802673
32.3890000000001,1714.82716815606
32.3900000000001,1711.52777535043
32.3910000000001,1709.51152635587
32.3920000000001,1708.9632760201
32.393,1709.97965783665
32.394,1712.5370857534
32.3950000000002,1715.75817290832
32.3960000000002,1718.58485334105
32.3970000000002,1722.37092866338
32.3980000000001,1726.85236094389
32.3990000000001,1731.68238182153
32.4000000000001,1736.48109022936
32.4010000000001,1740.16257788974
32.402,1741.77733454565
32.403,1742.83071435408
32.4040000000002,1743.44273116803
32.4050000000002,1743.75966742449
32.4060000000002,1743.92035016628
32.4070000000002,1743.2961969688
32.4080000000001,1741.36259950178
32.4090000000001,1739.6999553493
32.4100000000001,1738.41635021222
32.4110000000001,1737.51828396505
32.412,1736.94125528567
32.413,1735.85400244335
32.4140000000002,1733.70164336977
32.4150000000002,1732.00486513458
32.4160000000002,1730.99887932558
32.4170000000001,1730.92505260662
32.4180000000001,1732.0100207694
32.4190000000001,1733.67067529264
32.4200000000001,1735.61826046092
32.421,1739.39461461305
32.422,1745.08604068198
32.423,1752.59486980054
32.4240000000002,1761.65080781571
32.4250000000002,1771.03791536687
32.4260000000002,1779.91491479307
32.4270000000001,1789.25604573331
32.4280000000001,1798.72183610838
32.4290000000001,1807.97838409544
32.4300000000001,1816.74274872833
32.431,1823.98241000291
32.432,1829.3389812276
32.4330000000002,1834.34221422915
32.4340000000002,1839.31521462354
32.4350000000002,1844.5873644571
32.4360000000001,1850.45215775668
32.4370000000001,1856.26021489633
32.4380000000001,1861.8975923096
32.4390000000001,1868.76348518911
32.4400000000001,1876.8038314715
32.441,1885.72506922167
32.442,1895.02040482824
32.4430000000002,1903.13753151621
32.4440000000002,1909.17822114301
32.4450000000002,1913.8138997082
32.4460000000001,1916.55994485666
32.4470000000001,1917.02117306308
32.4480000000001,1914.94428205242
32.4490000000001,1909.33963335416
32.45,1900.21497721217
32.451,1889.21223230284
32.4520000000002,1876.88743521497
32.4530000000002,1863.78570794114
32.4540000000002,1850.3781974926
32.4550000000002,1836.01906500083
32.4560000000001,1820.84524034785
32.4570000000001,1806.35733759774
32.4580000000001,1792.71077362495
32.4590000000001,1779.89139656584
32.46,1767.74010111845
32.461,1754.76865095478
32.4620000000002,1740.57386621126
32.4630000000002,1726.60496244465
32.4640000000002,1713.05936122718
32.4650000000001,1700.16175484903
32.4660000000001,1688.0991269208
32.4670000000001,1675.42258480727
32.4680000000001,1661.94696043608
32.4690000000001,1649.6213166489
32.47,1638.84619083133
32.471,1629.90592775248
32.4720000000002,1622.8834087072
32.4730000000002,1616.02581751324
32.4740000000002,1608.86506455038
32.4750000000001,1602.8907110746
32.4760000000001,1598.12712153761
32.4770000000001,1594.61288522467
32.4780000000001,1592.38192568334
32.479,1590.35398121471
32.48,1588.65905115343
32.4810000000002,1588.37274736748
32.4820000000002,1589.38929700981
32.4830000000002,1591.4591930495
32.4840000000002,1594.24022224359
32.4850000000001,1596.8092901924
32.4860000000001,1599.24794014823
32.4870000000001,1601.76061159481
32.4880000000001,1603.84983121109
32.489,1605.03388082652
32.49,1604.97646897655
32.4910000000002,1603.05049753564
32.4920000000002,1599.95279139366
32.4930000000002,1596.60124923462
32.4940000000001,1593.32199283524
32.4950000000001,1590.40391318256
32.4960000000001,1588.08792862514
32.4970000000001,1585.99260091054
32.498,1584.75027454674
32.499,1584.79519381633
32.5,1585.69836576554
32.5010000000002,1586.87091827688
32.5020000000002,1587.75218965818
32.5030000000002,1587.0529919685
32.5040000000001,1585.35409729544
32.5050000000001,1583.97929547007
32.5060000000001,1583.75794266273
32.5070000000001,1585.74302757204
32.508,1591.1178437428
32.509,1599.75719653892
32.5100000000002,1613.44584347425
32.5110000000002,1634.57508351891
32.5120000000002,1664.4768927758
32.5130000000001,1704.40930761275
32.5140000000001,1755.57097031158
32.5150000000001,1817.76140992336
32.5160000000001,1892.57107481561
32.5170000000001,1981.79781596344
32.518,2085.7638757025
32.519,2203.97451570721
32.5200000000002,2334.9234652762
32.5210000000002,2474.76579912443
32.5220000000002,2620.44973443237
32.5230000000001,2768.3071577342
32.5240000000001,2913.08723289291
32.5250000000001,3049.02541262209
32.5260000000001,3170.11327431223
32.527,3269.08127859778
32.528,3340.70365862435
32.5290000000002,3380.22413258177
32.5300000000002,3382.36001569794
32.5310000000002,3342.20784346713
32.5320000000002,3255.56545164664
32.5330000000001,3118.18489656839
32.5340000000001,2929.75979426206
32.5350000000001,2692.91012681886
32.5360000000001,2412.85511074787
32.537,2098.48249351567
32.538,1762.21945352579
32.5390000000002,1418.02148236076
32.5400000000002,1083.44852831276
32.5410000000002,775.963141429674
32.5420000000001,510.069758886116
32.5430000000001,296.127208170987
32.5440000000001,138.958790285413
32.5450000000001,35.9303887293248
32.546,-19.1959441049793
32.547,-37.0688416355234
32.548,-31.4570514658827
32.5490000000002,-16.158779898621
32.5500000000002,-2.61142087052629
32.5510000000002,0.671049183691772
32.5520000000001,-7.19795715201116
32.5530000000001,-21.7138766356499
32.5540000000001,-34.5865463726117
32.5550000000001,-34.8971741562022
32.556,-11.3414847674982
32.557,44.1584263808219
32.5580000000002,138.274611960768
32.5590000000002,272.701892334419
32.5600000000002,443.387475982972
32.5610000000001,641.726016216349
32.5620000000001,855.855774519447
32.5630000000001,1070.99281432601
32.5640000000001,1275.01104440765
32.5650000000001,1457.4052755133
32.566,1610.00573284872
32.567,1728.08012996204
32.5680000000002,1810.31348974333
32.5690000000002,1856.91740718506
32.5700000000002,1872.84829927706
32.5710000000001,1864.15967766468
32.5720000000001,1836.91543600904
32.5730000000001,1797.08544415975
32.5740000000001,1750.09317798616
32.575,1699.01976914331
32.576,1648.85891181939
32.5770000000002,1603.2776803382
32.5780000000002,1564.50153874422
32.5790000000002,1533.92454555957
32.5800000000002,1512.16641702317
32.5810000000001,1497.3391153266
32.5820000000001,1490.40496153398
32.5830000000001,1491.05568222246
32.5840000000001,1497.93738859399
32.585,1509.46996616062
32.586,1524.0344275162
32.5870000000002,1537.96584673043
32.5880000000002,1552.1509763873
32.5890000000002,1566.45287779715
32.5900000000001,1580.096881164
32.5910000000001,1592.42227572633
32.5920000000001,1602.91339029622
32.5930000000001,1609.01163829312
32.5940000000001,1612.81669677961
32.595,1615.19514669108
32.596,1616.33461880002
32.5970000000002,1616.46215587594
32.5980000000002,1615.87388410399
32.5990000000002,1613.2918143899
32.6000000000001,1610.5476566246
32.6010000000001,1608.66753880987
32.6020000000001,1608.06631418047
32.6030000000001,1608.88199617457
32.604,1610.93122748803
32.605,1612.6744353184
32.6060000000002,1614.0249695854
32.6070000000002,1614.79625751373
32.6080000000002,1614.72256621766
32.6090000000002,1613.66110100663
32.6100000000001,1611.5547001518
32.6110000000001,1607.34502350282
32.6120000000001,1601.66642840969
32.6130000000001,1595.18616188857
32.614,1588.52942348487
32.615,1582.34204132678
32.6160000000002,1577.16560493772
32.6170000000002,1572.2634493399
32.6180000000002,1568.42523521391
32.6190000000001,1566.18477847957
32.6200000000001,1565.85160932235
32.6210000000001,1567.61525396821
32.6220000000001,1571.47804567828
32.623,1575.73001613395
32.624,1581.24218934456
32.625,1588.07382278917
32.6260000000002,1595.99372564538
32.6270000000002,1604.72057344492
32.6280000000002,1613.90505900821
32.6290000000001,1621.20968803971
32.6300000000001,1628.0877610448
32.6310000000001,1634.64622773976
32.6320000000001,1640.67417481321
32.633,1645.97548066903
32.634,1650.39357841241
32.6350000000002,1651.91935578741
32.6360000000002,1652.47606221951
32.6370000000002,1652.69124681509
32.6380000000001,1652.94504632049
32.6390000000001,1653.57641977467
32.6400000000001,1654.82328621908
32.6410000000001,1654.91696263652
32.6420000000001,1655.67584747102
32.643,1657.46888836242
32.644,1660.32414089377
32.6450000000002,1664.14813515054
32.6460000000002,1668.73135417327
32.6470000000002,1671.85096609816
32.6480000000001,1675.1162511881
32.6490000000001,1678.70457619628
32.6500000000001,1682.61320820451
32.6510000000001,1686.83287842952
32.652,1691.31650513401
32.653,1693.96827211314
32.6540000000002,1696.70484635633
32.6550000000002,1699.81246076052
32.6560000000002,1703.3527620308
32.6570000000002,1707.31433917772
32.6580000000001,1711.6014984948
32.6590000000001,1714.03339809259
32.6600000000001,1716.54084221898
32.6610000000001,1719.36768757246
32.662,1722.62070160285
32.663,1726.39189911315
32.6640000000002,1730.73196220692
32.6650000000002,1733.60181256136
32.6660000000002,1737.11587277958
32.6670000000001,1741.53974580374
32.6680000000001,1746.92286197637
32.6690000000001,1753.17196191241
32.6700000000001,1760.03248493161
32.671,1765.04146736429
32.672,1769.97571605119
32.673,1774.72238048439
32.6740000000002,1779.11784566156
32.6750000000002,1783.05019928092
32.6760000000002,1786.4666495349
32.6770000000001,1787.29500361844
32.6780000000001,1787.90109820266
32.6790000000001,1788.74011023982
32.6800000000001,1790.18328469397
32.681,1792.48055041329
32.682,1795.69028132081
32.6830000000002,1797.54772920286
32.6840000000002,1800.07035337872
32.6850000000002,1803.11740721308
32.6860000000001,1806.46287195056
32.6870000000001,1809.86191844313
32.6880000000001,1813.06368945876
32.6890000000001,1813.84291244624
32.6900000000001,1814.52379977874
32.691,1815.48394860267
32.692,1817.12443467212
32.6930000000002,1819.79625277005
32.6940000000002,1823.64564518079
32.6950000000002,1826.64277056554
32.6960000000001,1830.97615523394
32.6970000000001,1836.59211311848
32.6980000000001,1843.25835461319
32.6990000000001,1850.61723906204
32.7,1858.13756169233
32.701,1863.37140321537
32.7020000000002,1868.29417343324
32.7030000000002,1872.92567960075
32.7040000000002,1877.33488408979
32.7050000000002,1881.60070139429
32.7060000000001,1885.61629335921
32.7070000000001,1887.33922208376
32.7080000000001,1888.96266206141
32.7090000000001,1890.53731917441
32.71,1891.99627957088
32.711,1893.17816743521
32.7120000000002,1893.68281295366
32.7130000000002,1891.30474657441
32.7140000000002,1888.21607346206
32.7150000000001,1884.6174567231
32.7160000000001,1880.76503362885
32.7170000000001,1876.9445293063
32.7180000000001,1873.21314258705
32.7190000000001,1867.84700786458
32.72,1863.36720518081
32.721,1860.14160551925
32.7220000000002,1858.39093595573
32.7230000000002,1858.16892511963
32.7240000000002,1859.1041271032
32.7250000000001,1859.02620696797
32.7260000000001,1859.92091718232
32.7270000000001,1861.65889859249
32.7280000000001,1864.04959181198
32.729,1866.86032614666
32.73,1869.54454767718
32.7310000000002,1870.018058825
32.7320000000002,1870.36620795556
32.7330000000002,1870.67929518231
32.7340000000002,1871.04890640294
32.7350000000001,1871.5543786832
32.7360000000001,1871.92510963526
32.7370000000001,1870.4290428571
32.7380000000001,1869.35432845191
32.739,1868.93577283476
32.74,1869.32244931534
32.7410000000002,1870.56556099982
32.7420000000002,1872.25780005532
32.7430000000002,1872.57945941833
32.7440000000001,1873.61182699747
32.7450000000001,1875.40808930914
32.7460000000001,1877.96287976799
32.7470000000001,1881.21973997674
32.748,1884.68612508111
32.749,1886.62083483014
32.75,1889.1167134613
32.7510000000002,1892.28074756916
32.7520000000002,1896.15550393064
32.7530000000002,1900.71046119495
32.7540000000001,1905.41823135916
32.7550000000001,1908.5933434372
32.7560000000001,1912.25150052837
32.7570000000001,1916.46518471183
32.758,1921.27368688233
32.759,1926.6922376273
32.7600000000002,1932.25742673355
32.7610000000002,1936.49692012047
32.7620000000002,1941.56967293718
32.7630000000001,1947.6789303363
32.7640000000001,1954.92917264657
32.7650000000001,1963.3061327594
32.7660000000001,1972.17302987589
32.7670000000001,1979.89133823597
32.768,1988.32577251065
32.769,1997.39025965046
32.7700000000002,2006.9514769694
32.7710000000002,2016.85770158364
32.7720000000002,2026.4244682308
32.7730000000001,2034.18854553907
32.7740000000001,2042.18463954772
32.7750000000001,2050.53654118088
32.7760000000001,2059.26181046674
32.777,2068.23335533783
32.778,2076.59229543579
32.7790000000002,2082.64050147746
32.7800000000002,2087.9610493155
32.7810000000002,2092.24290531976
32.7820000000002,2095.1572118431
32.7830000000001,2096.42573643914
32.7840000000001,2095.28333383085
32.7850000000001,2090.54263199697
32.7860000000001,2084.45269754032
32.787,2077.6081774419
32.788,2070.65196566869
32.7890000000002,2064.19310562162
32.7900000000002,2058.09130950622
32.7910000000002,2051.55722471565
32.7920000000001,2046.75910948353
32.7930000000001,2043.86528100446
32.7940000000001,2042.79535077665
32.7950000000001,2043.2566712792
32.796,2044.12862392915
32.797,2043.83708094269
32.798,2043.89916150388
32.7990000000002,2044.12042322152
32.8000000000002,2044.3373639912
32.8010000000002,2044.41651932163
32.8020000000001,2043.53085759011
32.8030000000001,2040.58884661884
32.8040000000001,2037.49827581041
32.8050000000001,2034.41973856272
32.806,2031.44389112953
32.807,2028.5832087565
32.8080000000002,2025.03795428418
32.8090000000002,2019.80779731439
32.8100000000002,2014.7493030453
32.8110000000001,2010.03290483223
32.8120000000001,2005.80694197116
32.8130000000001,2002.19594880078
32.8140000000001,1998.51574992366
32.8150000000001,1994.00234081663
32.816,1990.61761092309
32.817,1988.58224698911
32.8180000000002,1987.98269701074
32.8190000000002,1988.75432617765
32.8200000000002,1989.86091690147
32.8210000000001,1990.21299479643
32.8220000000001,1991.35065325886
32.8230000000001,1993.12503680915
32.8240000000001,1995.36043717653
32.825,1997.88746777961
32.826,1999.70336530391
32.8270000000002,2000.03649377084
32.8280000000002,2000.76596725093
32.8290000000002,2002.13570801615
32.8300000000002,2004.31416735228
32.8310000000001,2007.3487606653
32.8320000000001,2010.23617564421
32.8330000000001,2012.13234441002
32.8340000000001,2014.54556426267
32.835,2017.25655398026
32.836,2019.9544895427
32.8370000000002,2022.30079827208
32.8380000000002,2023.04483765868
32.8390000000002,2021.46492893579
32.8400000000001,2019.36828729915
32.8410000000001,2017.048204659
32.8420000000001,2014.82807777635
32.8430000000001,2013.01623836728
32.8440000000001,2010.86851719044
32.845,2008.10604975421
32.846,2006.66125270474
32.8470000000002,2006.74601572548
32.8480000000002,2008.41777991591
32.8490000000002,2011.60261710984
32.8500000000001,2015.10435477476
32.8510000000001,2018.31118354041
32.8520000000001,2022.74977721906
32.8530000000001,2028.33140059195
32.854,2034.84205269906
32.855,2041.93013382825
32.8560000000002,2048.055405331
32.8570000000002,2052.339941562
32.8580000000002,2055.94641211348
32.8590000000002,2058.53693815002
32.8600000000001,2059.80687764881
32.8610000000001,2059.54556007746
32.8620000000001,2056.59652299756
32.8630000000001,2050.84468066339
32.864,2044.2995033318
32.865,2037.60264150429
32.8660000000002,2031.38302337458
32.8670000000002,2026.17635131374
32.8680000000002,2021.23925463755
32.8690000000001,2016.61415896976
32.8700000000001,2014.00186272185
32.8710000000001,2013.48387103677
32.8720000000001,2014.94563783923
32.873,2018.12120921184
32.874,2021.48146610357
32.875,2024.52708456406
32.8760000000002,2028.50424354892
32.8770000000002,2033.23758458234
32.8780000000002,2038.46727923061
32.8790000000001,2043.82607054483
32.8800000000001,2047.63001894088
32.8810000000001,2049.30712613023
32.8820000000001,2049.93549236655
32.883,2049.26446695023
32.884,2047.10705418557
32.8850000000002,2043.39635401788
32.8860000000002,2036.98524186053
32.8870000000002,2028.22434449712
32.8880000000001,2019.20252821822
32.8890000000001,2010.77961964642
32.8900000000001,2003.78177731986
32.8910000000001,1998.88517144342
32.8920000000001,1995.2215079542
32.893,1993.04671348688
32.894,1993.76149802415
32.8950000000002,1997.13651853297
32.8960000000002,2002.63503922599
32.8970000000002,2009.4929508341
32.8980000000001,2015.46173851873
32.8990000000001,2019.88398728209
32.9000000000001,2023.6504687167
32.9010000000001,2026.55292482401
32.902,2028.57161984342
32.903,2029.84762872413
32.9040000000002,2029.24568700669
32.9050000000002,2027.35082182021
32.9060000000002,2025.99729941936
32.9070000000002,2025.66922973322
32.9080000000001,2026.64962491067
32.9090000000001,2028.97684923331
32.9100000000001,2031.07336746907
32.9110000000001,2032.90403400234
32.912,2035.37256553017
32.913,2038.11611433467
32.9140000000002,2040.72349733433
32.9150000000002,2042.80068864584
32.9160000000002,2042.64490671614
32.9170000000001,2040.5410477865
32.9180000000001,2037.86146969765
32.9190000000001,2034.95774406749
32.9200000000001,2032.23098867124
32.921,2030.08032088743
32.922,2027.44139234769
32.923,2025.12289470551
32.9240000000002,2024.61618205551
32.9250000000002,2026.13561046348
32.9260000000002,2029.67953754344
32.9270000000001,2035.04607921945
32.9280000000001,2040.4383803541
32.9290000000001,2046.01986335159
32.9300000000001,2052.62608540061
32.931,2060.02517392996
32.932,2067.96897127977
32.9330000000002,2076.20211412048
32.9340000000002,2082.99390861058
32.9350000000002,2088.76827897117
32.9360000000001,2094.53028033901
32.9370000000001,2100.21154242944
32.9380000000001,2105.65150013015
32.9390000000001,2110.60678669407
32.9400000000001,2113.29359809545
32.941,2114.21736780586
32.942,2114.43849671026
32.9430000000002,2114.14783131739
32.9440000000002,2113.65806431497
32.9450000000002,2113.41365826191
32.9460000000001,2112.46041199767
32.9470000000001,2112.27028726833
32.9480000000001,2114.64672588054
32.9490000000001,2120.29229594986
32.95,2129.6040187697
32.951,2142.5758169245
32.9520000000002,2157.2043173966
32.9530000000002,2173.48274025713
32.9540000000002,2191.27165950097
32.9550000000002,2209.21749873122
32.9560000000001,2225.76430776489
32.9570000000001,2239.32032569797
32.9580000000001,2246.84218824742
32.9590000000001,2248.18948184656
32.96,2243.83081200893
32.961,2233.84749360787
32.9620000000002,2218.77459810581
32.9630000000002,2199.52928484842
32.9640000000002,2175.61731315817
32.9650000000001,2149.43047539974
32.9660000000001,2123.40843656294
32.9670000000001,2098.9263490081
32.9680000000001,2076.99377494657
32.9690000000001,2058.16743036116
32.97,2040.59200108499
32.971,2025.17317623871
32.9720000000002,2012.62242017871
32.9730000000002,2002.57799474052
32.9740000000002,1994.57016674831
32.9750000000001,1988.08112871392
32.9760000000001,1980.23378973551
32.9770000000001,1972.02293169153
32.9780000000001,1964.72598108646
32.979,1958.7821003154
32.98,1954.64188907169
32.9810000000002,1952.60711972961
32.9820000000002,1950.10229254673
32.9830000000002,1948.42358690586
32.9840000000002,1948.67695032652
32.9850000000001,1950.78750251768
32.9860000000001,1954.47114723089
32.9870000000001,1959.21880928041
32.9880000000001,1962.31333751861
32.989,1964.36058179153
32.99,1965.63029198563
32.9910000000002,1965.70264865884
32.9920000000002,1964.30603644975
32.9930000000002,1961.37643266973
32.9940000000001,1955.96450802793
32.9950000000001,1949.57942912341
32.9960000000001,1943.06652023421
32.9970000000001,1936.66121359431
32.998,1930.44277365548
32.999,1924.38400713187
33,1917.59910300104
33.0010000000002,1911.18545471532
33.0020000000002,1905.43377594026
33.0030000000002,1900.26025812182
33.0040000000001,1895.69702494118
33.0050000000001,1891.99494141686
33.0060000000001,1888.59506940081
33.0070000000001,1887.38648685961
33.008,1889.30843950997
33.009,1894.52638930148
33.0100000000002,1902.71725491414
33.0110000000002,1913.06382386114
33.0120000000002,1922.60391182231
33.0130000000001,1931.60699598847
33.0140000000001,1939.53821845131
33.0150000000001,1945.65039931981
33.0160000000001,1949.75342318247
33.0170000000001,1952.37229399185
33.018,1952.6008840688
33.019,1954.32415238276
33.0200000000002,1960.83286885029
33.0210000000002,1974.90869731292
33.0220000000002,1999.03481229974
33.0230000000001,2035.08401173068
33.0240000000001,2082.00095474641
33.0250000000001,2141.96920856613
33.0260000000001,2215.30014093615
33.027,2301.19330774577
33.028,2398.48450937374
33.0290000000002,2505.86410103498
33.0300000000002,2619.99949093782
33.0310000000002,2741.4953163989
33.0320000000002,2869.66131824143
33.0330000000001,3002.89906806148
33.0340000000001,3138.76785521714
33.0350000000001,3273.61099502482
33.0360000000001,3400.23636079807
33.037,3513.91571028925
33.038,3607.31527175089
33.0390000000002,3671.74052151906
33.0400000000002,3698.24645403186
33.0410000000002,3678.5530642755
33.0420000000001,3603.97344531391
33.0430000000001,3472.67584961178
33.0440000000001,3285.03744034379
33.0450000000001,3045.04188806993
33.046,2760.65023619451
33.047,2443.29727047232
33.048,2104.78452984905
33.0490000000002,1762.35311606522
33.0500000000002,1431.46933718024
33.0510000000002,1125.40001457256
33.0520000000001,854.291723510127
33.0530000000001,624.378427818674
33.0540000000001,435.631005163773
33.0550000000001,288.732282093826
33.056,180.158590980165
33.057,104.717134843172
33.0580000000002,57.2288018766296
33.0590000000002,33.7196641685709
33.0600000000002,30.0049051768822
33.0610000000001,48.5425924699043
33.0620000000001,91.9686354063493
33.0630000000001,163.536720472686
33.0640000000001,266.149316170289
33.0650000000001,401.093538786853
33.066,564.802414406475
33.067,755.126778514549
33.0680000000002,965.126527174469
33.0690000000002,1185.19538036933
33.0700000000002,1404.36415546707
33.0710000000001,1611.61758326877
33.0720000000001,1794.93880680188
33.0730000000001,1949.35775271804
33.0740000000001,2071.07400840195
33.075,2159.23982523533
33.076,2215.79388662395
33.0770000000002,2244.74025204542
33.0780000000002,2248.94096704684
33.0790000000002,2236.39538096604
33.0800000000002,2212.72600501821
33.0810000000001,2182.53434827214
33.0820000000001,2149.37108707146
33.0830000000001,2115.78425550218
33.0840000000001,2081.10575392779
33.085,2049.25690619838
33.086,2021.68825171635
33.0870000000002,1999.51645132919
33.0880000000002,1983.62177906206
33.0890000000002,1974.52775933757
33.0900000000001,1969.5596855495
33.0910000000001,1971.31230678589
33.0920000000001,1979.10853175478
33.0930000000001,1991.62508446594
33.0940000000001,2007.18054443597
33.095,2023.96891810776
33.096,2037.21651689765
33.0970000000002,2049.35115951408
33.0980000000002,2059.7781190361
33.0990000000002,2068.15750382126
33.1000000000001,2074.45121775263
33.1010000000001,2078.83910901182
33.1020000000001,2078.30842445725
33.1030000000001,2077.34096180551
33.104,2076.42093364291
33.105,2075.7395000812
33.1060000000002,2075.28307843019
33.1070000000002,2074.88210790639
33.1080000000002,2071.71956585293
33.1090000000002,2068.8711680333
33.1100000000001,2066.64898849323
33.1110000000001,2065.32360906916
33.1120000000001,2065.09237010848
33.1130000000001,2065.97963062898
33.114,2066.04586514759
33.115,2066.96327386134
33.1160000000002,2068.98659786215
33.1170000000002,2072.35533320321
33.1180000000002,2077.20047726389
33.1190000000001,2083.38066769291
33.1200000000001,2088.93632305265
33.1210000000001,2094.74901241957
33.1220000000001,2100.67269766421
33.123,2106.56795349375
33.124,2112.24227564229
33.125,2117.2911791841
33.1260000000002,2119.53336896064
33.1270000000002,2120.23965833129
33.1280000000002,2119.54650275958
33.1290000000001,2117.7724872323
33.1300000000001,2115.3460718136
33.1310000000001,2112.52325148083
33.1320000000001,2107.51600260432
33.133,2103.17796448116
33.134,2100.14903676743
33.1350000000002,2098.96316490472
33.1360000000002,2100.00894851819
33.1370000000002,2103.22606656447
33.1380000000001,2106.26385176148
33.1390000000001,2111.84033403043
33.1400000000001,2119.87360437273
33.1410000000001,2130.02159006338
33.1420000000001,2141.70576672367
33.143,2153.85357704184
33.144,2163.32252060191
33.1450000000002,2172.04090422466
33.1460000000002,2179.54914503514
33.1470000000002,2185.50269369486
33.1480000000001,2189.71668328259
33.1490000000001,2191.84357891313
33.1500000000001,2189.87556772958
33.1510000000001,2186.83689643937
33.152,2183.47931741875
33.153,2180.50521122669
33.1540000000002,2178.45856160177
33.1550000000002,2177.25870052543
33.1560000000002,2174.82234316287
33.1570000000002,2173.71829178082
33.1580000000001,2174.00421024251
33.1590000000001,2175.64457371646
33.1600000000001,2178.57817234535
33.1610000000001,2182.33404802844
33.162,2184.85333303574
33.163,2188.9615409394
33.1640000000002,2195.104532014
33.1650000000002,2203.60120455761
33.1660000000002,2214.53360510108
33.1670000000001,2227.19038951679
33.1680000000001,2239.00839440541
33.1690000000001,2251.87717835492
33.1700000000001,2265.17980349724
33.171,2278.23571190947
33.172,2290.42570703998
33.173,2300.78003851004
33.1740000000002,2307.17029261443
33.1750000000002,2312.36893299273
33.1760000000002,2317.06038637024
33.1770000000001,2321.99835120543
33.1780000000001,2327.83622245095
33.1790000000001,2334.40435601736
33.1800000000001,2339.89273587928
33.181,2346.65190475129
33.182,2354.42007116377
33.1830000000002,2362.6799613713
33.1840000000002,2370.78065015098
33.1850000000002,2377.46563842135
33.1860000000001,2380.46283344218
33.1870000000001,2382.16011092889
33.1880000000001,2382.94063294348
33.1890000000001,2383.37086056612
33.1900000000001,2384.08638009312
33.191,2385.00621471558
33.192,2384.84716252131
33.1930000000002,2386.41253101759
33.1940000000002,2390.00995649551
33.1950000000002,2395.66456987955
33.1960000000001,2403.15039106554
33.1970000000001,2411.34931660087
33.1980000000001,2418.12167771326
33.1990000000001,2425.5820201133
33.2,2433.68771962796
33.201,2442.43360285126
33.2020000000002,2451.81147397672
33.2030000000002,2461.00015612861
33.2040000000002,2468.29285616495
33.2050000000002,2476.09135606176
33.2060000000001,2484.499492505
33.2070000000001,2493.51733575969
33.2080000000001,2503.04125022315
33.2090000000001,2512.05970259316
33.21,2518.82288414492
33.211,2525.69621837302
33.2120000000002,2532.82129410738
33.2130000000002,2540.28554529996
33.2140000000002,2548.07896791207
33.2150000000001,2555.18549876959
33.2160000000001,2559.89360292267
33.2170000000001,2564.49472936514
33.2180000000001,2569.03789207614
33.2190000000001,2573.5317078686
33.22,2577.9506066854
33.221,2581.30339211481
33.2220000000002,2582.14239667559
33.2230000000002,2583.08583731988
33.2240000000002,2584.57939991279
33.2250000000001,2587.01639323302
33.2260000000001,2590.65839594752
33.2270000000001,2594.57049432904
33.2280000000001,2597.28926864948
33.229,2601.1229780347
33.23,2606.04114900249
33.2310000000002,2611.86360745307
33.2320000000002,2618.2748028312
33.2330000000002,2623.78926080815
33.2340000000002,2626.70661113819
33.2350000000001,2629.1969547569
33.2360000000001,2631.28351003757
33.2370000000001,2633.00040714557
33.2380000000001,2634.36118588006
33.239,2634.22272559165
33.24,2631.40220009585
33.2410000000002,2628.44277938333
33.2420000000002,2625.74763265478
33.2430000000002,2623.70964294654
33.2440000000001,2622.68556924679
33.2450000000001,2621.81106588489
33.2460000000001,2620.30338095878
33.2470000000001,2620.86153339084
33.248,2623.93613308793
33.249,2629.76903700112
33.25,2638.33243930453
33.2510000000002,2648.09334565533
33.2520000000002,2657.55089801634
33.2530000000002,2668.42225936843
33.2540000000001,2680.21111499709
33.2550000000001,2692.3366440066
33.2560000000001,2704.19801612075
33.2570000000001,2713.97232534627
33.258,2720.41476160902
33.259,2725.78465208571
33.2600000000002,2730.45893504916
33.2610000000002,2734.92113562132
33.2620000000002,2739.67637347666
33.2630000000001,2743.82253240418
33.2640000000001,2746.96267233275
33.2650000000001,2751.81427124285
33.2660000000001,2758.8675376493
33.2670000000001,2768.39468763051
33.268,2780.42787746602
33.269,2793.36438722941
33.2700000000002,2806.19784677073
33.2710000000002,2820.8944368448
33.2720000000002,2837.2901163068
33.2730000000001,2855.11291159535
33.2740000000001,2873.98002481661
33.2750000000001,2891.95371625541
33.2760000000001,2907.97148546327
33.277,2923.86381356801
33.278,2939.43193192483
33.2790000000002,2954.42137293606
33.2800000000002,2968.52205601659
33.2810000000002,2979.87755681529
33.2820000000002,2987.75500431866
33.2830000000001,2994.27828966979
33.2840000000001,2999.67178414705
33.2850000000001,3004.18871856297
33.2860000000001,3008.07718780043
33.287,3009.96895629789
33.288,3009.71302667717
33.2890000000002,3009.7604367746
33.2900000000002,3010.4864306108
33.2910000000002,3012.04848801512
33.2920000000001,3014.3442864933
33.2930000000001,3015.37660186688
33.2940000000001,3014.39904173717
33.2950000000001,3013.10864420727
33.296,3011.27271776091
33.297,3008.68011383637
33.298,3005.18977325412
33.2990000000002,2999.0754327885
33.3000000000002,2990.34969911519
33.3010000000002,2981.5364283377
33.3020000000001,2973.33834850801
33.3030000000001,2966.37351805887
33.3040000000001,2961.07121319528
33.3050000000001,2955.87284522347
33.306,2950.72896803723
33.307,2947.62126444479
33.3080000000002,2946.57285716126
33.3090000000002,2947.49607373599
33.3100000000002,2950.24931182593
33.3110000000001,2952.89903447836
33.3120000000001,2955.47966435969
33.3130000000001,2960.14502225965
33.3140000000001,2967.24444683248
33.3150000000001,2976.95863692247
33.316,2989.18519335478
33.317,3001.60712424361
33.3180000000002,3013.68027314417
33.3190000000002,3026.50942541683
33.3200000000002,3039.25365555135
33.3210000000001,3050.96727681869
33.3220000000001,3060.72877175099
33.3230000000001,3065.83703474495
33.3240000000001,3066.16998890516
33.325,3063.73070218642
33.326,3059.08810445655
33.3270000000002,3052.96796090214
33.3280000000002,3046.11583366185
33.3290000000002,3037.17522066967
33.3300000000002,3027.11237822182
33.3310000000001,3018.32851903567
33.3320000000001,3011.31297850604
33.3330000000001,3006.31923166531
33.3340000000001,3003.40333539645
33.335,3000.41308577086
33.336,2997.83900739975
33.3370000000002,2997.6071994349
33.3380000000002,2999.91453063254
33.3390000000002,3004.80902762919
33.3400000000001,3012.12684553198
33.3410000000001,3019.31970746471
33.3420000000001,3026.52967271007
33.3430000000001,3034.99997236465
33.3440000000001,3044.19670326979
33.345,3053.49477937465
33.346,3062.26830087254
33.3470000000002,3067.78719221327
33.3480000000002,3070.59287499188
33.3490000000002,3072.52847400446
33.3500000000001,3073.96842669665
33.3510000000001,3075.29388822316
33.3520000000001,3076.7971486634
33.3530000000001,3076.36355149125
33.354,3074.96778782133
33.355,3074.35087750136
33.3560000000002,3074.53427488617
33.3570000000002,3075.37373613199
33.3580000000002,3076.61989236849
33.3590000000002,3075.69583992406
33.3600000000001,3073.48612752476
33.3610000000001,3071.71373929242
33.3620000000001,3070.62653684788
33.3630000000001,3070.3920756778
33.364,3071.03709379452
33.365,3070.09509144939
33.3660000000002,3068.49670518482
33.3670000000002,3067.67143837253
33.3680000000002,3067.54474182565
33.3690000000001,3067.97837095715
33.3700000000001,3068.82669376584
33.3710000000001,3067.6137777953
33.3720000000001,3065.67097210278
33.373,3064.86667821667
33.374,3065.69711417688
33.375,3068.52063091492
33.3760000000002,3073.45766665031
33.3770000000002,3077.86678640441
33.3780000000002,3082.75357553013
33.3790000000001,3089.17031124529
33.3800000000001,3096.63028670662
33.3810000000001,3104.49438366825
33.3820000000001,3112.06649036328
33.383,3116.12968374303
33.384,3117.79856677365
33.3850000000002,3118.49818939794
33.3860000000002,3118.48004544858
33.3870000000002,3118.02391804154
33.3880000000001,3117.34740898327
33.3890000000001,3113.92246951585
33.3900000000001,3109.41770789312
33.3910000000001,3105.31952672337
33.3920000000001,3101.710494251
33.393,3098.51868057481
33.394,3095.56376786226
33.3950000000002,3089.96499450878
33.3960000000002,3083.35468117166
33.3970000000002,3077.23537828388
33.3980000000001,3071.94283353984
33.3990000000001,3067.74338550568
33.4000000000001,3064.76472878524
33.4010000000001,3060.24530723696
33.402,3055.91327112593
33.403,3052.98742642549
33.4040000000002,3051.4174441979
33.4050000000002,3051.02421540033
33.4060000000002,3051.53894525361
33.4070000000002,3049.92897978526
33.4080000000001,3047.96862305397
33.4090000000001,3046.88670791073
33.4100000000001,3046.80651544429
33.4110000000001,3047.74240321772
33.412,3049.55413078624
33.413,3049.20444474278
33.4140000000002,3048.42244475963
33.4150000000002,3048.08620325705
33.4160000000002,3047.98367747393
33.4170000000001,3047.85043489508
33.4180000000001,3047.42850089341
33.4190000000001,3043.77437185622
33.4200000000001,3039.0892459914
33.421,3034.76433972545
33.422,3031.27493693797
33.423,3029.03254238381
33.4240000000002,3028.31440924143
33.4250000000002,3026.46093152419
33.4260000000002,3025.7570774789
33.4270000000001,3027.21910595295
33.4280000000001,3030.78399848324
33.4290000000001,3036.21228925009
33.4300000000001,3043.14702890276
33.431,3048.39777429017
33.432,3054.05295862862
33.4330000000002,3060.99449880371
33.4340000000002,3069.26626480922
33.4350000000002,3078.83850563182
33.4360000000001,3089.56228990217
33.4370000000001,3098.30275803242
33.4380000000001,3107.19914002287
33.4390000000001,3116.83090108834
33.4400000000001,3126.83381468404
33.441,3136.69601966878
33.442,3145.82508955887
33.4430000000002,3150.75966142318
33.4440000000002,3153.72979216316
33.4450000000002,3155.53847741036
33.4460000000001,3156.40727223302
33.4470000000001,3156.66666588991
33.4480000000001,3156.71435479228
33.4490000000001,3154.05106967787
33.45,3151.83198768379
33.451,3151.30808023864
33.4520000000002,3152.77297031493
33.4530000000002,3156.14787899723
33.4540000000002,3160.96306940234
33.4550000000002,3163.44504633576
33.4560000000001,3165.42517730898
33.4570000000001,3166.69219670022
33.4580000000001,3166.35643975993
33.4590000000001,3163.57300454647
33.46,3157.6597586493
33.461,3145.17689120795
33.4620000000002,3129.05367140114
33.4630000000002,3110.50453414392
33.4640000000002,3090.4046448909
33.4650000000001,3069.72558992623
33.4660000000001,3049.40615345431
33.4670000000001,3026.95155668582
33.4680000000001,3006.18979255494
33.4690000000001,2988.42126718036
33.47,2974.03805206422
33.471,2963.00254104978
33.4720000000002,2954.84905183058
33.4730000000002,2944.98823370557
33.4740000000002,2936.04224407052
33.4750000000001,2928.06662177943
33.4760000000001,2920.62788825127
33.4770000000001,2913.33182810268
33.4780000000001,2905.80941917335
33.479,2893.77685829246
33.48,2880.81468113154
33.4810000000002,2867.87394549864
33.4820000000002,2855.51166557816
33.4830000000002,2844.2622330896
33.4840000000002,2834.53921414129
33.4850000000001,2822.62451319709
33.4860000000001,2812.51517940215
33.4870000000001,2805.1309167269
33.4880000000001,2800.77028442578
33.489,2799.42519601403
33.49,2800.71774245264
33.4910000000002,2800.83411166519
33.4920000000002,2802.11066791899
33.4930000000002,2803.92921951723
33.4940000000001,2805.31458928736
33.4950000000001,2805.41993087418
33.4960000000001,2803.71444613697
33.4970000000001,2798.29924023944
33.498,2791.9700416396
33.499,2785.3047746207
33.5,2778.6290122974
33.5010000000002,2772.13028908021
33.5020000000002,2765.8676996999
33.5030000000002,2758.07913150383
33.5040000000001,2751.26686180384
33.5050000000001,2745.40414994543
33.5060000000001,2740.27753721301
33.5070000000001,2735.79844184056
33.508,2732.13654875722
33.509,2726.92812839278
33.5100000000002,2724.26125178788
33.5110000000002,2725.04255868497
33.5120000000002,2729.61505539734
33.5130000000001,2737.69766293796
33.5140000000001,2748.35386472026
33.5150000000001,2756.67027484367
33.5160000000001,2765.22394943254
33.5170000000001,2773.43681669241
33.518,2781.49291005511
33.519,2790.78459977874
33.5200000000002,2804.01596449071
33.5210000000002,2821.45334413916
33.5220000000002,2851.56624453823
33.5230000000001,2898.78010966151
33.5240000000001,2966.12196807118
33.5250000000001,3054.38386498959
33.5260000000001,3161.53074298099
33.527,3279.57465509928
33.528,3405.26880909416
33.5290000000002,3530.57926593408
33.5300000000002,3647.37256695091
33.5310000000002,3748.82373329856
33.5320000000002,3830.471516796
33.5330000000001,3888.07679927877
33.5340000000001,3927.29301760253
33.5350000000001,3952.91964767624
33.5360000000001,3970.90185715978
33.537,3986.80510802862
33.538,4004.1300550796
33.5390000000002,4020.46319143392
33.5400000000002,4036.34616706981
33.5410000000002,4045.45519442758
33.5420000000001,4038.6147298439
33.5430000000001,4005.18019733664
33.5440000000001,3934.49495284758
33.5450000000001,3815.12273143645
33.546,3645.20721864805
33.547,3423.78123818489
33.548,3154.12424000481
33.5490000000002,2843.49218571087
33.5500000000002,2502.15580812061
33.5510000000002,2140.25147852189
33.5520000000001,1775.28958541467
33.5530000000001,1421.97884857704
33.5540000000001,1094.4038508169
33.5550000000001,805.400813652706
33.556,565.772310909361
33.557,381.902484362699
33.5580000000002,263.604521879021
33.5590000000002,214.770125426855
33.5600000000002,235.98814531815
33.5610000000001,324.349428542979
33.5620000000001,473.107604334625
33.5630000000001,670.188952159017
33.5640000000001,906.632477341964
33.5650000000001,1168.78326838441
33.566,1442.25647146599
33.567,1713.13375069789
33.5680000000002,1968.6935731472
33.5690000000002,2196.72007547899
33.5700000000002,2393.55224852078
33.5710000000001,2555.7728404209
33.5720000000001,2682.75872378034
33.5730000000001,2776.15448832821
33.5740000000001,2838.74434623835
33.575,2872.33823656811
33.576,2884.39168674801
33.5770000000002,2879.26092062588
33.5780000000002,2860.72528975824
33.5790000000002,2831.95811935421
33.5800000000002,2795.15796892311
33.5810000000001,2750.52510717464
33.5820000000001,2703.46313813775
33.5830000000001,2656.4885298697
33.5840000000001,2611.99998688265
33.585,2572.21373447328
33.586,2538.47068591187
33.5870000000002,2510.05197285542
33.5880000000002,2491.10182689751
33.5890000000002,2481.98788844156
33.5900000000001,2482.22568149999
33.5910000000001,2490.58283054353
33.5920000000001,2504.57408421706
33.5930000000001,2519.85105254457
33.5940000000001,2537.77832938392
33.595,2556.30023071023
33.596,2573.44372180899
33.5970000000002,2587.54431621346
33.5980000000002,2596.65779432286
33.5990000000002,2598.04656595489
33.6000000000001,2595.38261851908
33.6010000000001,2589.26008952976
33.6020000000001,2580.4567498053
33.6030000000001,2569.87281588939
33.604,2557.64974190572
33.605,2542.70581184786
33.6060000000002,2529.42214966745
33.6070000000002,2518.47959651092
33.6080000000002,2510.09502256992
33.6090000000002,2504.10123966663
33.6100000000001,2499.38344361315
33.6110000000001,2493.71668750638
33.6120000000001,2489.2265631714
33.6130000000001,2485.62466413268
33.614,2482.62395044531
33.615,2479.96942157817
33.6160000000002,2476.99265082676
33.6170000000002,2472.23890372165
33.6180000000002,2467.25713824858
33.6190000000001,2462.505873168
33.6200000000001,2458.48705065678
33.6210000000001,2455.59661132864
33.6220000000001,2453.54273073524
33.623,2451.01158873136
33.624,2449.24230449199
33.625,2448.2916992947
33.6260000000002,2448.18905189791
33.6270000000002,2448.89547847522
33.6280000000002,2449.55613513749
33.6290000000001,2448.62946267988
33.6300000000001,2448.1374126523
33.6310000000001,2448.12693330851
33.6320000000001,2448.61758222974
33.633,2449.59993248865
33.634,2450.1266935777
33.6350000000002,2448.80807140879
33.6360000000002,2448.23908701193
33.6370000000002,2448.46457727564
33.6380000000001,2449.35504639336
33.6390000000001,2450.63980308982
33.6400000000001,2451.01470610124
33.6410000000001,2448.88983608231
33.6420000000001,2446.59499819973
33.643,2444.12007244169
33.644,2441.46716844299
33.6450000000002,2438.68779004568
33.6460000000002,2434.96741089334
33.6470000000002,2429.42393363719
33.6480000000001,2424.81819178698
33.6490000000001,2421.71332288855
33.6500000000001,2420.54147055712
33.6510000000001,2421.54869706178
33.652,2423.78402353864
33.653,2426.04366170056
33.6540000000002,2430.31773359529
33.6550000000002,2436.25401727019
33.6560000000002,2443.26710001299
33.6570000000002,2450.61067586791
33.6580000000001,2456.43616232138
33.6590000000001,2459.07181021407
33.6600000000001,2460.32922390565
33.6610000000001,2460.07903899016
33.662,2458.36562549907
33.663,2455.42073104396
33.6640000000002,2450.57329477045
33.6650000000002,2443.53687061801
33.6660000000002,2437.24761534942
33.6670000000001,2432.48604772961
33.6680000000001,2429.78688824776
33.6690000000001,2429.36883063559
33.6700000000001,2430.00962310424
33.671,2430.56447576156
33.672,2432.67186357272
33.673,2435.81585628959
33.6740000000002,2439.37561694841
33.6750000000002,2442.73861028122
33.6760000000002,2444.2674075698
33.6770000000001,2443.02169435472
33.6780000000001,2441.12625185868
33.6790000000001,2438.93005440498
33.6800000000001,2436.82170734178
33.681,2435.15278972458
33.682,2433.0130460652
33.6830000000002,2429.9941819913
33.6840000000002,2428.21583820248
33.6850000000002,2427.76487816528
33.6860000000001,2428.54581159012
33.6870000000001,2430.33841381003
33.6880000000001,2431.67450571911
33.6890000000001,2431.86720197958
33.6900000000001,2432.80053735764
33.691,2434.5614722962
33.692,2437.17568552357
33.6930000000002,2440.57180431895
33.6940000000002,2443.32966740687
33.6950000000002,2444.80477720978
33.6960000000001,2446.61509675596
33.6970000000001,2448.50381583478
33.6980000000001,2450.10858487329
33.6990000000001,2451.03570383239
33.7,2449.68572482432
33.701,2445.61972249109
33.7020000000002,2440.79582829533
33.7030000000002,2435.59803920365
33.7040000000002,2430.46891781541
33.7050000000002,2425.8560929995
33.7060000000001,2420.85829526143
33.7070000000001,2415.6252115426
33.7080000000001,2412.25292060047
33.7090000000001,2410.95681694856
33.71,2411.6853131003
33.711,2414.14520362282
33.7120000000002,2416.51624045345
33.7130000000002,2418.15664368228
33.7140000000002,2420.38739010733
33.7150000000001,2422.90771697466
33.7160000000001,2425.4246722395
33.7170000000001,2427.68397516804
33.7180000000001,2428.08309436091
33.7190000000001,2426.53020160608
33.72,2424.90693827328
33.721,2423.49971422563
33.7220000000002,2422.53511430325
33.7230000000002,2422.14551085065
33.7240000000002,2420.89765377087
33.7250000000001,2418.8068095143
33.7260000000001,2417.54732752801
33.7270000000001,2417.08918754035
33.7280000000001,2417.24400977354
33.729,2417.6944889749
33.73,2416.55569793691
33.7310000000002,2413.60483845796
33.7320000000002,2410.28384207231
33.7330000000002,2406.54669901035
33.7340000000002,2402.3549777519
33.7350000000001,2397.68285863418
33.7360000000001,2390.99586658932
33.7370000000001,2382.60590312376
33.7380000000001,2374.34821420171
33.739,2366.55652688424
33.74,2359.48424308246
33.7410000000002,2353.2866483871
33.7420000000002,2346.46855465162
33.7430000000002,2339.36704238087
33.7440000000001,2333.56032391176
33.7450000000001,2329.07124581722
33.7460000000001,2325.75517948168
33.7470000000001,2323.31807866187
33.748,2319.78823830665
33.749,2315.19275530434
33.75,2310.7568048378
33.7510000000002,2306.36200941341
33.7520000000002,2301.91877619461
33.7530000000002,2297.39382612855
33.7540000000001,2291.23321122002
33.7550000000001,2284.11995604473
33.7560000000001,2277.81234653668
33.7570000000001,2272.70154972444
33.758,2269.04513072943
33.759,2266.93309784312
33.7600000000002,2264.6694762065
33.7610000000002,2262.69721518659
33.7620000000002,2262.24527969765
33.7630000000001,2263.18791415708
33.7640000000001,2265.3436656127
33.7650000000001,2268.53692082437
33.7660000000001,2271.01766652227
33.7670000000001,2273.48687865992
33.768,2277.44507121723
33.769,2283.14074963253
33.7700000000002,2290.68301881612
33.7710000000002,2299.98453966863
33.7720000000002,2309.08004851828
33.7730000000001,2318.26813668423
33.7740000000001,2328.27455127474
33.7750000000001,2338.50304155738
33.7760000000001,2348.26081398683
33.777,2356.86903842228
33.778,2362.09164090605
33.7790000000002,2364.502195922
33.7800000000002,2365.39362589717
33.7810000000002,2365.12789509684
33.7820000000002,2364.17494424322
33.7830000000001,2363.03879423213
33.7840000000001,2360.47371470259
33.7850000000001,2357.81154035517
33.7860000000001,2356.53048470196
33.787,2356.75519195643
33.788,2358.2991727617
33.7890000000002,2360.71030834453
33.7900000000002,2361.63749863047
33.7910000000002,2361.44739664377
33.7920000000001,2360.72895572169
33.7930000000001,2359.10369495546
33.7940000000001,2356.28675640993
33.7950000000001,2352.13231839849
33.796,2344.92766192965
33.797,2335.97602453244
33.798,2326.74700485043
33.7990000000002,2317.71751261259
33.8000000000002,2309.24965441089
33.8010000000002,2301.5471027231
33.8020000000001,2292.90588835536
33.8030000000001,2284.39586069132
33.8040000000001,2276.90304000572
33.8050000000001,2270.24907891571
33.806,2264.13821283101
33.807,2258.22620388118
33.8080000000002,2250.43582063827
33.8090000000002,2241.78371386535
33.8100000000002,2233.22055904467
33.8110000000001,2224.86054174466
33.8120000000001,2216.80152888528
33.8130000000001,2209.10074872783
33.8140000000001,2199.9845703695
33.8150000000001,2190.72537314102
33.816,2182.26605266225
33.817,2174.62219012125
33.8180000000002,2167.70525131742
33.8190000000002,2161.3606864596
33.8200000000002,2153.62538681433
33.8210000000001,2145.73499470303
33.8220000000001,2138.58119037891
33.8230000000001,2132.255975256
33.8240000000001,2126.78915132351
33.825,2122.1339998569
33.826,2116.34893917242
33.8270000000002,2110.70267440239
33.8280000000002,2105.90660760401
33.8290000000002,2101.83841801661
33.8300000000002,2098.28841008492
33.8310000000001,2095.00222068069
33.8320000000001,2089.89336079271
33.8330000000001,2084.30592391482
33.8340000000001,2079.01255215146
33.835,2074.08157644548
33.836,2069.54363028287
33.8370000000002,2065.38018413769
33.8380000000002,2059.65995521313
33.8390000000002,2053.89444994032
33.8400000000001,2048.75803588487
33.8410000000001,2044.13572754231
33.8420000000001,2039.79461932741
33.8430000000001,2035.43189999561
33.8440000000001,2028.84531261176
33.845,2021.48388054106
33.846,2013.98461773154
33.8470000000002,2006.38158274618
33.8480000000002,1998.72299590846
33.8490000000002,1991.07673877452
33.8500000000001,1981.61289901891
33.8510000000001,1972.2218405338
33.8520000000001,1963.77904182432
33.8530000000001,1956.46220273083
33.854,1950.31265752093
33.855,1945.24763305073
33.8560000000002,1939.17579906783
33.8570000000002,1933.70812955992
33.8580000000002,1929.32105635092
33.8590000000002,1925.88082449853
33.8600000000001,1923.2082283065
33.8610000000001,1921.1191950713
33.8620000000001,1917.55856218723
33.8630000000001,1914.28652111167
33.864,1911.90020760545
33.865,1910.43456801187
33.8660000000002,1909.82399057625
33.8670000000002,1909.90034101231
33.8680000000002,1908.50265132445
33.8690000000001,1907.22960294755
33.8700000000001,1906.37150547943
33.8710000000001,1905.69985887562
33.8720000000001,1904.95415046733
33.873,1903.89706642368
33.874,1900.44607156619
33.875,1896.49426132255
33.8760000000002,1892.67775898878
33.8770000000002,1889.22015898714
33.8780000000002,1886.29148275916
33.8790000000001,1883.97214015736
33.8800000000001,1880.30082622169
33.8810000000001,1877.11334960455
33.8820000000001,1874.68851182049
33.883,1872.75717209965
33.884,1870.90242021022
33.8850000000002,1868.62453294668
33.8860000000002,1863.49312377161
33.8870000000002,1857.1098906499
33.8880000000001,1849.70115728626
33.8890000000001,1841.26185576975
33.8900000000001,1831.89126710435
33.8910000000001,1821.79465471691
33.8920000000001,1809.31686057566
33.893,1796.92135611383
33.894,1785.51112990528
33.8950000000002,1775.61141303921
33.8960000000002,1767.60797990854
33.8970000000002,1761.71410622425
33.8980000000001,1755.98318779574
33.8990000000001,1752.40051828892
33.9000000000001,1751.11024340282
33.9010000000001,1751.78981508028
33.902,1753.93565839603
33.903,1756.91434155559
33.9040000000002,1758.09923941849
33.9050000000002,1758.93436278201
33.9060000000002,1759.19011809524
33.9070000000002,1758.46104052896
33.9080000000001,1756.41737100325
33.9090000000001,1752.83832363085
33.9100000000001,1745.79939419412
33.9110000000001,1737.45010169655
33.912,1728.29779992305
33.913,1718.69801500379
33.9140000000002,1709.00052947005
33.9150000000002,1699.52879546168
33.9160000000002,1688.76653240964
33.9170000000001,1679.03032689547
33.9180000000001,1670.7520132741
33.9190000000001,1664.05851918317
33.9200000000001,1658.91629298306
33.921,1655.15844807331
33.922,1650.73875463538
33.923,1647.47666151725
33.9240000000002,1645.32639141083
33.9250000000002,1644.09986760654
33.9260000000002,1643.61142527081
33.9270000000001,1643.70765472138
33.9280000000001,1642.49235198065
33.9290000000001,1642.05073661306
33.9300000000001,1642.53997675988
33.931,1643.93312301559
33.932,1646.07243925524
33.9330000000002,1648.66796128867
33.9340000000002,1649.57274631684
33.9350000000002,1650.48141052255
33.9360000000001,1651.09995283707
33.9370000000001,1651.07792936286
33.9380000000001,1650.1433855137
33.9390000000001,1648.17965398533
33.9400000000001,1643.53843142848
33.941,1638.6755329524
33.942,1634.16155096194
33.9430000000002,1630.53658512867
33.9440000000002,1628.24956509601
33.9450000000002,1627.56286381853
33.9460000000001,1626.88823532109
33.9470000000001,1628.23053726282
33.9480000000001,1631.39574260126
33.9490000000001,1635.94214357157
33.95,1641.28272957186
33.951,1646.72284123507
33.9520000000002,1650.05498726543
33.9530000000002,1652.78182320631
33.9540000000002,1654.54431991796
33.9550000000002,1654.93565446623
33.9560000000001,1653.50583955965
33.9570000000001,1649.6865047823
33.9580000000001,1641.47207589359
33.9590000000001,1630.38737946289
33.96,1616.22248750466
33.961,1598.88089251039
33.9620000000002,1578.48624234654
33.9630000000002,1555.33682902408
33.9640000000002,1528.59229118337
33.9650000000001,1501.25362550616
33.9660000000001,1474.58428225127
33.9670000000001,1449.74810303967
33.9680000000001,1427.66525772954
33.9690000000001,1408.71986290051
33.97,1391.12349781501
33.971,1376.98607057602
33.9720000000002,1366.02827829364
33.9730000000002,1357.71890513506
33.9740000000002,1351.39730261776
33.9750000000001,1346.13950372251
33.9760000000001,1339.00658653792
33.9770000000001,1332.33590249491
33.9780000000001,1326.37087853605
33.979,1321.45851554449
33.98,1317.88521575939
33.9810000000002,1315.41195125623
33.9820000000002,1311.42207716751
33.9830000000002,1308.01614119481
33.9840000000002,1304.76307961429
33.9850000000001,1301.06318855544
33.9860000000001,1296.25411637137
33.9870000000001,1289.5112556536
33.9880000000001,1279.1214910135
33.989,1266.66299692759
33.99,1252.36416611313
33.9910000000002,1236.72612301863
33.9920000000002,1220.53778777612
33.9930000000002,1204.69097777765
33.9940000000001,1189.83371929084
33.9950000000001,1178.15550221006
33.9960000000001,1170.33066076772
33.9970000000001,1166.48991230306
33.998,1166.21672331702
33.999,1168.48556976061
34,1171.68560455679
34.0010000000002,1175.55959633051
34.0020000000002,1178.77562114366
34.0030000000002,1180.25088583128
34.0040000000001,1179.42050618756
34.0050000000001,1176.22804458669
34.0060000000001,1171.02742736012
34.0070000000001,1165.98106486028
34.008,1162.17344108402
34.009,1160.31119373195
34.0100000000002,1160.52619171739
34.0110000000002,1162.14961366502
34.0120000000002,1163.82049580705
34.0130000000001,1165.29328598092
34.0140000000001,1165.3433710008
34.0150000000001,1163.28433939275
34.0160000000001,1159.45390438468
34.0170000000001,1155.24879363051
34.018,1153.00108308462
34.019,1157.84404974099
34.0200000000002,1173.90041920565
34.0210000000002,1204.7459112339
34.0220000000002,1252.76122641057
34.0230000000001,1318.35821774382
34.0240000000001,1399.68552516926
34.0250000000001,1495.87674708408
34.0260000000001,1603.76245643958
34.027,1719.97443177991
34.028,1841.66234793998
34.0290000000002,1966.61662763903
34.0300000000002,2093.22545253374
34.0310000000002,2222.77913457601
34.0320000000002,2355.1592228617
34.0330000000001,2489.1103968198
34.0340000000001,2621.33265106361
34.0350000000001,2745.56718344591
34.0360000000001,2852.5613698629
34.037,2932.91441914208
34.038,2975.18929275509
34.0390000000002,2968.68224581648
34.0400000000002,2905.22714888892
34.0410000000002,2780.44745862687
34.0420000000001,2594.9092079062
34.0430000000001,2356.51721236954
34.0440000000001,2077.01376145627
34.0450000000001,1771.77575780427
34.046,1458.01512161971
34.047,1152.39106569816
34.048,869.275617085276
34.0490000000002,621.327830105197
34.0500000000002,415.696409278449
34.0510000000002,254.933789864041
34.0520000000001,137.477034515317
34.0530000000001,58.2085762853993
34.0540000000001,9.8479181156677
34.0550000000001,-13.9990614043934
34.056,-20.6157772694208
34.057,-16.4797445271321
34.0580000000002,-6.89330222857183
34.0590000000002,3.71617198795839
34.0600000000002,11.9829030316734
34.0610000000001,17.121133821916
34.0620000000001,18.1491601558377
34.0630000000001,14.7457574699098
34.0640000000001,7.24174451012906
34.0650000000001,-3.73315103411693
34.066,-16.8225906870215
34.067,-28.371711909773
34.0680000000002,-35.0434249099034
34.0690000000002,-33.1070818118741
34.0700000000002,-18.7782222699124
34.0710000000001,10.9369303546061
34.0720000000001,58.2288397147601
34.0730000000001,125.50657736187
34.0740000000001,212.662992147449
34.075,317.824024411552
34.076,437.38547533252
34.0770000000002,565.809602137854
34.0780000000002,696.565127672848
34.0790000000002,824.032198977318
34.0800000000002,941.780595598737
34.0810000000001,1044.10153974897
34.0820000000001,1126.56985071752
34.0830000000001,1185.9584514905
34.0840000000001,1221.10920383382
34.085,1234.20308091701
34.086,1228.04440810058
34.0870000000002,1206.59701476292
34.0880000000002,1174.4563064259
34.0890000000002,1135.64240963423
34.0900000000001,1094.14199237713
34.0910000000001,1054.81432609863
34.0920000000001,1020.17461958623
34.0930000000001,991.6406263732
34.0940000000001,969.707849031759
34.095,953.366489888809
34.096,941.911084426605
34.0970000000002,936.371438256038
34.0980000000002,936.027267618829
34.0990000000002,940.098559104358
34.1000000000001,947.815500827319
34.1010000000001,957.514751970686
34.1020000000001,968.316643619749
34.1030000000001,981.083164550097
34.104,994.804520116909
34.105,1008.28729714122
34.1060000000002,1020.34112790565
34.1070000000002,1029.38412250808
34.1080000000002,1034.57751132965
34.1090000000002,1036.75857433689
34.1100000000001,1036.25455054533
34.1110000000001,1033.6614805158
34.1120000000001,1029.7030561904
34.1130000000001,1024.73128446295
34.114,1019.00603717163
34.115,1013.47784652466
34.1160000000002,1008.55213049675
34.1170000000002,1004.44698405472
34.1180000000002,1001.18532657317
34.1190000000001,998.275261876634
34.1200000000001,995.176062924168
34.1210000000001,992.178448791386
34.1220000000001,989.330518371084
34.123,986.765792359333
34.124,984.638518520885
34.125,982.691137699583
34.1260000000002,980.678986502033
34.1270000000002,979.127348297585
34.1280000000002,978.223951735504
34.1290000000001,978.14132904389
34.1300000000001,978.99593419877
34.1310000000001,980.433064038372
34.1320000000001,982.147254371458
34.133,984.610342797152
34.134,987.973178604415
34.1350000000002,992.365732797252
34.1360000000002,997.825577443351
34.1370000000002,1003.70645609618
34.1380000000001,1009.62139819025
34.1390000000001,1015.96296785351
34.1400000000001,1022.55355041514
34.1410000000001,1029.21268113026
34.1420000000001,1035.76882453651
34.143,1041.33338621763
34.144,1045.82428404035
34.1450000000002,1050.13961267257
34.1460000000002,1054.42945540854
34.1470000000002,1058.84367713156
34.1480000000001,1063.50485113914
34.1490000000001,1067.71806689559
34.1500000000001,1071.55703110888
34.1510000000001,1075.90861068793
34.152,1080.81283475518
34.153,1086.20751608518
34.1540000000002,1091.93389793315
34.1550000000002,1097.0228345771
34.1560000000002,1101.27488879035
34.1570000000002,1105.31762313598
34.1580000000001,1109.15759422992
34.1590000000001,1112.84864939149
34.1600000000001,1116.47593743301
34.1610000000001,1119.38178221236
34.162,1121.76186366396
34.163,1124.5347718188
34.1640000000002,1127.92159839365
34.1650000000002,1132.04836277883
34.1660000000002,1136.9098228349
34.1670000000001,1141.55336923113
34.1680000000001,1145.87575105517
34.1690000000001,1150.39375474456
34.1700000000001,1154.93032171998
34.171,1159.30417121278
34.172,1163.35681432843
34.173,1166.14264009713
34.1740000000002,1167.83127709532
34.1750000000002,1169.31883689732
34.1760000000002,1170.91536160683
34.1770000000001,1172.9356251499
34.1780000000001,1175.63807273079
34.1790000000001,1178.32825380663
34.1800000000001,1181.27632583512
34.181,1185.20593038568
34.182,1190.10107612168
34.1830000000002,1195.82436006913
34.1840000000002,1202.13043750951
34.1850000000002,1207.83841573924
34.1860000000001,1212.881144466
34.1870000000001,1217.72522126582
34.1880000000001,1222.29523440795
34.1890000000001,1226.55785258059
34.1900000000001,1230.50392989574
34.191,1233.25477017525
34.192,1235.1408271285
34.1930000000002,1236.94868454002
34.1940000000002,1238.89169978034
34.1950000000002,1241.15119989402
34.1960000000001,1243.85120397023
34.1970000000001,1246.14668697073
34.1980000000001,1248.41251395418
34.1990000000001,1251.35953600672
34.2,1255.10176244655
34.201,1259.69100440817
34.2020000000002,1265.09599172493
34.2030000000002,1270.2549681621
34.2040000000002,1275.39429128307
34.2050000000002,1280.9813291589
34.2060000000001,1286.87028818163
34.2070000000001,1292.84303208362
34.2080000000001,1298.61259149869
34.2090000000001,1302.86238680788
34.21,1305.75219915648
34.211,1307.74423210054
34.2120000000002,1308.83839168098
34.2130000000002,1309.11522099929
34.2140000000002,1308.72627091863
34.2150000000001,1306.83846927156
34.2160000000001,1304.26365898756
34.2170000000001,1302.03660293089
34.2180000000001,1300.62997489471
34.2190000000001,1300.42248281925
34.22,1301.63739630322
34.221,1303.20725988253
34.2220000000002,1305.60694363273
34.2230000000002,1309.30549948923
34.2240000000002,1314.12556494375
34.2250000000001,1319.79888332214
34.2260000000001,1325.99186618742
34.2270000000001,1331.1856105233
34.2280000000001,1335.71168115522
34.229,1340.02026945907
34.23,1344.08073372561
34.2310000000002,1347.86793326899
34.2320000000002,1351.32153103073
34.2330000000002,1353.10945428666
34.2340000000002,1353.82295499376
34.2350000000001,1354.04073875419
34.2360000000001,1353.82715122647
34.2370000000001,1353.24550667941
34.2380000000001,1352.35428659002
34.239,1349.95890732501
34.24,1346.94421181128
34.2410000000002,1344.14043249457
34.2420000000002,1341.86964493525
34.2430000000002,1340.38215014223
34.2440000000001,1339.797723206
34.2450000000001,1338.79910562152
34.2460000000001,1338.06552275574
34.2470000000001,1337.99146319558
34.248,1338.40514960936
34.249,1339.06845707843
34.25,1339.70912996338
34.2510000000002,1338.76200205178
34.2520000000002,1336.97171931137
34.2530000000002,1334.93305190738
34.2540000000001,1332.87946711059
34.2550000000001,1331.0927664967
34.2560000000001,1329.84544407665
34.2570000000001,1328.01481088754
34.258,1326.73922054624
34.259,1326.73010221588
34.2600000000002,1328.14876531943
34.2610000000002,1331.01970936201
34.2620000000002,1335.22864701591
34.2630000000001,1339.17204069223
34.2640000000001,1343.64323406855
34.2650000000001,1349.01790823007
34.2660000000001,1355.28145860678
34.2670000000001,1362.43803427325
34.268,1370.49034251271
34.269,1377.99842448326
34.2700000000002,1386.06421957208
34.2710000000002,1395.23133794455
34.2720000000002,1405.5605523812
34.2730000000001,1416.98196566125
34.2740000000001,1429.26874048099
34.2750000000001,1440.58671179107
34.2760000000001,1451.68280920951
34.277,1462.67974804722
34.278,1473.3443881064
34.2790000000002,1483.49273476208
34.2800000000002,1493.00999322296
34.2810000000002,1500.37824553702
34.2820000000002,1506.93866898837
34.2830000000001,1513.44608992791
34.2840000000001,1520.33307168271
34.2850000000001,1527.97166627888
34.2860000000001,1536.58775695749
34.287,1544.6718323955
34.288,1553.38406065771
34.2890000000002,1562.92207596669
34.2900000000002,1572.980056896
34.2910000000002,1583.10584766733
34.2920000000001,1592.74713668531
34.2930000000001,1599.72639959308
34.2940000000001,1604.94952316297
34.2950000000001,1608.57931849439
34.296,1610.61048359017
34.297,1611.15523216816
34.298,1610.39973539457
34.2990000000002,1606.92370547297
34.3000000000002,1602.46303953318
34.3010000000002,1597.78950176311
34.3020000000001,1593.33597213106
34.3030000000001,1589.43161400993
34.3040000000001,1586.26658121241
34.3050000000001,1582.22241098651
34.306,1578.79513748438
34.307,1576.37673591159
34.3080000000002,1575.04051134409
34.3090000000002,1574.78818235188
34.3100000000002,1575.53673050671
34.3110000000001,1575.41665461325
34.3120000000001,1575.8331420476
34.3130000000001,1577.04110218837
34.3140000000001,1579.02825545195
34.3150000000001,1581.72249173636
34.316,1584.9706554396
34.317,1586.79123637297
34.3180000000002,1588.60517240706
34.3190000000002,1590.62458222951
34.3200000000002,1592.86131069434
34.3210000000001,1595.31586300575
34.3220000000001,1597.9562512972
34.3230000000001,1598.90933238158
34.3240000000001,1599.86527130716
34.325,1601.20999889119
34.326,1603.12998693197
34.3270000000002,1605.74672717757
34.3280000000002,1609.0711656912
34.3290000000002,1611.14185981102
34.3300000000002,1613.59334833646
34.3310000000001,1616.56956391785
34.3320000000001,1619.9963794988
34.3330000000001,1623.73432775246
34.3340000000001,1627.57999782733
34.335,1629.37915959707
34.336,1630.86759328142
34.3370000000002,1632.27409016002
34.3380000000002,1633.73784181189
34.3390000000002,1635.40633952509
34.3400000000001,1637.39530565765
34.3410000000001,1637.78212996446
34.3420000000001,1638.68066884695
34.3430000000001,1640.46958926646
34.3440000000001,1643.3643137151
34.345,1647.48949675359
34.346,1652.84949337141
34.3470000000002,1657.27471507054
34.3480000000002,1662.74479840521
34.3490000000002,1669.32501884693
34.3500000000001,1676.90844796372
34.3510000000001,1685.27323150083
34.3520000000001,1694.07159010803
34.3530000000001,1700.73986339781
34.354,1707.10168055586
34.355,1713.02178945125
34.3560000000002,1718.35884689998
34.3570000000002,1723.02323728686
34.3580000000002,1726.97329489494
34.3590000000002,1728.06061444572
34.3600000000001,1728.74832721416
34.3610000000001,1729.44917431007
34.3620000000001,1730.53329294029
34.3630000000001,1732.27608942328
34.364,1734.77004325814
34.365,1735.87773653256
34.3660000000002,1737.7945487886
34.3670000000002,1740.58636638268
34.3680000000002,1744.24762967217
34.3690000000001,1748.73458772506
34.3700000000001,1753.90955540653
34.3710000000001,1757.613967211
34.3720000000001,1762.12017448887
34.373,1767.65489954187
34.374,1774.35632494042
34.375,1782.2119433963
34.3760000000002,1790.89815082446
34.3770000000002,1797.91355685556
34.3780000000002,1805.01918407372
34.3790000000001,1811.84959845173
34.3800000000001,1818.00571328487
34.3810000000001,1823.12835366063
34.3820000000001,1826.81544697492
34.383,1826.92140122435
34.384,1825.8679346707
34.3850000000002,1824.21638667447
34.3860000000002,1822.60753783474
34.3870000000002,1821.65770562644
34.3880000000001,1821.67027383555
34.3890000000001,1820.91281322452
34.3900000000001,1821.76340028874
34.3910000000001,1824.34186919497
34.3920000000001,1828.53830733863
34.393,1834.05330412357
34.394,1840.23830517416
34.3950000000002,1844.62841375127
34.3960000000002,1849.11814021147
34.3970000000002,1853.65511556634
34.3980000000001,1858.25618447298
34.3990000000001,1862.97421542782
34.4000000000001,1867.59827664712
34.4010000000001,1870.21811659228
34.402,1873.06678655517
34.403,1876.30510080675
34.4040000000002,1879.99096214416
34.4050000000002,1884.07657200921
34.4060000000002,1888.13967840775
34.4070000000002,1890.18640074095
34.4080000000001,1892.23762225422
34.4090000000001,1894.36999204347
34.4100000000001,1896.64784738798
34.4110000000001,1899.11017101624
34.412,1901.44559646738
34.413,1901.92800467542
34.4140000000002,1902.65831544512
34.4150000000002,1903.78404686138
34.4160000000002,1905.392569227
34.4170000000001,1907.51936795091
34.4180000000001,1909.82433371952
34.4190000000001,1910.7104330274
34.4200000000001,1912.30824039598
34.421,1914.86516584788
34.422,1918.58771184066
34.423,1923.62349788917
34.4240000000002,1929.67414471827
34.4250000000002,1935.2175299744
34.4260000000002,1942.26747878564
34.4270000000001,1950.88125468822
34.4280000000001,1960.98027206793
34.4290000000001,1972.35283538398
34.4300000000001,1984.26619264069
34.431,1994.8611869477
34.432,2005.74903674867
34.4330000000002,2016.6729994312
34.4340000000002,2027.33859567898
34.4350000000002,2037.44429208911
34.4360000000001,2046.28180060398
34.4370000000001,2052.28180294888
34.4380000000001,2057.3988383781
34.4390000000001,2061.86929185825
34.4400000000001,2065.99045995361
34.441,2070.10319265143
34.442,2074.0931716579
34.4430000000002,2076.99690343862
34.4440000000002,2081.13475567017
34.4450000000002,2086.88279062106
34.4460000000001,2094.39660245314
34.4470000000001,2103.58287330844
34.4480000000001,2113.59774200445
34.4490000000001,2122.65302455204
34.45,2132.05034989725
34.451,2141.21029927814
34.4520000000002,2149.489013326
34.4530000000002,2156.25821708365
34.4540000000002,2160.44137451432
34.4550000000002,2160.47911846556
34.4560000000001,2158.16974411313
34.4570000000001,2153.70992334529
34.4580000000001,2147.38416387771
34.4590000000001,2139.51429001169
34.46,2129.81954410188
34.461,2117.40638307409
34.4620000000002,2104.47609900684
34.4630000000002,2091.33682694784
34.4640000000002,2078.13886033206
34.4650000000001,2064.89097273646
34.4660000000001,2050.78985201675
34.4670000000001,2034.39639447927
34.4680000000001,2017.89304122591
34.4690000000001,2001.60072669923
34.47,1985.86441875809
34.471,1971.00204972994
34.4720000000002,1956.37014153533
34.4730000000002,1940.56026737726
34.4740000000002,1926.28304575845
34.4750000000001,1914.0555132438
34.4760000000001,1904.28598571021
34.4770000000001,1897.19371625641
34.4780000000001,1891.7187056767
34.479,1885.89517600083
34.48,1882.10863440393
34.4810000000002,1880.34372711588
34.4820000000002,1880.43733816423
34.4830000000002,1882.01942945802
34.4840000000002,1883.63109417891
34.4850000000001,1883.35141587882
34.4860000000001,1882.49954240023
34.4870000000001,1880.56682746204
34.4880000000001,1877.21247375646
34.489,1872.38633766913
34.49,1865.86442129614
34.4910000000002,1857.93119856404
34.4920000000002,1850.69481353883
34.4930000000002,1844.8771861352
34.4940000000001,1840.90478862864
34.4950000000001,1838.8367617284
34.4960000000001,1837.96604262464
34.4970000000001,1837.67989429318
34.498,1838.16804504557
34.499,1838.4597089459
34.5,1837.72330264648
34.5010000000002,1835.56331509179
34.5020000000002,1831.78446974144
34.5030000000002,1827.2458013577
34.5040000000001,1824.06874321615
34.5050000000001,1823.23130006963
34.5060000000001,1825.25372636286
34.5070000000001,1830.01420218433
34.508,1836.04883973931
34.509,1841.7938404655
34.5100000000002,1847.09683870447
34.5110000000002,1850.560370351
34.5120000000002,1851.30377923454
34.5130000000001,1849.37615147854
34.5140000000001,1845.04319899302
34.5150000000001,1840.18057477188
34.5160000000001,1839.88666123563
34.5170000000001,1847.93488299027
34.518,1867.73800009318
34.519,1901.76169000351
34.5200000000002,1950.11615206509
34.5210000000002,2011.98950963883
34.5220000000002,2087.57959672549
34.5230000000001,2174.59250938117
34.5240000000001,2270.42394717746
34.5250000000001,2372.79021777444
34.5260000000001,2479.26363859212
34.527,2589.07979107552
34.528,2704.31241390691
34.5290000000002,2825.88291934538
34.5300000000002,2954.23221523834
34.5310000000002,3088.48435751068
34.5320000000002,3224.76250538397
34.5330000000001,3357.41678653185
34.5340000000001,3480.0988323996
34.5350000000001,3582.9693631872
34.5360000000001,3654.95106148675
34.537,3684.99510361121
34.538,3662.52465601918
34.5390000000002,3580.63180670165
34.5400000000002,3438.17922209748
34.5410000000002,3237.29085294028
34.5420000000001,2984.73058965083
34.5430000000001,2691.36222416616
34.5440000000001,2370.03310440912
34.5450000000001,2036.05992641255
34.546,1706.390842446
34.547,1394.94191930988
34.548,1112.55629499496
34.5490000000002,866.141254882077
34.5500000000002,657.334161001412
34.5510000000002,484.905729709429
34.5520000000001,346.228214809162
34.5530000000001,235.631174918444
34.5540000000001,147.04423171363
34.5550000000001,75.3155388295933
34.556,16.1537176534177
34.557,-31.1352057720333
34.5580000000002,-63.2336776796878
34.5590000000002,-76.0557752249153
34.5600000000002,-64.4832801241324
34.5610000000001,-23.5305952997006
34.5620000000001,49.353091421098
34.5630000000001,155.668288859734
34.5640000000001,295.512771219383
34.5650000000001,464.801322676813
34.566,656.776204895493
34.567,862.712612992659
34.5680000000002,1071.70506613024
34.5690000000002,1274.17244988558
34.5700000000002,1462.81939665941
34.5710000000001,1630.82880309936
34.5720000000001,1773.41672901495
34.5730000000001,1887.92644207276
34.5740000000001,1972.48060162647
34.575,2028.24858068812
34.576,2058.83440920022
34.5770000000002,2067.50887456064
34.5780000000002,2057.96867777912
34.5790000000002,2034.06789448289
34.5800000000002,1998.38341817591
34.5810000000001,1954.92673060683
34.5820000000001,1908.619865616
34.5830000000001,1862.91643862346
34.5840000000001,1820.80748857964
34.585,1784.69564456694
34.586,1754.82540534241
34.5870000000002,1732.65462138107
34.5880000000002,1719.91142420586
34.5890000000002,1716.25515161115
34.5900000000001,1720.67547850702
34.5910000000001,1731.68356034539
34.5920000000001,1745.80733030174
34.5930000000001,1762.06445208417
34.5940000000001,1780.49164396327
34.595,1799.74792237418
34.596,1818.67336487578
34.5970000000002,1836.35629681654
34.5980000000002,1850.22773044674
34.5990000000002,1860.96386191585
34.6000000000001,1870.15487707352
34.6010000000001,1877.73937825855
34.6020000000001,1883.5762857088
34.6030000000001,1887.49420642994
34.604,1887.72269596901
34.605,1884.98419621589
34.6060000000002,1880.81752964881
34.6070000000002,1875.60439684285
34.6080000000002,1869.76823898103
34.6090000000002,1863.78478185291
34.6100000000001,1857.06025001364
34.6110000000001,1850.4156954591
34.6120000000001,1845.49845300063
34.6130000000001,1843.28071371905
34.614,1844.54798904702
34.615,1849.70856626562
34.6160000000002,1857.72657295884
34.6170000000002,1867.99973073917
34.6180000000002,1880.31081483366
34.6190000000001,1893.76278915713
34.6200000000001,1907.30975865387
34.6210000000001,1919.82579150602
34.6220000000001,1929.24631904694
34.623,1934.69541883545
34.624,1936.40016734839
34.625,1934.63196867233
34.6260000000002,1930.05281733095
34.6270000000002,1923.53909522511
34.6280000000002,1914.68894129515
34.6290000000001,1904.84185958197
34.6300000000001,1895.75137184325
34.6310000000001,1888.35327276901
34.6320000000001,1883.36437162647
34.633,1881.22003363857
34.634,1880.3698349425
34.6350000000002,1881.64276444021
34.6360000000002,1885.89837400852
34.6370000000002,1892.91110626635
34.6380000000001,1902.27817932537
34.6390000000001,1913.44529781674
34.6400000000001,1923.98928766989
34.6410000000001,1934.26701909375
34.6420000000001,1944.75245333809
34.643,1955.05392034544
34.644,1964.79811849353
34.6450000000002,1973.64468493194
34.6460000000002,1979.58219933369
34.6470000000002,1983.46998409905
34.6480000000001,1986.36519617685
34.6490000000001,1988.6240123381
34.6500000000001,1990.62573374165
34.6510000000001,1992.70368510905
34.652,1993.3190342375
34.653,1993.73156948337
34.6540000000002,1995.10584412225
34.6550000000002,1997.75055396691
34.6560000000002,2001.84382700089
34.6570000000002,2007.40805205431
34.6580000000001,2012.4605008973
34.6590000000001,2017.99291666015
34.6600000000001,2024.76252728419
34.6610000000001,2032.70762857482
34.662,2041.67550547553
34.663,2051.41005041759
34.6640000000002,2059.68369221262
34.6650000000002,2067.42839691379
34.6660000000002,2075.27052641599
34.6670000000001,2083.11825130134
34.6680000000001,2090.8619764102
34.6690000000001,2098.36709190705
34.6700000000001,2103.57367954825
34.671,2107.74739904778
34.672,2111.79458209714
34.673,2115.96243594534
34.6740000000002,2120.46299356778
34.6750000000002,2125.42773139978
34.6760000000002,2128.91177918725
34.6770000000001,2132.34231323589
34.6780000000001,2136.57483120328
34.6790000000001,2141.73517163536
34.6800000000001,2147.8295360894
34.681,2154.7215781728
34.682,2160.0812419134
34.6830000000002,2165.16014821947
34.6840000000002,2170.52312827594
34.6850000000002,2176.07645607541
34.6860000000001,2181.67975243791
34.6870000000001,2187.13742898597
34.6880000000001,2190.12160209192
34.6890000000001,2192.08342702313
34.6900000000001,2193.74686097009
34.691,2195.27465013142
34.692,2196.82136477924
34.6930000000002,2198.503399488
34.6940000000002,2198.29375281962
34.6950000000002,2197.97826961441
34.6960000000001,2198.47323640937
34.6970000000001,2200.11964113555
34.6980000000001,2203.17554364346
34.6990000000001,2207.77443144591
34.7,2211.75546489507
34.701,2216.84391754352
34.7020000000002,2223.67466001713
34.7030000000002,2232.25986474315
34.7040000000002,2242.46576104399
34.7050000000002,2253.98852786948
34.7060000000001,2264.12056082671
34.7070000000001,2274.25263854655
34.7080000000001,2284.55701882144
34.7090000000001,2294.65614010764
34.71,2304.1029914033
34.711,2312.38771458673
34.7120000000002,2316.66274155219
34.7130000000002,2318.52092203444
34.7140000000002,2318.38224688081
34.7150000000001,2316.32887410133
34.7160000000001,2312.5369414883
34.7170000000001,2307.24888470713
34.7180000000001,2298.36365333355
34.7190000000001,2288.4433658666
34.72,2278.68950013694
34.721,2269.87576348321
34.7220000000002,2262.68046130526
34.7230000000002,2257.60525910873
34.7240000000002,2252.42417239437
34.7250000000001,2249.56130933576
34.7260000000001,2249.67160568405
34.7270000000001,2252.81530574456
34.7280000000001,2258.82871022795
34.729,2267.32014493816
34.73,2275.10004305437
34.7310000000002,2283.97284624141
34.7320000000002,2293.96527652942
34.7330000000002,2304.73423227075
34.7340000000002,2315.91534856563
34.7350000000001,2327.10610039269
34.7360000000001,2335.20417075865
34.7370000000001,2342.38810834494
34.7380000000001,2348.97092492955
34.739,2354.94912606877
34.74,2360.27630582113
34.7410000000002,2364.82500199131
34.7420000000002,2365.68386887265
34.7430000000002,2365.32016452407
34.7440000000001,2364.16959376038
34.7450000000001,2362.39623713751
34.7460000000001,2360.15085833706
34.7470000000001,2357.55003861672
34.748,2351.92659258966
34.749,2346.1870270047
34.75,2341.0569948311
34.7510000000002,2336.99043169565
34.7520000000002,2334.3435113535
34.7530000000002,2333.31536503052
34.7540000000001,2331.13983087351
34.7550000000001,2330.59461066972
34.7560000000001,2332.00218986286
34.7570000000001,2335.35220732355
34.758,2340.48586802514
34.759,2347.09591190396
34.7600000000002,2351.92831231443
34.7610000000002,2357.5266015913
34.7620000000002,2363.97094607347
34.7630000000001,2371.18548723044
34.7640000000001,2379.06641418573
34.7650000000001,2387.4551204585
34.7660000000001,2393.2454595509
34.7670000000001,2399.35451157371
34.768,2406.07713962365
34.769,2413.58845701683
34.7700000000002,2422.02439458374
34.7710000000002,2431.44881013235
34.7720000000002,2438.86674664615
34.7730000000001,2447.4922465324
34.7740000000001,2457.65492801446
34.7750000000001,2469.50141595816
34.7760000000001,2483.01358537235
34.777,2497.97082851179
34.778,2510.94757934206
34.7790000000002,2524.77510772012
34.7800000000002,2539.2651208167
34.7810000000002,2554.15474611244
34.7820000000002,2569.14726632953
34.7830000000001,2583.87559709949
34.7840000000001,2595.13081313168
34.7850000000001,2605.87877541192
34.7860000000001,2616.24389334558
34.787,2626.27843115065
34.788,2635.91954254934
34.7890000000002,2644.85213670918
34.7900000000002,2649.87330978023
34.7910000000002,2653.77161316175
34.7920000000001,2656.48020870078
34.7930000000001,2657.93371624537
34.7940000000001,2658.12202582253
34.7950000000001,2656.96945078588
34.796,2651.82891914561
34.797,2646.23128276551
34.798,2640.8893271348
34.7990000000002,2636.43069729364
34.8000000000002,2633.30154329535
34.8010000000002,2631.48439062841
34.8020000000001,2628.0831365348
34.8030000000001,2625.99046818216
34.8040000000001,2625.02359160846
34.8050000000001,2624.83521944218
34.806,2625.00716513654
34.807,2624.89252597238
34.8080000000002,2621.50051011898
34.8090000000002,2617.88692970774
34.8100000000002,2614.4301669915
34.8110000000001,2611.55452543515
34.8120000000001,2609.64404824527
34.8130000000001,2608.66307833317
34.8140000000001,2606.10995358943
34.8150000000001,2604.95587220988
34.816,2605.21554897848
34.817,2606.68836548742
34.8180000000002,2609.02099031525
34.8190000000002,2611.45289745357
34.8200000000002,2611.08921943326
34.8210000000001,2610.74354610562
34.8220000000001,2610.64155621891
34.8230000000001,2611.0920058595
34.8240000000001,2612.42818035968
34.825,2614.5371321723
34.826,2615.10329024641
34.8270000000002,2617.21744730314
34.8280000000002,2620.98759236671
34.8290000000002,2626.21858232604
34.8300000000002,2632.42337242062
34.8310000000001,2638.43762953319
34.8320000000001,2641.01113695354
34.8330000000001,2642.43070074934
34.8340000000001,2642.35721741663
34.835,2640.61826432688
34.836,2637.25725424479
34.8370000000002,2632.05233283283
34.8380000000002,2623.17850078176
34.8390000000002,2614.36227018248
34.8400000000001,2606.63067994988
34.8410000000001,2600.87852914865
34.8420000000001,2597.7549392801
34.8430000000001,2597.04107881231
34.8440000000001,2596.50645337019
34.845,2598.91251355095
34.846,2604.00680866818
34.8470000000002,2611.3018892526
34.8480000000002,2620.18343581682
34.8490000000002,2629.42274920089
34.8500000000001,2636.3418077881
34.8510000000001,2643.6557661993
34.8520000000001,2651.47355437021
34.8530000000001,2659.94825729909
34.854,2669.20790841624
34.855,2678.63026629372
34.8560000000002,2686.04055830454
34.8570000000002,2694.20539909358
34.8580000000002,2702.96008419574
34.8590000000002,2711.89355620243
34.8600000000001,2720.4082194768
34.8610000000001,2727.12077775439
34.8620000000001,2729.43145394613
34.8630000000001,2729.79029990226
34.864,2728.17754119691
34.865,2724.72584557178
34.8660000000002,2719.72008383405
34.8670000000002,2712.83965403292
34.8680000000002,2702.7777825738
34.8690000000001,2693.02776518738
34.8700000000001,2684.45426298057
34.8710000000001,2677.763856253
34.8720000000001,2673.45818977075
34.873,2671.02930186225
34.874,2668.80981793849
34.875,2669.60173672974
34.8760000000002,2673.48625693704
34.8770000000002,2680.34469555717
34.8780000000002,2689.88049646625
34.8790000000001,2700.80223106249
34.8800000000001,2710.88236806377
34.8810000000001,2722.40380436507
34.8820000000001,2735.04714061425
34.883,2748.37977104931
34.884,2761.86086001194
34.8850000000002,2773.96864768749
34.8860000000002,2782.46281287579
34.8870000000002,2789.55108448622
34.8880000000001,2794.99922101206
34.8890000000001,2798.6083195139
34.8900000000001,2800.2447500591
34.8910000000001,2798.9179801826
34.8920000000001,2793.22390353995
34.893,2786.21032497802
34.894,2778.53823342557
34.8950000000002,2770.84164179757
34.8960000000002,2763.66209599794
34.8970000000002,2756.39079840799
34.8980000000001,2747.86446920046
34.8990000000001,2741.00059091851
34.9000000000001,2736.12804849852
34.9010000000001,2733.39240866058
34.902,2732.77624568152
34.903,2733.08518627235
34.9040000000002,2732.78959167899
34.9050000000002,2734.33038366132
34.9060000000002,2737.70991510132
34.9070000000002,2742.78376876795
34.9080000000001,2749.23412658363
34.9090000000001,2755.4852303705
34.9100000000001,2759.74494508325
34.9110000000001,2763.96052312131
34.912,2767.73456794087
34.913,2770.6494620879
34.9140000000002,2772.33258490409
34.9150000000002,2771.40281383
34.9160000000002,2766.73426666572
34.9170000000001,2760.97432015496
34.9180000000001,2754.62664164912
34.9190000000001,2748.19575860159
34.9200000000001,2742.12695797448
34.921,2735.61016351317
34.922,2727.99243630902
34.923,2721.94066058069
34.9240000000002,2717.79428193428
34.9250000000002,2715.75539555461
34.9260000000002,2715.93089639175
34.9270000000001,2717.18071811375
34.9280000000001,2718.75478566888
34.9290000000001,2723.12651068712
34.9300000000001,2730.50673636739
34.931,2740.88241632972
34.932,2753.96532292044
34.9330000000002,2767.9488523299
34.9340000000002,2781.31055374461
34.9350000000002,2795.40189610182
34.9360000000001,2809.35351122141
34.9370000000001,2822.22331773538
34.9380000000001,2833.134673534
34.9390000000001,2840.14194687653
34.9400000000001,2842.32546277447
34.941,2842.08696789005
34.942,2840.1211601271
34.9430000000002,2837.33670579358
34.9440000000002,2834.74250626283
34.9450000000002,2831.975083759
34.9460000000001,2829.38825570475
34.9470000000001,2829.90281425558
34.9480000000001,2834.00419146578
34.9490000000001,2841.68899631539
34.95,2852.4845322444
34.951,2864.13874361522
34.9520000000002,2875.16778133029
34.9530000000002,2886.65322391908
34.9540000000002,2897.65057577323
34.9550000000002,2907.25852421241
34.9560000000001,2914.71860227007
34.9570000000001,2918.07559995905
34.9580000000001,2916.78406039358
34.9590000000001,2913.0264300838
34.96,2907.20587260571
34.961,2899.74193604199
34.9620000000002,2890.99937869571
34.9630000000002,2879.77341769578
34.9640000000002,2866.03122412342
34.9650000000001,2851.98633269445
34.9660000000001,2837.82138593303
34.9670000000001,2823.54703749197
34.9680000000001,2809.05261594068
34.9690000000001,2792.55414486064
34.97,2773.78566211914
34.971,2755.03415545214
34.9720000000002,2736.73590270221
34.9730000000002,2719.33021064357
34.9740000000002,2703.20045332568
34.9750000000001,2686.71728977704
34.9760000000001,2669.87705077817
34.9770000000001,2655.32589138642
34.9780000000001,2643.49623287965
34.979,2634.59026342926
34.98,2628.52009327606
34.9810000000002,2622.82034735112
34.9820000000002,2616.74454418876
34.9830000000002,2612.21540211152
34.9840000000002,2609.01678170781
34.9850000000001,2606.88986426144
34.9860000000001,2605.52709626217
34.9870000000001,2602.50358097587
34.9880000000001,2597.49672264263
34.989,2592.75631591964
34.99,2588.59404976449
34.9910000000002,2585.29650517967
34.9920000000002,2583.05014617342
34.9930000000002,2580.27228752276
34.9940000000001,2577.19165949964
34.9950000000001,2575.39737413997
34.9960000000001,2574.75456188269
34.9970000000001,2575.0676772639
34.998,2576.20430660027
34.999,2577.1541347469
35,2578.72842357652
35.0010000000002,2582.11620298938
35.0020000000002,2587.09667975484
35.0030000000002,2593.09792250072
35.0040000000001,2599.26877850982
35.0050000000001,2603.6451721292
35.0060000000001,2605.99216518899
35.0070000000001,2606.39494861724
35.008,2604.04685371096
35.009,2598.48747676465
35.0100000000002,2589.81220472906
35.0110000000002,2577.28219128164
35.0120000000002,2562.94985620804
35.0130000000001,2549.89566492315
35.0140000000001,2539.74764412897
35.0150000000001,2533.63167226224
35.0160000000001,2531.96362955568
35.0170000000001,2532.48078342181
35.018,2535.11476144532
35.019,2540.69932397938
35.0200000000002,2548.7780370036
35.0210000000002,2559.53736170446
35.0220000000002,2574.12251025323
35.0230000000001,2592.69363729574
35.0240000000001,2619.14637051508
35.0250000000001,2658.6775534709
35.0260000000001,2714.56288179852
35.027,2788.84000566886
35.028,2881.67705423703
35.0290000000002,2989.08246216683
35.0300000000002,3107.86859376148
35.0310000000002,3233.96829151737
35.0320000000002,3361.08171610369
35.0330000000001,3483.00131332928
35.0340000000001,3594.57071073106
35.0350000000001,3690.44961976611
35.0360000000001,3770.35795768445
35.037,3836.52182190408
35.038,3891.09497958067
35.0390000000002,3936.44441462116
35.0400000000002,3974.08878485702
35.0410000000002,4001.79009540119
35.0420000000001,4018.10331505082
35.0430000000001,4019.71992620376
35.0440000000001,4000.16112626083
35.0450000000001,3951.86931392664
35.046,3867.38421240962
35.047,3738.56291985675
35.048,3562.93855702566
35.0490000000002,3341.62566583055
35.0500000000002,3078.05817208048
35.0510000000002,2778.96779736913
35.0520000000001,2453.81605361541
35.0530000000001,2111.91463610052
35.0540000000001,1766.86274927821
35.0550000000001,1432.52703648511
35.056,1120.89436011427
35.057,842.564451440547
35.0580000000002,606.35483064805
35.0590000000002,417.007484279571
35.0600000000002,280.622250655284
35.0610000000001,201.256349645728
35.0620000000001,179.748189018772
35.0630000000001,214.759570632137
35.0640000000001,302.812372222507
35.0650000000001,436.261275043813
35.066,609.26865544739
35.067,814.456420805993
35.0680000000002,1042.35410451818
35.0690000000002,1282.92868011697
35.0700000000002,1526.15623492362
35.0710000000001,1760.39802855801
35.0720000000001,1978.88722174277
35.0730000000001,2176.1754327406
35.0740000000001,2347.56025764247
35.075,2490.1370686453
35.076,2602.74089907393
35.0770000000002,2683.57973630093
35.0780000000002,2736.02520585379
35.0790000000002,2764.15961507107
35.0800000000002,2771.82052421683
35.0810000000001,2763.17141870384
35.0820000000001,2742.39630679106
35.0830000000001,2711.21904739592
35.0840000000001,2674.91978441644
35.085,2637.74421936804
35.086,2602.40126079889
35.0870000000002,2570.89340021165
35.0880000000002,2544.53420450647
35.0890000000002,2521.59862777794
35.0900000000001,2504.26107404799
35.0910000000001,2493.50065609489
35.0920000000001,2488.98604204775
35.0930000000001,2490.03783305954
35.0940000000001,2495.70189804164
35.095,2502.07085945896
35.096,2510.37007075179
35.0970000000002,2520.56450823688
35.0980000000002,2531.54375135973
35.0990000000002,2542.19564664241
35.1000000000001,2551.52576335705
35.1010000000001,2555.82889430775
35.1020000000001,2557.41602635595
35.1030000000001,2557.34757834813
35.104,2555.80558951919
35.105,2553.03387857425
35.1060000000002,2549.31399155523
35.1070000000002,2542.03409563123
35.1080000000002,2534.25871545842
35.1090000000002,2527.32093793907
35.1100000000001,2521.40021744816
35.1110000000001,2516.43575184426
35.1120000000001,2512.20802119793
35.1130000000001,2506.07069925196
35.114,2499.84635381249
35.115,2494.3828460303
35.1160000000002,2489.97294753307
35.1170000000002,2486.92424713213
35.1180000000002,2485.49915103184
35.1190000000001,2484.1598958158
35.1200000000001,2484.06145761883
35.1210000000001,2485.97939854571
35.1220000000001,2490.26691850236
35.123,2497.05625093452
35.124,2506.12773621056
35.125,2515.19194384007
35.1260000000002,2524.33860391516
35.1270000000002,2533.21271801524
35.1280000000002,2541.18166406931
35.1290000000001,2547.64722204346
35.1300000000001,2552.03633679719
35.1310000000001,2551.5880856545
35.1320000000001,2547.79667019025
35.133,2541.29567517709
35.134,2532.53608842028
35.1350000000002,2522.14662357143
35.1360000000002,2510.84335044678
35.1370000000002,2496.63081845373
35.1380000000001,2482.82791771639
35.1390000000001,2470.86128345528
35.1400000000001,2461.45607106705
35.1410000000001,2455.07522517234
35.1420000000001,2451.89691691117
35.143,2449.01230276316
35.144,2448.9355104171
35.1450000000002,2452.0113616204
35.1460000000002,2457.93216044498
35.1470000000002,2466.21161889521
35.1480000000001,2476.21075362191
35.1490000000001,2484.37767548605
35.1500000000001,2492.73037422772
35.1510000000001,2501.26927613773
35.152,2509.58310646919
35.153,2517.23618382409
35.1540000000002,2523.76674611582
35.1550000000002,2525.87661440714
35.1560000000002,2526.03553831235
35.1570000000002,2524.67150207302
35.1580000000001,2521.94057133374
35.1590000000001,2518.05547067313
35.1600000000001,2513.26215888495
35.1610000000001,2504.89364166503
35.162,2496.2900728931
35.163,2488.47835674673
35.1640000000002,2482.10716221836
35.1650000000002,2477.67734275123
35.1660000000002,2475.4744120008
35.1670000000001,2472.52520049062
35.1680000000001,2471.80955694192
35.1690000000001,2473.63162468731
35.1700000000001,2477.82733835896
35.171,2484.03833747568
35.172,2491.73744418383
35.173,2497.21929278036
35.1740000000002,2503.07200581613
35.1750000000002,2509.31412275992
35.1760000000002,2515.78183567513
35.1770000000001,2522.32334441455
35.1780000000001,2528.77033715773
35.1790000000001,2531.81786154646
35.1800000000001,2534.62829833926
35.181,2537.64529435843
35.182,2541.12815033966
35.1830000000002,2545.27329226193
35.1840000000002,2550.16730615468
35.1850000000002,2552.5744595374
35.1860000000001,2555.82076800184
35.1870000000001,2560.20800588375
35.1880000000001,2565.76376946237
35.1890000000001,2572.3266539931
35.1900000000001,2579.53078925537
35.191,2583.57136917906
35.192,2587.47967655059
35.1930000000002,2591.21034974651
35.1940000000002,2594.71339532287
35.1950000000002,2598.02972027898
35.1960000000001,2601.28154161728
35.1970000000001,2601.3243467474
35.1980000000001,2602.11386550259
35.1990000000001,2604.34866833949
35.2,2608.54680800484
35.201,2614.93702717556
35.2020000000002,2623.31061151662
35.2030000000002,2629.86835861754
35.2040000000002,2637.40078221108
35.2050000000002,2645.35921291915
35.2060000000001,2653.11417614251
35.2070000000001,2660.09052885914
35.2080000000001,2665.75832955845
35.2090000000001,2666.70566035006
35.21,2666.67889835853
35.211,2666.50468262854
35.2120000000002,2667.09923215852
35.2130000000002,2669.30295393
35.2140000000002,2673.54018093535
35.2150000000001,2676.82309999898
35.2160000000001,2682.67012464312
35.2170000000001,2691.04683219662
35.2180000000001,2701.59054915548
35.2190000000001,2713.70686538869
35.22,2726.45433398064
35.221,2735.93807619777
35.2220000000002,2745.20680597412
35.2230000000002,2754.29318822709
35.2240000000002,2763.32507902131
35.2250000000001,2772.44256043094
35.2260000000001,2781.42080388192
35.2270000000001,2787.04637709647
35.2280000000001,2792.71385126884
35.229,2798.56359129636
35.23,2804.62038044353
35.2310000000002,2810.82475762976
35.2320000000002,2816.72997205644
35.2330000000002,2819.13590853911
35.2340000000002,2821.62942682606
35.2350000000001,2824.70357110106
35.2360000000001,2828.80771968078
35.2370000000001,2834.2425007475
35.2380000000001,2840.6641335885
35.239,2844.79243474365
35.24,2849.8332911039
35.2410000000002,2855.66538228021
35.2420000000002,2862.04479624688
35.2430000000002,2868.6699300133
35.2440000000001,2874.78811755654
35.2450000000001,2877.21508327719
35.2460000000001,2879.49444934036
35.2470000000001,2882.1637098326
35.248,2885.78010373263
35.249,2890.79755092875
35.25,2896.93777751192
35.2510000000002,2901.29770483587
35.2520000000002,2907.16496765791
35.2530000000002,2914.49618146492
35.2540000000001,2923.04468880599
35.2550000000001,2932.42179258146
35.2560000000001,2941.60420098275
35.2570000000001,2947.41097739407
35.258,2953.11311701451
35.259,2959.06624548777
35.2600000000002,2965.71660549256
35.2610000000002,2973.50965265053
35.2620000000002,2982.16107671332
35.2630000000001,2989.1804578298
35.2640000000001,2998.08603491957
35.2650000000001,3009.13538168131
35.2660000000001,3022.33019652495
35.2670000000001,3037.41734117543
35.268,3053.23887450021
35.269,3066.63017600719
35.2700000000002,3080.46809941441
35.2710000000002,3094.65317710598
35.2720000000002,3109.13184629671
35.2730000000001,3123.88445639657
35.2740000000001,3138.15873665374
35.2750000000001,3149.49610571679
35.2760000000001,3161.31495189221
35.277,3174.00729749803
35.278,3187.82880257874
35.2790000000002,3202.84691905782
35.2800000000002,3218.11875272781
35.2810000000002,3230.98923467484
35.2820000000002,3244.5082690328
35.2830000000001,3258.72576848606
35.2840000000001,3273.66347336968
35.2850000000001,3289.32516496778
35.2860000000001,3304.82975264268
35.287,3317.90595984095
35.288,3331.94666231874
35.2890000000002,3347.32336632132
35.2900000000002,3364.22997339355
35.2910000000002,3382.60316826559
35.2920000000001,3401.15189321837
35.2930000000001,3417.10140845633
35.2940000000001,3433.00825478397
35.2950000000001,3448.37999264769
35.296,3462.64903679326
35.297,3475.2526374999
35.298,3484.72485819838
35.2990000000002,3488.73044579055
35.3000000000002,3490.54975696381
35.3010000000002,3490.76885549025
35.3020000000001,3490.05841853884
35.3030000000001,3489.06141329609
35.3040000000001,3487.23923204804
35.3050000000001,3483.00047441098
35.306,3479.78791337696
35.307,3477.95582970663
35.3080000000002,3477.60165830337
35.3090000000002,3478.59525693805
35.3100000000002,3479.53552002721
35.3110000000001,3478.26930119045
35.3120000000001,3477.71452787893
35.3130000000001,3478.01663532251
35.3140000000001,3479.31064724925
35.3150000000001,3481.67721562477
35.316,3483.93532208219
35.317,3484.29166179499
35.3180000000002,3485.70534167238
35.3190000000002,3488.20300488757
35.3200000000002,3491.6040163921
35.3210000000001,3495.53323676068
35.3220000000001,3498.24707783347
35.3230000000001,3497.63996266882
35.3240000000001,3496.38239059636
35.325,3494.49423593733
35.326,3492.07244149213
35.3270000000002,3489.28814448393
35.3280000000002,3485.07875763935
35.3290000000002,3478.30790557676
35.3300000000002,3472.45506012924
35.3310000000001,3468.20888163828
35.3320000000001,3466.07331087886
35.3330000000001,3466.29816882431
35.3340000000001,3467.48994357413
35.335,3468.06569966581
35.336,3470.63607577205
35.3370000000002,3474.90772480472
35.3380000000002,3480.39743046554
35.3390000000002,3486.50241946969
35.3400000000001,3491.1723921793
35.3410000000001,3492.7023155003
35.3420000000001,3493.73441051374
35.3430000000001,3494.35841446503
35.3440000000001,3494.71683956157
35.345,3494.97521246835
35.346,3493.81724994146
35.3470000000002,3490.39401240588
35.3480000000002,3487.84387971287
35.3490000000002,3486.54239312281
35.3500000000001,3486.66629663423
35.3510000000001,3488.19420481401
35.3520000000001,3489.39037872447
35.3530000000001,3489.10345905343
35.354,3489.98064104739
35.355,3491.95263169319
35.3560000000002,3494.81951378021
35.3570000000002,3498.2760659701
35.3580000000002,3500.33140440825
35.3590000000002,3499.87920269748
35.3600000000001,3499.51953462187
35.3610000000001,3499.21478437132
35.3620000000001,3498.84403752318
35.3630000000001,3498.22802126553
35.364,3495.50315031461
35.365,3489.91977976295
35.3660000000002,3484.25098101725
35.3670000000002,3478.71616860721
35.3680000000002,3473.44806059796
35.3690000000001,3468.49978408454
35.3700000000001,3462.16103504966
35.3710000000001,3453.97026381897
35.3720000000001,3446.72930030068
35.373,3440.71745610353
35.374,3436.09378351111
35.375,3432.90985922826
35.3760000000002,3429.37385438853
35.3770000000002,3425.08660276964
35.3780000000002,3422.66409749923
35.3790000000001,3422.18684811227
35.3800000000001,3423.52629522518
35.3810000000001,3426.35353230398
35.3820000000001,3428.36876768162
35.383,3428.79850928201
35.384,3429.67742798701
35.3850000000002,3430.62667777545
35.3860000000002,3431.18427837972
35.3870000000002,3430.87247608278
35.3880000000001,3427.42397914262
35.3890000000001,3420.4974344388
35.3900000000001,3412.55406814865
35.3910000000001,3403.85874584363
35.3920000000001,3394.66064467319
35.393,3385.17379089686
35.394,3373.66132251508
35.3950000000002,3360.32289749533
35.3960000000002,3347.80318545603
35.3970000000002,3336.4068879569
35.3980000000001,3326.24593117923
35.3990000000001,3317.26240108554
35.4000000000001,3307.31617281258
35.4010000000001,3296.37115511866
35.402,3286.68272311803
35.403,3278.3002654503
35.4040000000002,3271.1859639627
35.4050000000002,3265.24240467218
35.4060000000002,3258.36053064359
35.4070000000002,3250.74805478754
35.4080000000001,3244.66511068964
35.4090000000001,3240.19266058866
35.4100000000001,3237.23319835578
35.4110000000001,3235.52243714376
35.412,3232.66900021089
35.413,3228.67610259844
35.4140000000002,3225.33978482931
35.4150000000002,3222.39533963524
35.4160000000002,3219.49921810447
35.4170000000001,3216.29588911242
35.4180000000001,3210.46951397577
35.4190000000001,3202.43621410912
35.4200000000001,3194.32856597089
35.421,3186.38327693129
35.422,3178.77819653538
35.423,3171.63083726962
35.4240000000002,3162.98000963132
35.4250000000002,3153.59016535593
35.4260000000002,3145.56026828881
35.4270000000001,3139.02643961293
35.4280000000001,3133.95497955712
35.4290000000001,3130.18601488893
35.4300000000001,3125.42625959216
35.431,3120.24449639648
35.432,3116.36866459666
35.4330000000002,3113.63749615998
35.4340000000002,3111.70990075253
35.4350000000002,3110.1038515886
35.4360000000001,3106.17914971418
35.4370000000001,3100.33042109692
35.4380000000001,3094.03989005327
35.4390000000001,3087.16361298863
35.4400000000001,3079.6390838979
35.441,3071.56069955646
35.442,3061.12597290303
35.4430000000002,3049.89646267152
35.4440000000002,3040.37827883695
35.4450000000002,3033.38963747242
35.4460000000001,3029.51091859679
35.4470000000001,3029.0039813213
35.4480000000001,3029.62294737971
35.4490000000001,3032.08124598674
35.45,3037.41037561093
35.451,3044.73399955823
35.4520000000002,3052.90560872323
35.4530000000002,3060.67902661607
35.4540000000002,3064.71280645599
35.4550000000002,3065.31390674827
35.4560000000001,3063.56380610305
35.4570000000001,3059.27722688952
35.4580000000001,3052.42978822126
35.4590000000001,3043.13724499701
35.46,3029.45910577715
35.461,3013.03839127561
35.4620000000002,2995.85244828833
35.4630000000002,2978.3712364733
35.4640000000002,2960.90742820119
35.4650000000001,2943.64640638133
35.4660000000001,2924.42056530266
35.4670000000001,2904.72948088553
35.4680000000001,2886.25807454161
35.4690000000001,2869.18899592098
35.47,2853.50391476806
35.471,2838.98045485639
35.4720000000002,2822.63404306926
35.4730000000002,2805.53765200191
35.4740000000002,2788.98560747495
35.4750000000001,2772.82960537365
35.4760000000001,2756.8941315167
35.4770000000001,2741.01142392438
35.4780000000001,2722.08061196448
35.479,2701.86523697857
35.48,2682.57954472366
35.4810000000002,2665.0461180069
35.4820000000002,2650.01837178637
35.4830000000002,2638.02768892841
35.4840000000002,2626.23024257699
35.4850000000001,2616.31253620394
35.4860000000001,2609.71878837266
35.4870000000001,2606.1449141862
35.4880000000001,2604.95458579898
35.489,2605.24302369309
35.49,2603.53332898294
35.4910000000002,2600.51057625814
35.4920000000002,2596.55961012795
35.4930000000002,2591.07459161411
35.4940000000001,2583.66259347368
35.4950000000001,2574.24355316005
35.4960000000001,2561.59092271238
35.4970000000001,2547.89632838954
35.498,2534.62780962115
35.499,2522.39713268797
35.5,2511.68458835284
35.5010000000002,2502.87519829798
35.5020000000002,2495.11852990902
35.5030000000002,2490.15611710379
35.5040000000001,2488.42091344908
35.5050000000001,2489.30201066564
35.5060000000001,2491.84584839952
35.5070000000001,2494.93744607476
35.508,2495.90623816198
35.509,2495.55127169787
35.5100000000002,2493.83987990195
35.5110000000002,2490.17898584522
35.5120000000002,2484.18003415765
35.5130000000001,2475.75736916743
35.5140000000001,2462.83571310273
35.5150000000001,2448.23025315478
35.5160000000001,2434.11347053988
35.5170000000001,2422.00565847884
35.518,2413.50213026326
35.519,2410.17779488707
35.5200000000002,2410.99896381896
35.5210000000002,2419.54532905286
35.5220000000002,2438.09112942332
35.5230000000001,2467.8212287231
35.5240000000001,2509.64801372693
35.5250000000001,2564.2358779645
35.5260000000001,2629.64621871378
35.527,2708.23670492344
35.528,2800.73728029473
35.5290000000002,2906.55082056238
35.5300000000002,3024.3362346196
35.5310000000002,3151.9316260388
35.5320000000002,3284.04574227015
35.5330000000001,3419.14248347089
35.5340000000001,3553.71577617109
35.5350000000001,3683.07846155655
35.5360000000001,3802.23045872757
35.537,3906.09592573275
35.538,3987.41039555233
35.5390000000002,4043.72722429453
35.5400000000002,4071.49008374822
35.5410000000002,4066.80125638787
35.5420000000001,4026.06690327496
35.5430000000001,3946.15677004392
35.5440000000001,3822.39375424422
35.5450000000001,3655.81409476598
35.546,3447.55620351581
35.547,3200.16145014049
35.548,2918.39493682661
35.5490000000002,2609.31659288894
35.5500000000002,2279.7655215794
35.5510000000002,1942.69345249542
35.5520000000001,1610.12338791336
35.5530000000001,1293.20017709754
35.5540000000001,1001.71679154215
35.5550000000001,743.3857091289
35.556,521.219432373816
35.557,340.422124952642
35.5580000000002,202.525570215922
35.5590000000002,107.266402647697
35.5600000000002,53.798747485034
35.5610000000001,41.3657151191916
35.5620000000001,67.4765364825928
35.5630000000001,134.545550709161
35.5640000000001,243.107868941644
35.5650000000001,392.309094900921
35.566,579.381666391693
35.567,798.923182851459
35.5680000000002,1040.38806234271
35.5690000000002,1295.07012364038
35.5700000000002,1550.45150407717
35.5710000000001,1792.92248057133
35.5720000000001,2009.66899315059
35.5730000000001,2190.23176894281
35.5740000000001,2325.56820238137
35.575,2415.60232729399
35.576,2462.65348517836
35.5770000000002,2472.39030332323
35.5780000000002,2452.98919373849
35.5790000000002,2413.74119102234
35.5800000000002,2361.4861846042
35.5810000000001,2306.29631369114
35.5820000000001,2254.10033749096
35.5830000000001,2208.16322795689
35.5840000000001,2169.59620620368
35.585,2137.96174927614
35.586,2109.73773153067
35.5870000000002,2086.24162369794
35.5880000000002,2066.91461140129
35.5890000000002,2051.4607340139
35.5900000000001,2040.01152761991
35.5910000000001,2032.88662751906
35.5920000000001,2027.70558282812
35.5930000000001,2027.39977107641
35.5940000000001,2031.51116532351
35.595,2038.68356819042
35.596,2047.11005832426
35.5970000000002,2054.89397969347
35.5980000000002,2057.51306813381
35.5990000000002,2057.66701659482
35.6000000000001,2055.22459453333
35.6010000000001,2050.31681337412
35.6020000000001,2043.44354250553
35.6030000000001,2035.31959770285
35.604,2023.74706849349
35.605,2013.11838325304
35.6060000000002,2003.85209520051
35.6070000000002,1995.66707626967
35.6080000000002,1987.86847569694
35.6090000000002,1979.57916334006
35.6100000000001,1967.67331166274
35.6110000000001,1954.40067780331
35.6120000000001,1939.67059146953
35.6130000000001,1923.52647518977
35.614,1906.17760341871
35.615,1887.94790521561
35.6160000000002,1867.77229344883
35.6170000000002,1847.53159880121
35.6180000000002,1827.91981788181
35.6190000000001,1809.59373369033
35.6200000000001,1793.10325003597
35.6210000000001,1778.81056763869
35.6220000000001,1765.76625597712
35.623,1754.89846266272
35.624,1746.35034568389
35.625,1740.15243061015
35.6260000000002,1736.15421187646
35.6270000000002,1733.92775986108
35.6280000000002,1731.45814712281
35.6290000000001,1729.49266918777
35.6300000000001,1727.51484695902
35.6310000000001,1725.09212944194
35.6320000000001,1721.94408698334
35.633,1717.87065682018
35.634,1711.06905995773
35.6350000000002,1704.26558791454
35.6360000000002,1697.98188124246
35.6370000000002,1692.68170279227
35.6380000000001,1688.73979655768
35.6390000000001,1686.25937393609
35.6400000000001,1683.43598987242
35.6410000000001,1682.71599340615
35.6420000000001,1683.89596656515
35.643,1686.45670105426
35.644,1689.66700021154
35.6450000000002,1692.54132020014
35.6460000000002,1692.60402241917
35.6470000000002,1691.50760048259
35.6480000000001,1688.94782106637
35.6490000000001,1684.77788954496
35.6500000000001,1679.05804888056
35.6510000000001,1671.87386033956
35.652,1662.10871234486
35.653,1652.494394588
35.6540000000002,1643.7169878089
35.6550000000002,1636.27226988019
35.6560000000002,1630.41942004787
35.6570000000002,1625.93955720729
35.6580000000001,1621.06922295854
35.6590000000001,1617.5071925101
35.6600000000001,1614.76158540881
35.6610000000001,1612.17927665914
35.662,1609.08237756865
35.663,1604.65048821242
35.6640000000002,1597.09125249819
35.6650000000002,1588.37900148912
35.6660000000002,1578.77141355376
35.6670000000001,1568.66120923616
35.6680000000001,1558.55123282643
35.6690000000001,1548.73652843383
35.6700000000001,1538.45235203833
35.671,1530.15322692633
35.672,1524.23275103536
35.673,1520.77548218612
35.6740000000002,1519.57902585206
35.6750000000002,1519.92091194027
35.6760000000002,1519.98307262521
35.6770000000001,1520.96889618454
35.6780000000001,1522.28156501902
35.6790000000001,1523.30086227869
35.6800000000001,1523.48024426095
35.681,1522.12180665403
35.682,1517.89691060081
35.6830000000002,1512.57030108398
35.6840000000002,1506.39170259382
35.6850000000002,1499.64467261073
35.6860000000001,1492.62055275535
35.6870000000001,1485.27167384658
35.6880000000001,1476.77699898329
35.6890000000001,1469.0220468901
35.6900000000001,1462.19532249483
35.691,1456.32594933168
35.692,1451.31983713045
35.6930000000002,1446.65882342254
35.6940000000002,1441.13843261333
35.6950000000002,1436.18390874674
35.6960000000001,1431.63645453582
35.6970000000001,1427.26115536639
35.6980000000001,1422.78725198254
35.6990000000001,1417.59185245011
35.7,1410.5529933416
35.701,1403.13944465562
35.7020000000002,1395.40524428356
35.7030000000002,1387.447454184
35.7040000000002,1379.43910487648
35.7050000000002,1371.26074735119
35.7060000000001,1362.40558572248
35.7070000000001,1354.83010009536
35.7080000000001,1348.9659010885
35.7090000000001,1345.06654561307
35.71,1343.17418750177
35.711,1342.69769613894
35.7120000000002,1342.43612703584
35.7130000000002,1343.37305370217
35.7140000000002,1344.90904339023
35.7150000000001,1346.33286077256
35.7160000000001,1346.93928934203
35.7170000000001,1345.70464474016
35.7180000000001,1341.47103632303
35.7190000000001,1335.64918442248
35.72,1328.47101518271
35.721,1320.30663337925
35.7220000000002,1311.61215807749
35.7230000000002,1302.39063112961
35.7240000000002,1292.31058564744
35.7250000000001,1283.2402407986
35.7260000000001,1275.48594572821
35.7270000000001,1269.12701515478
35.7280000000001,1264.0431230846
35.729,1259.46791758196
35.73,1254.329491174
35.7310000000002,1249.78475236606
35.7320000000002,1245.66212037009
35.7330000000002,1241.80880244154
35.7340000000002,1238.11779326364
35.7350000000001,1234.01889081417
35.7360000000001,1228.8468819752
35.7370000000001,1224.13024805378
35.7380000000001,1220.08598863157
35.739,1216.862631231
35.74,1214.52163490007
35.7410000000002,1212.48985924755
35.7420000000002,1210.03760404771
35.7430000000002,1208.39445442323
35.7440000000001,1207.43063223757
35.7450000000001,1206.91709555866
35.7460000000001,1206.56222324658
35.7470000000001,1205.50243784012
35.748,1202.90762072035
35.749,1199.91680090658
35.75,1196.50120603212
35.7510000000002,1192.65750815529
35.7520000000002,1188.41528465411
35.7530000000002,1183.27548705953
35.7540000000001,1176.85785534842
35.7550000000001,1170.61703054447
35.7560000000001,1164.83058667479
35.7570000000001,1159.71985482296
35.758,1155.44357298522
35.759,1151.51689435108
35.7600000000002,1147.55312854122
35.7610000000002,1144.83673122175
35.7620000000002,1143.46195666682
35.7630000000001,1143.43688936034
35.7640000000001,1144.69789133336
35.7650000000001,1146.53110657139
35.7660000000001,1148.41335139268
35.7670000000001,1151.4636138178
35.768,1155.71663259141
35.769,1161.19033608184
35.7700000000002,1167.89086741516
35.7710000000002,1175.20411064824
35.7720000000002,1182.78322640073
35.7730000000001,1191.79015830357
35.7740000000001,1202.28793603668
35.7750000000001,1214.23432842299
35.7760000000001,1227.4719369117
35.777,1241.10505443006
35.778,1254.50281885863
35.7790000000002,1268.42234823558
35.7800000000002,1282.563828774
35.7810000000002,1296.59170736543
35.7820000000002,1310.17038323081
35.7830000000001,1322.35437728424
35.7840000000001,1332.66725600143
35.7850000000001,1342.06564664696
35.7860000000001,1350.57492939516
35.787,1358.2145457378
35.788,1364.97399455039
35.7890000000002,1370.14245675424
35.7900000000002,1373.42547371042
35.7910000000002,1375.76865333568
35.7920000000001,1377.14366318859
35.7930000000001,1377.47367964179
35.7940000000001,1376.66023776765
35.7950000000001,1373.94873145556
35.796,1369.16092133938
35.797,1363.40513550416
35.798,1356.96822964076
35.7990000000002,1350.17727467088
35.8000000000002,1343.3713298409
35.8010000000002,1336.18443515506
35.8020000000001,1328.7786694614
35.8030000000001,1322.35578965002
35.8040000000001,1317.12490008581
35.8050000000001,1313.12554955408
35.806,1310.22949502983
35.807,1307.47079281327
35.8080000000002,1304.44962338134
35.8090000000002,1301.80733000266
35.8100000000002,1299.38644839379
35.8110000000001,1297.09515854411
35.8120000000001,1294.93487581962
35.8130000000001,1292.28802334925
35.8140000000001,1289.32795760848
35.8150000000001,1287.26166470067
35.816,1286.45254444879
35.817,1287.13392075083
35.8180000000002,1289.34217680421
35.8190000000002,1292.14787222876
35.8200000000002,1295.15669139678
35.8210000000001,1298.72169283089
35.8220000000001,1302.30335945667
35.8230000000001,1305.31453158371
35.8240000000001,1307.20949192566
35.825,1306.81254942697
35.826,1303.96788027518
35.8270000000002,1299.61476514715
35.8280000000002,1294.14260118743
35.8290000000002,1288.07206241565
35.8300000000002,1281.96880066497
35.8310000000001,1275.56931095134
35.8320000000001,1269.40051879032
35.8330000000001,1264.62789821634
35.8340000000001,1261.47014555238
35.835,1259.92635252981
35.836,1259.8005011928
35.8370000000002,1259.93191440741
35.8380000000002,1260.09128651022
35.8390000000002,1260.77506999619
35.8400000000001,1261.76282966122
35.8410000000001,1262.87130654094
35.8420000000001,1263.96221129112
35.8430000000001,1264.08093700713
35.8440000000001,1263.42637124539
35.845,1262.87692186974
35.846,1262.55064144241
35.8470000000002,1262.51737793098
35.8480000000002,1262.78958200923
35.8490000000002,1262.43607867561
35.8500000000001,1261.68846064563
35.8510000000001,1261.31201002494
35.8520000000001,1261.27888143525
35.8530000000001,1261.49320807633
35.854,1261.80581927473
35.855,1261.13371313906
35.8560000000002,1259.67038540407
35.8570000000002,1258.12492909665
35.8580000000002,1256.512481764
35.8590000000002,1254.86093622022
35.8600000000001,1253.22112317143
35.8610000000001,1250.75718425188
35.8620000000001,1247.98128242981
35.8630000000001,1245.83490315314
35.864,1244.53448436571
35.865,1244.20055131929
35.8660000000002,1244.83792569149
35.8670000000002,1245.38484608667
35.8680000000002,1246.0787382676
35.8690000000001,1247.47239017597
35.8700000000001,1249.40850617579
35.8710000000001,1251.69270743797
35.8720000000001,1254.12435222352
35.873,1255.53640935838
35.874,1256.28954233906
35.875,1257.13686357547
35.8760000000002,1258.21958840249
35.8770000000002,1259.66284628537
35.8780000000002,1261.54174231447
35.8790000000001,1262.86733762605
35.8800000000001,1264.09379116878
35.8810000000001,1265.84242976107
35.8820000000001,1268.04071132314
35.883,1270.53315922894
35.884,1273.10810849711
35.8850000000002,1274.52093922911
35.8860000000002,1275.14534051538
35.8870000000002,1275.56552052289
35.8880000000001,1275.80585807781
35.8890000000001,1275.89374329434
35.8900000000001,1275.84247990052
35.8910000000001,1274.58078146702
35.8920000000001,1272.69603549209
35.893,1270.87378011833
35.894,1269.18156680454
35.8950000000002,1267.62205595758
35.8960000000002,1266.13418197264
35.8970000000002,1263.52257900525
35.8980000000001,1260.32492966468
35.8990000000001,1257.14508665044
35.9000000000001,1254.03469403558
35.9010000000001,1251.02276546706
35.902,1248.10575878382
35.903,1244.15796333968
35.9040000000002,1239.8315550977
35.9050000000002,1235.74312323368
35.9060000000002,1231.96077258236
35.9070000000002,1228.5082659768
35.9080000000001,1225.36488295395
35.9090000000001,1221.39337931734
35.9100000000001,1217.27562130262
35.9110000000001,1213.58682473251
35.912,1210.39765730049
35.913,1207.75060492812
35.9140000000002,1205.665749842
35.9150000000002,1203.10564388571
35.9160000000002,1200.88965637057
35.9170000000001,1199.68255736165
35.9180000000001,1199.71986273295
35.9190000000001,1201.240715824
35.9200000000001,1204.47273299566
35.921,1208.56596952431
35.922,1214.46048745542
35.923,1222.71322906713
35.9240000000002,1233.26161122786
35.9250000000002,1245.78787027792
35.9260000000002,1259.70549348324
35.9270000000001,1273.11896518845
35.9280000000001,1285.89296959423
35.9290000000001,1297.49723659705
35.9300000000001,1307.01789298938
35.931,1313.66249664209
35.932,1316.86878264044
35.9330000000002,1315.29056418659
35.9340000000002,1309.9657433492
35.9350000000002,1301.90527817182
35.9360000000001,1292.01452919901
35.9370000000001,1281.36285933966
35.9380000000001,1271.06298558285
35.9390000000001,1261.04450023487
35.9400000000001,1253.13462513658
35.941,1248.45535109351
35.942,1247.45173965613
35.9430000000002,1250.22822439112
35.9440000000002,1256.57062579616
35.9450000000002,1264.87200360392
35.9460000000001,1275.45249119837
35.9470000000001,1287.96139953082
35.9480000000001,1301.59746541499
35.9490000000001,1315.48730375741
35.95,1328.73939826475
35.951,1339.34719318139
35.9520000000002,1347.6323798884
35.9530000000002,1353.49198045475
35.9540000000002,1356.69115204706
35.9550000000002,1357.19677252953
35.9560000000001,1355.17945957452
35.9570000000001,1349.77688115759
35.9580000000001,1342.59660707701
35.9590000000001,1334.64847651594
35.96,1326.57073057261
35.961,1318.81935164412
35.9620000000002,1311.58816248951
35.9630000000002,1303.34736520605
35.9640000000002,1295.01113130166
35.9650000000001,1286.59173469356
35.9660000000001,1277.68822563733
35.9670000000001,1267.86932711867
35.9680000000001,1256.74858683391
35.9690000000001,1242.2117992267
35.97,1225.74744102931
35.971,1208.27518568007
35.9720000000002,1190.60294126568
35.9730000000002,1173.62404023662
35.9740000000002,1158.14685319213
35.9750000000001,1142.43451512575
35.9760000000001,1128.69251744032
35.9770000000001,1117.90799278634
35.9780000000001,1110.4894300802
35.979,1106.56338299914
35.98,1105.91678647557
35.9810000000002,1105.97769902215
35.9820000000002,1107.68037896595
35.9830000000002,1110.81884168484
35.9840000000002,1114.91804336319
35.9850000000001,1119.57481714331
35.9860000000001,1124.47370970482
35.9870000000001,1128.55265732154
35.9880000000001,1132.6062179621
35.989,1136.51679220206
35.99,1139.91527907067
35.9910000000002,1142.36582082776
35.9920000000002,1143.45807746392
35.9930000000002,1142.32308340333
35.9940000000001,1139.7707842338
35.9950000000001,1135.93964307503
35.9960000000001,1131.00539737969
35.9970000000001,1125.29561340468
35.998,1119.27698220061
35.999,1112.94708002372
36,1107.73237574001
36.0010000000002,1104.07124550133
36.0020000000002,1102.08225831781
36.0030000000002,1101.68821309953
36.0040000000001,1102.7004395441
36.0050000000001,1104.3483074384
36.0060000000001,1107.33156820958
36.0070000000001,1111.47925393236
36.008,1116.51467229095
36.009,1122.18083636711
36.0100000000002,1128.315709097
36.0110000000002,1133.8928644569
36.0120000000002,1140.52484598908
36.0130000000001,1149.02429874343
36.0140000000001,1160.479507263
36.0150000000001,1176.34852970924
36.0160000000001,1198.38519339404
36.0170000000001,1226.89657177539
36.018,1265.39787900784
36.019,1315.55933813923
36.0200000000002,1378.25789546406
36.0210000000002,1453.47299679105
36.0220000000002,1540.26647065285
36.0230000000001,1635.39635941709
36.0240000000001,1738.59375818637
36.0250000000001,1848.20803739164
36.0260000000001,1962.99765315102
36.027,2082.37430782272
36.028,2206.27122290703
36.0290000000002,2333.22674192624
36.0300000000002,2464.09655969445
36.0310000000002,2596.59367963791
36.0320000000002,2725.79999951329
36.0330000000001,2843.69454038622
36.0340000000001,2939.25480708611
36.0350000000001,2997.90232398209
36.0360000000001,3007.52108431963
36.037,2956.11870792282
36.038,2835.49780423312
36.0390000000002,2643.27559991379
36.0400000000002,2384.16836477599
36.0410000000002,2068.90105655394
36.0420000000001,1717.67371499382
36.0430000000001,1353.68835088182
36.0440000000001,1001.60792767868
36.0450000000001,684.293504961266
36.046,419.714324421275
36.047,217.375625610794
36.048,81.6061905356358
36.0490000000002,7.38252267903893
36.0500000000002,-16.8032164830126
36.0510000000002,-6.5397102065143
36.0520000000001,21.270218022279
36.0530000000001,49.9363765280686
36.0540000000001,69.4044682733662
36.0550000000001,73.1727620107015
36.056,59.9039840118789
36.057,32.7381905381241
36.0580000000002,-2.14554663398316
36.0590000000002,-38.2795423462237
36.0600000000002,-66.3990055527764
36.0610000000001,-79.8435163847272
36.0620000000001,-73.9183750987501
36.0630000000001,-46.0692650360877
36.0640000000001,4.23193660498668
36.0650000000001,74.8997643774156
36.066,165.664730599718
36.067,274.287057737295
36.0680000000002,397.994497707209
36.0690000000002,533.425190198031
36.0700000000002,676.346438043526
36.0710000000001,820.592279699571
36.0720000000001,962.048777057178
36.0730000000001,1094.82596726313
36.0740000000001,1213.08765405208
36.075,1311.6911803443
36.076,1386.66569529698
36.0770000000002,1434.82808383897
36.0780000000002,1457.90017401262
36.0790000000002,1458.29036440859
36.0800000000002,1440.07147431702
36.0810000000001,1408.37897274896
36.0820000000001,1368.48668776941
36.0830000000001,1324.26851997801
36.0840000000001,1281.77164590567
36.085,1244.24481639673
36.086,1213.61186897747
36.0870000000002,1190.61542877853
36.0880000000002,1174.80813226322
36.0890000000002,1164.04839108119
36.0900000000001,1159.53992550848
36.0910000000001,1160.36409284587
36.0920000000001,1165.58847375986
36.0930000000001,1174.35015129374
36.0940000000001,1185.48139668081
36.095,1196.70059974002
36.096,1209.93077299722
36.0970000000002,1224.48354834765
36.0980000000002,1239.51904314618
36.0990000000002,1254.17601995195
36.1000000000001,1267.32579029037
36.1010000000001,1277.05791189809
36.1020000000001,1285.28815736014
36.1030000000001,1291.96908284811
36.104,1297.08948926721
36.105,1300.67159434055
36.1060000000002,1302.56119108893
36.1070000000002,1301.9628376723
36.1080000000002,1300.03083670286
36.1090000000002,1297.1967582551
36.1100000000001,1293.92527517197
36.1110000000001,1290.63769354977
36.1120000000001,1287.46780566956
36.1130000000001,1283.81333484872
36.114,1280.53899520699
36.115,1277.95435638813
36.1160000000002,1276.35991693453
36.1170000000002,1275.99033136225
36.1180000000002,1276.76644489574
36.1190000000001,1277.89203486035
36.1200000000001,1280.00043654761
36.1210000000001,1283.15569041868
36.1220000000001,1287.37826523279
36.123,1292.58567726648
36.124,1298.33535067091
36.125,1303.48903081126
36.1260000000002,1308.37815240288
36.1270000000002,1312.83150862492
36.1280000000002,1316.74225572895
36.1290000000001,1320.03307632623
36.1300000000001,1322.29860545733
36.1310000000001,1322.60017272912
36.1320000000001,1322.04589138912
36.133,1320.86146144644
36.134,1319.31309510168
36.1350000000002,1317.66093474416
36.1360000000002,1315.66230584371
36.1370000000002,1312.55383398735
36.1380000000001,1309.98987534496
36.1390000000001,1308.20643410543
36.1400000000001,1307.36903645906
36.1410000000001,1307.58596902822
36.1420000000001,1308.43639222287
36.143,1309.08388539581
36.144,1311.06980658269
36.1450000000002,1314.53487604896
36.1460000000002,1319.4964727966
36.1470000000002,1325.81576739795
36.1480000000001,1332.70576737526
36.1490000000001,1338.91480378408
36.1500000000001,1345.32523372045
36.1510000000001,1351.58933916409
36.152,1357.37145819746
36.153,1362.3926126597
36.1540000000002,1365.95865898038
36.1550000000002,1367.25493443763
36.1560000000002,1367.79364177744
36.1570000000002,1368.0180712879
36.1580000000001,1368.41787627619
36.1590000000001,1369.44300232182
36.1600000000001,1370.86748407577
36.1610000000001,1372.13024601964
36.162,1374.67913763402
36.163,1378.55999717025
36.1640000000002,1383.64557944376
36.1650000000002,1389.66545954439
36.1660000000002,1395.66170561567
36.1670000000001,1400.56042610403
36.1680000000001,1405.45692164524
36.1690000000001,1410.28688695609
36.1700000000001,1415.03962290861
36.171,1419.73753892412
36.172,1423.79578998136
36.173,1426.61718607091
36.1740000000002,1429.64332353079
36.1750000000002,1433.0987792101
36.1760000000002,1437.15139445319
36.1770000000001,1441.89417678803
36.1780000000001,1446.69473620893
36.1790000000001,1450.92368853667
36.1800000000001,1455.8988458975
36.181,1461.7294661933
36.182,1468.46201992418
36.1830000000002,1476.05795269874
36.1840000000002,1483.69946151264
36.1850000000002,1490.63532379398
36.1860000000001,1497.99690027227
36.1870000000001,1505.71179930267
36.1880000000001,1513.66560743637
36.1890000000001,1521.70427904648
36.1900000000001,1528.93145917607
36.191,1534.68421543615
36.192,1540.17501726734
36.1930000000002,1545.4820792633
36.1940000000002,1550.66886357289
36.1950000000002,1555.75756792282
36.1960000000001,1559.97669469613
36.1970000000001,1562.82412853803
36.1980000000001,1565.5328492097
36.1990000000001,1568.18572387686
36.2,1570.82326192355
36.201,1573.44128271449
36.2020000000002,1575.23389726991
36.2030000000002,1575.78734029321
36.2040000000002,1576.40836767345
36.2050000000002,1577.32834260157
36.2060000000001,1578.77168852394
36.2070000000001,1580.92520811129
36.2080000000001,1583.09643144851
36.2090000000001,1585.01920562867
36.21,1588.0397039318
36.211,1592.32235858378
36.2120000000002,1597.9152064889
36.2130000000002,1604.72321997083
36.2140000000002,1611.62261100782
36.2150000000001,1617.9651304082
36.2160000000001,1624.69526741122
36.2170000000001,1631.5981156664
36.2180000000001,1638.42282276006
36.2190000000001,1644.89011441412
36.22,1649.7770082022
36.221,1652.57908381792
36.2220000000002,1654.4888778402
36.2230000000002,1655.66172572104
36.2240000000002,1656.29728085311
36.2250000000001,1656.60031364881
36.2260000000001,1655.76164292179
36.2270000000001,1653.74696174091
36.2280000000001,1652.09819153429
36.229,1651.21674665395
36.23,1651.43401166852
36.2310000000002,1652.96668206233
36.2320000000002,1654.8532617616
36.2330000000002,1656.90483788954
36.2340000000002,1660.33413969355
36.2350000000001,1665.13618814186
36.2360000000001,1671.17111147402
36.2370000000001,1678.15073918339
36.2380000000001,1684.58609955783
36.239,1689.91288491172
36.24,1694.95678357417
36.2410000000002,1699.4864712322
36.2420000000002,1703.30327760651
36.2430000000002,1706.24611362904
36.2440000000001,1707.09608271409
36.2450000000001,1705.82790731209
36.2460000000001,1703.82011188382
36.2470000000001,1701.44513781719
36.248,1699.07061698531
36.249,1696.99768401657
36.25,1694.26162553553
36.2510000000002,1691.03917199242
36.2520000000002,1688.65976695677
36.2530000000002,1687.30477532748
36.2540000000001,1687.0558823298
36.2550000000001,1687.89846691795
36.2560000000001,1688.54009507863
36.2570000000001,1689.03809640358
36.258,1690.63408892457
36.259,1693.55468200977
36.2600000000002,1698.02150220474
36.2610000000002,1704.20901950333
36.2620000000002,1710.96230462205
36.2630000000001,1718.52041428239
36.2640000000001,1728.09637174728
36.2650000000001,1739.75661780072
36.2660000000001,1753.40447873612
36.2670000000001,1768.76150319767
36.268,1784.08747427198
36.269,1799.13884391456
36.2700000000002,1814.62892290877
36.2710000000002,1830.28204912904
36.2720000000002,1845.85131517062
36.2730000000001,1861.12623464914
36.2740000000001,1874.59179142931
36.2750000000001,1886.53638613036
36.2760000000001,1898.23090165285
36.277,1909.9967228714
36.278,1922.11887123453
36.2790000000002,1934.77184048378
36.2800000000002,1946.56498336939
36.2810000000002,1957.81413011889
36.2820000000002,1969.49564103049
36.2830000000001,1981.46690661823
36.2840000000001,1993.43699394964
36.2850000000001,2004.98269265412
36.2860000000001,2014.13503709388
36.287,2020.91309245557
36.288,2026.12115484129
36.2890000000002,2029.70630359601
36.2900000000002,2031.69861858559
36.2910000000002,2032.18740464046
36.2920000000001,2029.7932400591
36.2930000000001,2025.30934249585
36.2940000000001,2020.21415337878
36.2950000000001,2015.07553586346
36.296,2010.41416029512
36.297,2006.6430300215
36.298,2002.48338800823
36.2990000000002,1998.7657280871
36.3000000000002,1996.71776346404
36.3010000000002,1996.53559490601
36.3020000000001,1998.25584311312
36.3030000000001,2001.73854450811
36.3040000000001,2005.07359601091
36.3050000000001,2008.62513255001
36.306,2013.11586679431
36.307,2018.3533740124
36.3080000000002,2024.10329836593
36.3090000000002,2030.08383137867
36.3100000000002,2034.31819955121
36.3110000000001,2037.35862094423
36.3120000000001,2040.13650720803
36.3130000000001,2042.78431617295
36.3140000000001,2045.45087634733
36.3150000000001,2048.25975004678
36.316,2049.58120141136
36.317,2050.38489893286
36.3180000000002,2051.83991959659
36.3190000000002,2054.24688067933
36.3200000000002,2057.80647396784
36.3210000000001,2062.57431185381
36.3220000000001,2066.69628460944
36.3230000000001,2070.96752523143
36.3240000000001,2076.22030020431
36.325,2082.4359291955
36.326,2089.5238928001
36.3270000000002,2097.30692093475
36.3280000000002,2103.70485527493
36.3290000000002,2109.54313640332
36.3300000000002,2115.61769842801
36.3310000000001,2121.92621212889
36.3320000000001,2128.40957055702
36.3330000000001,2134.92589399599
36.3340000000001,2139.37259559679
36.335,2142.76483127958
36.336,2145.99487825936
36.3370000000002,2149.25188408403
36.3380000000002,2152.76870448196
36.3390000000002,2156.79631443079
36.3400000000001,2159.63429529114
36.3410000000001,2162.86686183553
36.3420000000001,2167.70620396212
36.3430000000001,2174.46897991669
36.3440000000001,2183.21471474483
36.345,2193.68140973246
36.346,2203.26569193374
36.3470000000002,2212.62497352962
36.3480000000002,2221.83699582905
36.3490000000002,2230.22570442104
36.3500000000001,2237.1725133979
36.3510000000001,2242.20813553956
36.3520000000001,2242.99673313613
36.3530000000001,2241.19259901067
36.354,2238.17721896305
36.355,2234.83672218096
36.3560000000002,2232.09957321113
36.3570000000002,2230.77754139022
36.3580000000002,2229.28267184027
36.3590000000002,2229.57365655438
36.3600000000001,2232.62540545837
36.3610000000001,2238.43748622955
36.3620000000001,2246.70187507094
36.3630000000001,2256.8539575193
36.364,2265.94155017323
36.365,2274.97290088402
36.3660000000002,2284.22261521315
36.3670000000002,2293.43100004808
36.3680000000002,2302.39729393864
36.3690000000001,2310.93545849596
36.3700000000001,2316.55506719712
36.3710000000001,2320.94541836798
36.3720000000001,2324.87689535072
36.373,2328.52357355078
36.374,2332.01826837065
36.375,2335.42940222537
36.3760000000002,2336.41509555571
36.3770000000002,2336.95319875474
36.3780000000002,2337.94942444794
36.3790000000001,2339.71187623663
36.3800000000001,2342.4350505166
36.3810000000001,2346.13712794278
36.3820000000001,2348.22528284052
36.383,2350.4538847714
36.384,2353.25803655527
36.3850000000002,2356.45924602079
36.3860000000002,2359.79077674786
36.3870000000002,2362.91483759098
36.3880000000001,2362.99396891442
36.3890000000001,2361.91983777026
36.3900000000001,2360.32276073964
36.3910000000001,2358.42404740861
36.3920000000001,2356.46184658408
36.393,2354.63083929701
36.394,2350.48525791514
36.3950000000002,2346.43213087397
36.3960000000002,2343.31893555752
36.3970000000002,2341.46647758649
36.3980000000001,2341.07626682366
36.3990000000001,2342.20107367086
36.4000000000001,2342.10457043266
36.4010000000001,2343.08874178133
36.402,2345.7517470663
36.403,2350.22833739491
36.4040000000002,2356.56439755752
36.4050000000002,2364.67821635719
36.4060000000002,2371.67319824052
36.4070000000002,2379.8036540911
36.4080000000001,2389.43241854263
36.4090000000001,2400.45710092061
36.4100000000001,2412.65382467717
36.4110000000001,2425.6642010282
36.412,2436.32461315005
36.413,2446.80246242691
36.4140000000002,2457.31879143967
36.4150000000002,2467.79191323876
36.4160000000002,2478.15176941365
36.4170000000001,2488.31930687626
36.4180000000001,2495.50072493284
36.4190000000001,2502.33585386218
36.4200000000001,2509.37470980164
36.421,2516.81518968016
36.422,2524.72286273479
36.423,2532.98974891502
36.4240000000002,2538.65235516575
36.4250000000002,2544.13376343962
36.4260000000002,2549.60675879537
36.4270000000001,2554.98945112568
36.4280000000001,2560.20592642547
36.4290000000001,2565.20171352272
36.4300000000001,2567.25531333307
36.431,2569.30331774016
36.432,2571.9504068401
36.4330000000002,2575.53603829808
36.4340000000002,2580.24192608813
36.4350000000002,2586.02415992137
36.4360000000001,2589.85908480196
36.4370000000001,2594.25831294197
36.4380000000001,2599.10431301003
36.4390000000001,2604.03597480095
36.4400000000001,2608.67434762303
36.441,2612.69786482241
36.442,2613.14030114656
36.4430000000002,2613.10159376097
36.4440000000002,2613.24720257986
36.4450000000002,2614.23333884361
36.4460000000001,2616.70615496352
36.4470000000001,2621.17985682298
36.4480000000001,2625.1402703545
36.4490000000001,2631.77851866823
36.45,2641.22279703384
36.451,2653.1944365508
36.4520000000002,2667.09942131809
36.4530000000002,2682.08585878677
36.4540000000002,2694.32761153195
36.4550000000002,2706.00464873485
36.4560000000001,2716.47438268907
36.4570000000001,2725.13563583675
36.4580000000001,2731.47883562119
36.4590000000001,2735.05549582376
36.46,2732.84650819206
36.461,2727.92479036101
36.4620000000002,2720.69519631828
36.4630000000002,2711.64402538383
36.4640000000002,2701.31918536329
36.4650000000001,2690.18904311353
36.4660000000001,2675.99658156116
36.4670000000001,2662.46930139704
36.4680000000001,2650.33479179422
36.4690000000001,2640.06089408549
36.47,2631.79702502242
36.471,2625.17782479088
36.4720000000002,2616.54432368477
36.4730000000002,2608.70996375627
36.4740000000002,2601.27056739191
36.4750000000001,2593.75261867677
36.4760000000001,2585.68076253615
36.4770000000001,2576.38163434793
36.4780000000001,2561.95850906005
36.479,2546.25997686182
36.48,2529.94403281336
36.4810000000002,2513.78031440585
36.4820000000002,2498.5065518833
36.4830000000002,2484.36493221114
36.4840000000002,2468.06245708516
36.4850000000001,2453.63930988056
36.4860000000001,2441.46896660319
36.4870000000001,2431.69955013545
36.4880000000001,2424.26799250511
36.489,2418.62951421276
36.49,2411.83692545509
36.4910000000002,2406.60190275305
36.4920000000002,2402.72140781649
36.4930000000002,2399.94875638793
36.4940000000001,2398.06635613294
36.4950000000001,2396.71615948575
36.4960000000001,2394.55331338609
36.4970000000001,2393.6187622619
36.498,2393.68499083952
36.499,2394.27795845736
36.5,2394.79165770114
36.5010000000002,2394.43487706417
36.5020000000002,2391.92709596389
36.5030000000002,2388.72012986904
36.5040000000001,2384.51688077535
36.5050000000001,2379.09374759328
36.5060000000001,2372.44068605195
36.5070000000001,2364.57117486171
36.508,2354.85698367816
36.509,2346.27040708285
36.5100000000002,2339.59808187001
36.5110000000002,2335.32520471005
36.5120000000002,2333.57553616621
36.5130000000001,2333.68784265005
36.5140000000001,2333.27139826243
36.5150000000001,2334.56692474761
36.5160000000001,2337.26160093019
36.5170000000001,2341.21534628556
36.518,2346.66047725928
36.519,2353.80184907808
36.5200000000002,2361.81717777023
36.5210000000002,2375.44980862928
36.5220000000002,2396.89128463093
36.5230000000001,2428.19608702118
36.5240000000001,2471.02986756665
36.5250000000001,2525.92136912535
36.5260000000001,2591.37691003703
36.527,2669.97340121136
36.528,2761.03626251609
36.5290000000002,2863.34286543082
36.5300000000002,2975.31782402397
36.5310000000002,3094.61821316551
36.5320000000002,3217.6325814609
36.5330000000001,3344.94133350841
36.5340000000001,3474.20837472669
36.5350000000001,3602.34335606056
36.5360000000001,3725.2967472313
36.537,3837.34717087471
36.538,3930.76077455657
36.5390000000002,4001.26492508055
36.5400000000002,4041.7954727116
36.5410000000002,4045.43410419818
36.5420000000001,4006.12824402868
36.5430000000001,3918.7775178453
36.5440000000001,3779.61867615343
36.5450000000001,3591.61668719481
36.546,3358.17009516823
36.547,3085.24033014017
36.548,2780.97946288787
36.5490000000002,2454.49022634776
36.5500000000002,2115.05783026088
36.5510000000002,1776.08377326858
36.5520000000001,1448.22155717013
36.5530000000001,1140.9978856725
36.5540000000001,862.440877359814
36.5550000000001,618.194234775204
36.556,411.595812050109
36.557,248.188516006884
36.5580000000002,129.923299137922
36.5590000000002,57.4922047324207
36.5600000000002,30.5221502827746
36.5610000000001,46.9704464003523
36.5620000000001,103.445003616725
36.5630000000001,199.340351702208
36.5640000000001,330.970189319158
36.5650000000001,493.597139369876
36.566,681.43379086474
36.567,886.953221305993
36.5680000000002,1101.50298498469
36.5690000000002,1319.50858659756
36.5700000000002,1533.25300582953
36.5710000000001,1735.37644174445
36.5720000000001,1919.36002129887
36.5730000000001,2079.14806869893
36.5740000000001,2210.04369894277
36.575,2312.50757429309
36.576,2386.72299256706
36.5770000000002,2434.39530927403
36.5780000000002,2458.44330009587
36.5790000000002,2461.74852332352
36.5800000000002,2447.47154813064
36.5810000000001,2422.05544941548
36.5820000000001,2389.59719986107
36.5830000000001,2353.57455704336
36.5840000000001,2316.74074405708
36.585,2280.20136351104
36.586,2244.45541245497
36.5870000000002,2212.71786240973
36.5880000000002,2185.73980060871
36.5890000000002,2163.91943937206
36.5900000000001,2147.39600663548
36.5910000000001,2135.03935639202
36.5920000000001,2125.81481522714
36.5930000000001,2121.8524149436
36.5940000000001,2122.72909391782
36.595,2127.71431518116
36.596,2135.84168137872
36.5970000000002,2144.74267930334
36.5980000000002,2152.59368289451
36.5990000000002,2161.15613689774
36.6000000000001,2169.59527897386
36.6010000000001,2177.13280759332
36.6020000000001,2183.18180063939
36.6030000000001,2186.09440831106
36.604,2185.30002855873
36.605,2183.90069919576
36.6060000000002,2182.39182213971
36.6070000000002,2181.14297951391
36.6080000000002,2180.38616546343
36.6090000000002,2179.11191605528
36.6100000000001,2176.72923876864
36.6110000000001,2175.29158325914
36.6120000000001,2174.80788613758
36.6130000000001,2175.12995966377
36.614,2176.00698861415
36.615,2176.40563483132
36.6160000000002,2175.43268925624
36.6170000000002,2174.29365601191
36.6180000000002,2173.35613529154
36.6190000000001,2173.04702458293
36.6200000000001,2173.70223331336
36.6210000000001,2174.81577696596
36.6220000000001,2175.60199413331
36.623,2176.79207095531
36.624,2178.37519273184
36.625,2180.30304912366
36.6260000000002,2182.45771763622
36.6270000000002,2183.81259861138
36.6280000000002,2183.63440848418
36.6290000000001,2183.12105398099
36.6300000000001,2182.57366826308
36.6310000000001,2182.37048401482
36.6320000000001,2182.86404837959
36.633,2183.12928948978
36.634,2182.93086111619
36.6350000000002,2183.94462239357
36.6360000000002,2186.11011109473
36.6370000000002,2189.15576978683
36.6380000000001,2192.65376561062
36.6390000000001,2194.79795757507
36.6400000000001,2194.96129682994
36.6410000000001,2194.70411990862
36.6420000000001,2194.00977736298
36.643,2192.93541271686
36.644,2191.61084723199
36.6450000000002,2188.91097621309
36.6460000000002,2184.96669063618
36.6470000000002,2181.8650072663
36.6480000000001,2180.03036668326
36.6490000000001,2179.70669943953
36.6500000000001,2180.92456714713
36.6510000000001,2182.19048447129
36.652,2183.12789147171
36.653,2185.08399809028
36.6540000000002,2187.88040542303
36.6550000000002,2191.30626944498
36.6560000000002,2195.1574194576
36.6570000000002,2197.9197992733
36.6580000000001,2199.54523050053
36.6590000000001,2201.7395225156
36.6600000000001,2204.78370326842
36.6610000000001,2208.8750548672
36.662,2214.06588213124
36.663,2218.84174216163
36.6640000000002,2223.05376384012
36.6650000000002,2227.96612811438
36.6660000000002,2233.32637948168
36.6670000000001,2238.79296294656
36.6680000000001,2243.99756851964
36.6690000000001,2247.19022213225
36.6700000000001,2248.37094213649
36.671,2249.08193609623
36.672,2249.58098863144
36.673,2250.11555697203
36.6740000000002,2250.86030278201
36.6750000000002,2250.40200210732
36.6760000000002,2248.98961062788
36.6770000000001,2248.09116356532
36.6780000000001,2247.74506174567
36.6790000000001,2247.89243193643
36.6800000000001,2248.41535573781
36.681,2247.66989728906
36.682,2245.94619409414
36.6830000000002,2244.78082157599
36.6840000000002,2244.41726333486
36.6850000000002,2245.01658899574
36.6860000000001,2246.60502466567
36.6870000000001,2247.51172353423
36.6880000000001,2247.94341731481
36.6890000000001,2249.06623869171
36.6900000000001,2250.72853591397
36.691,2252.73666825565
36.692,2254.91388760982
36.6930000000002,2255.58734735645
36.6940000000002,2255.3330515028
36.6950000000002,2255.76823147297
36.6960000000001,2257.33944033825
36.6970000000001,2260.41249781484
36.6980000000001,2265.18312545923
36.6990000000001,2270.00891738497
36.7,2275.26624048046
36.701,2281.916545445
36.7020000000002,2289.5540208373
36.7030000000002,2297.61576675385
36.7040000000002,2305.47011417287
36.7050000000002,2310.87168943854
36.7060000000001,2314.08212772509
36.7070000000001,2316.22884137293
36.7080000000001,2317.46268901447
36.7090000000001,2318.01048827723
36.71,2318.10313441678
36.711,2316.22477656964
36.7120000000002,2313.25924780033
36.7130000000002,2310.53487569546
36.7140000000002,2308.12748828233
36.7150000000001,2305.9328898086
36.7160000000001,2303.70360416012
36.7170000000001,2299.36598106384
36.7180000000001,2293.5227487004
36.7190000000001,2287.33643753124
36.72,2281.00976094417
36.721,2274.82310727966
36.7220000000002,2269.10544978396
36.7230000000002,2262.37358503364
36.7240000000002,2255.96074295115
36.7250000000001,2251.51044452643
36.7260000000001,2249.49340640244
36.7270000000001,2250.16649473236
36.7280000000001,2253.52762363574
36.729,2257.42260229414
36.73,2262.45188354076
36.7310000000002,2269.2674079105
36.7320000000002,2277.34558042071
36.7330000000002,2286.02282602222
36.7340000000002,2294.54805998217
36.7350000000001,2300.220521593
36.7360000000001,2303.54037672629
36.7370000000001,2305.26459705177
36.7380000000001,2305.32717219252
36.739,2303.79084645315
36.74,2300.82109167293
36.7410000000002,2294.67755452785
36.7420000000002,2286.93613103974
36.7430000000002,2279.18101586245
36.7440000000001,2271.99734011939
36.7450000000001,2265.82354595546
36.7460000000001,2260.90088878421
36.7470000000001,2255.2526428571
36.748,2250.09797348966
36.749,2246.37818333621
36.75,2244.02031045767
36.7510000000002,2242.83963579684
36.7520000000002,2242.5686403848
36.7530000000002,2240.88297524296
36.7540000000001,2238.92442664168
36.7550000000001,2237.58135205606
36.7560000000001,2236.90407596688
36.7570000000001,2236.90602987607
36.758,2237.53889867585
36.759,2236.64606004929
36.7600000000002,2235.59119923339
36.7610000000002,2235.27738381415
36.7620000000002,2235.74525336508
36.7630000000001,2236.95667487776
36.7640000000001,2238.80559461293
36.7650000000001,2239.07001147283
36.7660000000001,2239.25182369622
36.7670000000001,2240.32733004191
36.768,2242.52241773648
36.769,2246.04217696057
36.7700000000002,2251.04510128362
36.7710000000002,2255.51343916407
36.7720000000002,2261.17722408652
36.7730000000001,2268.95981047346
36.7740000000001,2278.88329030367
36.7750000000001,2290.74320175237
36.7760000000001,2304.10431616577
36.777,2316.19925832787
36.778,2328.07927214963
36.7790000000002,2339.9438701465
36.7800000000002,2351.3180657429
36.7810000000002,2361.77374327535
36.7820000000002,2370.97647148021
36.7830000000001,2376.55672578931
36.7840000000001,2380.3307912099
36.7850000000001,2383.32819592914
36.7860000000001,2385.99218022004
36.787,2388.71751510132
36.788,2391.77746103473
36.7890000000002,2393.09179139551
36.7900000000002,2394.55740832287
36.7910000000002,2396.89585824751
36.7920000000001,2400.1011076457
36.7930000000001,2404.04543375431
36.7940000000001,2408.51347218734
36.7950000000001,2410.99478322981
36.796,2413.26548469175
36.797,2415.90994664085
36.798,2418.8873139627
36.7990000000002,2422.02862801532
36.8000000000002,2425.00392828082
36.8010000000002,2425.04215166676
36.8020000000001,2423.69174658076
36.8030000000001,2421.158729252
36.8040000000001,2417.14338528251
36.8050000000001,2411.4152793126
36.806,2403.87655294875
36.807,2392.30977808607
36.8080000000002,2379.19875381868
36.8090000000002,2365.78724734251
36.8100000000002,2352.89691082102
36.8110000000001,2341.25986074067
36.8120000000001,2331.39737991607
36.8130000000001,2321.22501132881
36.8140000000001,2312.92069615685
36.8150000000001,2306.85226925815
36.816,2302.69463472317
36.817,2299.9236716135
36.8180000000002,2297.9151718897
36.8190000000002,2293.71333734885
36.8200000000002,2289.14698625165
36.8210000000001,2284.56825548958
36.8220000000001,2280.06578567362
36.8230000000001,2275.78590389692
36.8240000000001,2271.86353417409
36.825,2265.98503610165
36.826,2260.55740600482
36.8270000000002,2256.13525125307
36.8280000000002,2252.80682346514
36.8290000000002,2250.54249805269
36.8300000000002,2249.22035184068
36.8310000000001,2246.23328852867
36.8320000000001,2243.91941564211
36.8330000000001,2242.73157043748
36.8340000000001,2242.76760317149
36.835,2244.02325644122
36.836,2246.34937273016
36.8370000000002,2246.9714896163
36.8380000000002,2248.07470109965
36.8390000000002,2249.71120934729
36.8400000000001,2251.58725601304
36.8410000000001,2253.37794011135
36.8420000000001,2254.78184531684
36.8430000000001,2253.06872580212
36.8440000000001,2250.86275016265
36.845,2248.69538947984
36.846,2246.88860463729
36.8470000000002,2245.71242606106
36.8480000000002,2245.32111955605
36.8490000000002,2243.17571223047
36.8500000000001,2241.9502587311
36.8510000000001,2241.84502834775
36.8520000000001,2242.71567613805
36.8530000000001,2244.30183101443
36.854,2246.280415224
36.855,2245.72896165844
36.8560000000002,2245.29655348858
36.8570000000002,2245.21475340367
36.8580000000002,2245.5515985917
36.8590000000002,2246.31437544924
36.8600000000001,2247.40868084262
36.8610000000001,2245.98495697165
36.8620000000001,2244.75478366025
36.8630000000001,2243.7442946055
36.864,2242.78210766834
36.865,2241.64900922367
36.8660000000002,2240.12492949992
36.8670000000002,2235.39627121257
36.8680000000002,2230.4447411249
36.8690000000001,2225.62755926596
36.8700000000001,2221.22867434373
36.8710000000001,2217.47273194007
36.8720000000001,2214.47876618028
36.873,2209.62186040212
36.874,2205.86110804476
36.875,2203.31029552287
36.8760000000002,2201.94571085113
36.8770000000002,2201.66282769314
36.8780000000002,2202.27118109133
36.8790000000001,2201.09328624244
36.8800000000001,2200.98353776979
36.8810000000001,2202.11134410988
36.8820000000001,2204.53410674867
36.883,2208.16877736926
36.884,2212.6739608817
36.8850000000002,2215.1582010643
36.8860000000002,2217.99277033982
36.8870000000002,2220.81483597257
36.8880000000001,2223.16168021702
36.8890000000001,2224.55941709831
36.8900000000001,2224.4717242092
36.8910000000001,2220.22879184651
36.8920000000001,2214.61616789211
36.893,2207.9919618271
36.894,2200.77157797453
36.8950000000002,2193.37747224474
36.8960000000002,2186.00814786758
36.8970000000002,2176.60914237988
36.8980000000001,2168.16587903586
36.8990000000001,2160.96784573203
36.9000000000001,2155.11157399792
36.9010000000001,2150.54536547306
36.902,2146.91277694749
36.903,2141.78670566699
36.9040000000002,2137.80356119982
36.9050000000002,2135.10218418204
36.9060000000002,2133.77918122534
36.9070000000002,2133.87910351387
36.9080000000001,2135.12664284354
36.9090000000001,2135.27510098604
36.9100000000001,2136.81437283798
36.9110000000001,2139.65052951547
36.912,2143.5059973858
36.913,2147.96166864901
36.9140000000002,2152.23723804611
36.9150000000002,2153.83986599492
36.9160000000002,2154.909809817
36.9170000000001,2155.28345398059
36.9180000000001,2154.83480103367
36.9190000000001,2153.50691479999
36.9200000000001,2151.01649088943
36.921,2145.62036449696
36.922,2139.99574731909
36.923,2134.49288675583
36.9240000000002,2129.33860781222
36.9250000000002,2124.62986570141
36.9260000000002,2120.009198763
36.9270000000001,2113.65493460415
36.9280000000001,2107.83364491807
36.9290000000001,2102.5347636482
36.9300000000001,2097.6861278612
36.931,2093.22415490676
36.932,2088.78905961026
36.9330000000002,2082.89167333756
36.9340000000002,2078.07053714591
36.9350000000002,2074.72660074979
36.9360000000001,2073.15998737236
36.9370000000001,2073.53609151099
36.9380000000001,2075.46871678024
36.9390000000001,2077.29880520686
36.9400000000001,2080.99236570023
36.941,2086.24214733151
36.942,2092.56121082652
36.9430000000002,2099.37808203914
36.9440000000002,2105.71085033095
36.9450000000002,2109.68509754938
36.9460000000001,2113.23683086483
36.9470000000001,2116.35366110122
36.9480000000001,2119.06678848227
36.9490000000001,2121.44408199413
36.95,2123.12036066237
36.951,2122.86629692066
36.9520000000002,2122.94028584639
36.9530000000002,2123.49249499139
36.9540000000002,2124.52613467357
36.9550000000002,2125.93720133152
36.9560000000001,2127.07871177993
36.9570000000001,2126.52443319238
36.9580000000001,2126.17862273712
36.9590000000001,2125.91269330066
36.96,2125.4501220193
36.961,2124.38749519431
36.9620000000002,2121.72837825926
36.9630000000002,2115.80559547455
36.9640000000002,2108.17277607352
36.9650000000001,2098.54707526986
36.9660000000001,2086.71788449122
36.9670000000001,2072.6371139634
36.9680000000001,2055.94233513265
36.9690000000001,2035.96642593137
36.97,2015.35846499319
36.971,1994.96583169774
36.9720000000002,1975.52233871886
36.9730000000002,1957.55387641353
36.9740000000002,1940.66712542888
36.9750000000001,1923.59481200381
36.9760000000001,1908.28859528358
36.9770000000001,1894.48208594911
36.9780000000001,1881.71508787398
36.979,1869.43719088581
36.98,1856.29997443046
36.9810000000002,1840.38594441074
36.9820000000002,1824.11462208947
36.9830000000002,1807.90462148224
36.9840000000002,1792.28088316432
36.9850000000001,1777.74891658699
36.9860000000001,1763.72810105881
36.9870000000001,1748.73864749417
36.9880000000001,1735.54418536294
36.989,1724.41640230142
36.99,1715.43930622694
36.9910000000002,1708.50805353616
36.9920000000002,1702.58959940895
36.9930000000002,1696.25576131137
36.9940000000001,1691.12044552352
36.9950000000001,1686.89791590944
36.9960000000001,1683.28665201329
36.9970000000001,1680.0423852475
36.998,1676.61113170867
36.999,1672.7716467303
37,1669.60037900455
37.0010000000002,1666.82730885634
37.0020000000002,1663.99151287636
37.0030000000002,1660.5548324879
37.0040000000001,1655.65445677336
37.0050000000001,1648.96251907089
37.0060000000001,1641.43691243023
37.0070000000001,1633.08837927207
37.008,1624.09590778937
37.009,1614.86949726696
37.0100000000002,1605.6365293904
37.0110000000002,1597.15655436551
37.0120000000002,1591.09368854337
37.0130000000001,1587.63870755434
37.0140000000001,1586.47841442004
37.0150000000001,1586.86669343278
37.0160000000001,1587.32077781087
37.0170000000001,1586.73569841661
37.018,1585.19672509591
37.019,1581.89456955371
37.0200000000002,1576.44213548888
37.0210000000002,1569.10103610895
37.0220000000002,1560.19155907661
37.0230000000001,1551.20827698028
37.0240000000001,1546.04037603383
37.0250000000001,1547.41184411663
37.0260000000001,1557.92651621031
37.027,1579.78264692639
37.028,1613.7051518264
37.0290000000002,1660.1253707248
37.0300000000002,1720.78189129755
37.0310000000002,1795.22678704381
37.0320000000002,1882.46958198647
37.0330000000001,1981.22914750186
37.0340000000001,2089.37099063089
37.0350000000001,2205.36981321774
37.0360000000001,2329.52260227489
37.037,2460.6624239722
37.038,2597.16181166979
37.0390000000002,2736.56410260141
37.0400000000002,2874.44645554546
37.0410000000002,3005.43414216513
37.0420000000001,3123.91181088236
37.0430000000001,3221.3947674694
37.0440000000001,3288.14071383842
37.0450000000001,3313.95797693524
37.046,3288.54889202815
37.047,3204.18097695178
37.048,3057.68536409157
37.0490000000002,2848.9547596802
37.0500000000002,2582.74262008792
37.0510000000002,2268.82501257451
37.0520000000001,1920.74068608889
37.0530000000001,1556.16325924577
37.0540000000001,1195.85991428751
37.0550000000001,859.208793465174
37.056,563.198892252735
37.057,320.595662139909
37.0580000000002,137.814291489732
37.0590000000002,15.8619140681265
37.0600000000002,-49.0389159825761
37.0610000000001,-66.8150280933749
37.0620000000001,-50.9069692782058
37.0630000000001,-16.2494083099572
37.0640000000001,22.0479278019277
37.0650000000001,52.2445737954733
37.066,67.6565431533456
37.067,65.2544409250694
37.0680000000002,46.6870003545126
37.0690000000002,17.6545808021745
37.0700000000002,-14.0543141252497
37.0710000000001,-38.3645372246068
37.0720000000001,-44.3909109015482
37.0730000000001,-23.879987678609
37.0740000000001,28.617088484496
37.075,115.107425399931
37.076,233.197856240779
37.0770000000002,378.183861820576
37.0780000000002,543.692419528984
37.0790000000002,720.717194991003
37.0800000000002,899.540081314577
37.0810000000001,1070.73550467195
37.0820000000001,1225.19773156791
37.0830000000001,1356.6347388116
37.0840000000001,1461.76502332102
37.085,1538.64646128664
37.086,1587.41307854899
37.0870000000002,1609.97189555997
37.0880000000002,1608.71368026523
37.0890000000002,1588.01245277467
37.0900000000001,1553.40688076313
37.0910000000001,1509.49408470651
37.0920000000001,1460.46658092598
37.0930000000001,1409.91974535811
37.0940000000001,1359.75179360686
37.095,1312.61986678029
37.096,1271.26587376291
37.0970000000002,1236.81426101337
37.0980000000002,1209.86101226888
37.0990000000002,1190.58526336611
37.1000000000001,1177.54392297949
37.1010000000001,1170.98316005584
37.1020000000001,1171.50631679438
37.1030000000001,1178.0767875229
37.104,1189.31631242374
37.105,1203.6506657808
37.1060000000002,1218.00048509727
37.1070000000002,1231.77140249964
37.1080000000002,1245.08988902782
37.1090000000002,1256.84283517472
37.1100000000001,1266.12688278835
37.1110000000001,1272.3692379056
37.1120000000001,1274.24654914844
37.1130000000001,1272.53615598133
37.114,1268.76049067822
37.115,1263.56213318309
37.1160000000002,1257.50954592012
37.1170000000002,1251.02965033815
37.1180000000002,1243.7808174099
37.1190000000001,1235.89349595568
37.1200000000001,1227.9533023528
37.1210000000001,1220.17911609886
37.1220000000001,1212.76196185705
37.123,1205.83539579275
37.124,1198.90790668575
37.125,1191.96743124067
37.1260000000002,1185.52928896548
37.1270000000002,1179.8811190082
37.1280000000002,1175.30777290933
37.1290000000001,1172.00564643787
37.1300000000001,1169.44750839436
37.1310000000001,1167.51736713011
37.1320000000001,1166.48320884414
37.133,1166.30742311314
37.134,1166.91740147168
37.1350000000002,1168.18653855696
37.1360000000002,1169.27852684501
37.1370000000002,1170.08059455386
37.1380000000001,1170.94468111748
37.1390000000001,1171.96278972401
37.1400000000001,1173.2197748738
37.1410000000001,1174.71058518197
37.1420000000001,1175.29152973595
37.143,1175.22124566955
37.144,1174.91897221962
37.1450000000002,1174.2480910873
37.1460000000002,1173.14878984606
37.1470000000002,1171.70006487324
37.1480000000001,1168.96719004757
37.1490000000001,1166.13235552696
37.1500000000001,1164.53103580747
37.1510000000001,1164.78793843068
37.152,1167.34129788429
37.153,1172.34278564634
37.1540000000002,1178.45870042155
37.1550000000002,1185.89748812396
37.1560000000002,1194.64402363381
37.1570000000002,1203.92003297219
37.1580000000001,1212.88937725157
37.1590000000001,1220.8005853066
37.1600000000001,1226.00031928006
37.1610000000001,1228.9491869593
37.162,1230.47293975849
37.163,1231.14868702042
37.1640000000002,1231.6893599104
37.1650000000002,1232.78968513004
37.1660000000002,1233.83203600764
37.1670000000001,1235.8661032294
37.1680000000001,1239.61682965451
37.1690000000001,1245.02212901417
37.1700000000001,1251.77091143646
37.171,1259.37751137691
37.172,1266.07773375924
37.173,1272.17277322294
37.1740000000002,1277.92796291032
37.1750000000002,1283.22954519947
37.1760000000002,1288.04951612037
37.1770000000001,1292.40060059236
37.1780000000001,1295.08147142514
37.1790000000001,1296.95498711127
37.1800000000001,1298.65198164831
37.181,1300.29930347253
37.182,1301.97967297129
37.1830000000002,1303.74295950688
37.1840000000002,1304.4202134941
37.1850000000002,1304.95933459678
37.1860000000001,1306.06365719228
37.1870000000001,1307.98933733058
37.1880000000001,1310.91479834959
37.1890000000001,1314.88659610388
37.1900000000001,1318.57038047334
37.191,1322.62747870608
37.192,1327.27703903712
37.1930000000002,1332.24896752864
37.1940000000002,1337.21883783698
37.1950000000002,1341.85167498777
37.1960000000001,1344.59801468112
37.1970000000001,1346.23891872988
37.1980000000001,1347.28618652616
37.1990000000001,1347.97079418167
37.2,1348.56803433799
37.201,1349.33471117405
37.2020000000002,1349.18760881993
37.2030000000002,1349.26336592357
37.2040000000002,1350.14339015571
37.2050000000002,1351.95298296295
37.2060000000001,1354.71396231713
37.2070000000001,1358.35425675826
37.2080000000001,1361.44915249598
37.2090000000001,1364.90967856342
37.21,1369.11488814971
37.211,1374.10754767151
37.2120000000002,1379.89707027463
37.2130000000002,1386.42719512089
37.2140000000002,1392.23058040126
37.2150000000001,1398.22688540022
37.2160000000001,1404.66343371489
37.2170000000001,1411.40895520301
37.2180000000001,1418.26236570454
37.2190000000001,1424.95886240638
37.22,1429.78117763596
37.221,1433.67967707353
37.2220000000002,1436.94678645169
37.2230000000002,1439.62699335579
37.2240000000002,1441.79924146109
37.2250000000001,1443.54688619
37.2260000000001,1443.46077068242
37.2270000000001,1442.90630257405
37.2280000000001,1442.42962401806
37.229,1442.23664115862
37.23,1442.43764312239
37.2310000000002,1443.01639243021
37.2320000000002,1442.2781010033
37.2330000000002,1441.39447079528
37.2340000000002,1440.58691368633
37.2350000000001,1439.77026994132
37.2360000000001,1438.82478752433
37.2370000000001,1437.60151743441
37.2380000000001,1434.3373259867
37.239,1430.41943859081
37.24,1426.31387442716
37.2410000000002,1422.31136268999
37.2420000000002,1418.7415313576
37.2430000000002,1415.92463661418
37.2440000000001,1412.49339987584
37.2450000000001,1410.20528987856
37.2460000000001,1409.6274093871
37.2470000000001,1410.94744929629
37.248,1414.14443945417
37.249,1418.95913073116
37.25,1423.25991227945
37.2510000000002,1428.02752898647
37.2520000000002,1433.00060357078
37.2530000000002,1437.71493511208
37.2540000000001,1441.75039246433
37.2550000000001,1444.76717292673
37.2560000000001,1444.8546776533
37.2570000000001,1443.60916545698
37.258,1441.48601698797
37.259,1438.83788085047
37.2600000000002,1436.00985898894
37.2610000000002,1433.26910489835
37.2620000000002,1429.06165814709
37.2630000000001,1425.19593096437
37.2640000000001,1422.06148700262
37.2650000000001,1419.85945211391
37.2660000000001,1418.76662097508
37.2670000000001,1418.94584126539
37.268,1418.82894700736
37.269,1420.37731075258
37.2700000000002,1424.08451436335
37.2710000000002,1430.22071952708
37.2720000000002,1438.8691823631
37.2730000000001,1449.86033705277
37.2740000000001,1461.01303516648
37.2750000000001,1473.53569534569
37.2760000000001,1486.96337292283
37.277,1500.67818517411
37.278,1514.09408214491
37.2790000000002,1526.73838996056
37.2800000000002,1536.53598397361
37.2810000000002,1545.36890445714
37.2820000000002,1553.67940210254
37.2830000000001,1561.95068932167
37.2840000000001,1570.65551462966
37.2850000000001,1580.13348089607
37.2860000000001,1588.66940660299
37.287,1598.17924060252
37.288,1608.5968587889
37.2890000000002,1619.60780819632
37.2900000000002,1630.75178575013
37.2910000000002,1641.49823300022
37.2920000000001,1649.46612239037
37.2930000000001,1656.34401254315
37.2940000000001,1662.12422419571
37.2950000000001,1666.89440066151
37.296,1670.79359745938
37.297,1673.91180023388
37.298,1674.48692190557
37.2990000000002,1674.53638053657
37.3000000000002,1674.182609407
37.3010000000002,1673.44019749131
37.3020000000001,1672.25090083104
37.3030000000001,1670.46175536143
37.3040000000001,1666.23490176211
37.3050000000001,1661.57017621967
37.306,1656.78173171814
37.307,1652.21494290904
37.3080000000002,1648.20311631974
37.3090000000002,1644.91882701507
37.3100000000002,1640.78416633118
37.3110000000001,1637.81285575942
37.3120000000001,1636.12575586704
37.3130000000001,1635.68009163205
37.3140000000001,1636.28933987352
37.3150000000001,1637.53228270722
37.316,1637.33974425463
37.317,1637.33520156881
37.3180000000002,1637.40769261569
37.3190000000002,1637.45539928168
37.3200000000002,1637.38236875255
37.3210000000001,1636.93507612011
37.3220000000001,1634.35093333218
37.3230000000001,1631.46303088853
37.3240000000001,1628.36996795818
37.325,1625.13196395147
37.326,1621.77306447566
37.3270000000002,1618.11090422612
37.3280000000002,1612.54550794085
37.3290000000002,1607.00038454989
37.3300000000002,1601.73454270055
37.3310000000001,1596.99957562779
37.3320000000001,1593.02269527158
37.3330000000001,1589.77976007857
37.3340000000001,1585.86362263491
37.335,1583.25125253757
37.336,1582.16512720418
37.3370000000002,1582.71668828398
37.3380000000002,1584.89679788
37.3390000000002,1588.33380088126
37.3400000000001,1591.28947293441
37.3410000000001,1595.35652140307
37.3420000000001,1600.33762461112
37.3430000000001,1605.939770958
37.3440000000001,1611.79795849077
37.345,1617.23398746147
37.346,1620.38714576169
37.3470000000002,1622.84828151676
37.3480000000002,1624.55756653989
37.3490000000002,1625.51565685387
37.3500000000001,1625.79243529716
37.3510000000001,1625.21394569056
37.3520000000001,1622.54035285746
37.3530000000001,1619.95565425966
37.354,1617.87215569305
37.355,1616.59868325646
37.3560000000002,1616.30812877543
37.3570000000002,1616.68306857191
37.3580000000002,1616.23981815328
37.3590000000002,1616.72395570472
37.3600000000001,1618.06773977708
37.3610000000001,1620.1413003358
37.3620000000001,1622.801286368
37.3630000000001,1625.56106654834
37.364,1627.0504132734
37.365,1629.17286925582
37.3660000000002,1632.13146608982
37.3670000000002,1636.05308817037
37.3680000000002,1640.94610055844
37.3690000000001,1646.27512023251
37.3700000000001,1650.50992161949
37.3710000000001,1655.14279180883
37.3720000000001,1659.90900987569
37.373,1664.4794075061
37.374,1668.52527315333
37.375,1671.34916654558
37.3760000000002,1671.59362570398
37.3770000000002,1671.12060044136
37.3780000000002,1670.25085093831
37.3790000000001,1669.33378915821
37.3800000000001,1668.68437394918
37.3810000000001,1668.05703729389
37.3820000000001,1666.37763251772
37.383,1665.45120877375
37.384,1665.2921328754
37.3850000000002,1665.75087231131
37.3860000000002,1666.55794123502
37.3870000000002,1666.88752431902
37.3880000000001,1665.31310822038
37.3890000000001,1663.4165776154
37.3900000000001,1661.26395178496
37.3910000000001,1658.97603217106
37.3920000000001,1656.70643176716
37.393,1654.08443461818
37.394,1650.19084981949
37.3950000000002,1646.93918405103
37.3960000000002,1644.61017733913
37.3970000000002,1643.37571770582
37.3980000000001,1643.28986530518
37.3990000000001,1643.73540632546
37.4000000000001,1643.56983505841
37.4010000000001,1644.40176643335
37.402,1646.25801947329
37.403,1649.10961246546
37.4040000000002,1652.86569204738
37.4050000000002,1656.78130804409
37.4060000000002,1659.71430455527
37.4070000000002,1663.14114406891
37.4080000000001,1666.95636915587
37.4090000000001,1670.96720356348
37.4100000000001,1674.90584127342
37.4110000000001,1677.85516501397
37.412,1678.67456493148
37.413,1678.77275260664
37.4140000000002,1678.15363989661
37.4150000000002,1676.87656819165
37.4160000000002,1675.06759139846
37.4170000000001,1672.31208954475
37.4180000000001,1668.14587497393
37.4190000000001,1664.45407119518
37.4200000000001,1661.69139817874
37.421,1660.20649498999
37.422,1660.20716101409
37.423,1661.11632092779
37.4240000000002,1662.19906619538
37.4250000000002,1664.79684679515
37.4260000000002,1668.77388005867
37.4270000000001,1673.89291746365
37.4280000000001,1679.86433973599
37.4290000000001,1685.73519328335
37.4300000000001,1690.6723417625
37.431,1696.02702633916
37.432,1701.83555144229
37.4330000000002,1708.11686878994
37.4340000000002,1714.84890386626
37.4350000000002,1721.2618289773
37.4360000000001,1726.69504357938
37.4370000000001,1732.44924936855
37.4380000000001,1738.41616751076
37.4390000000001,1744.40082560336
37.4400000000001,1750.16698475935
37.441,1754.78214177748
37.442,1757.64950259432
37.4430000000002,1760.20647736483
37.4440000000002,1762.68947912962
37.4450000000002,1765.38365377931
37.4460000000001,1768.59461591387
37.4470000000001,1771.87201329325
37.4480000000001,1775.05103808269
37.4490000000001,1779.67941987958
37.45,1785.84832684874
37.451,1793.397393613
37.4520000000002,1801.92269592365
37.4530000000002,1810.06342230598
37.4540000000002,1816.76934335836
37.4550000000002,1822.68284738365
37.4560000000001,1827.24290447561
37.4570000000001,1829.96077887469
37.4580000000001,1830.48699513654
37.4590000000001,1827.85992795359
37.46,1821.82988541128
37.461,1813.99031658228
37.4620000000002,1804.80489677554
37.4630000000002,1794.70356015769
37.4640000000002,1784.00717034736
37.4650000000001,1771.97788262286
37.4660000000001,1758.32552118991
37.4670000000001,1744.41325548137
37.4680000000001,1730.22887708957
37.4690000000001,1715.67048263169
37.47,1700.60332711
37.471,1683.79858400466
37.4720000000002,1664.88527619681
37.4730000000002,1645.8372068625
37.4740000000002,1627.37129260437
37.4750000000001,1610.26477964837
37.4760000000001,1595.21856663987
37.4770000000001,1581.3452127024
37.4780000000001,1568.40943012235
37.479,1558.48556878144
37.48,1551.8263991561
37.4810000000002,1548.40759330694
37.4820000000002,1547.88595877572
37.4830000000002,1548.27867921606
37.4840000000002,1548.37431295287
37.4850000000001,1549.07289061174
37.4860000000001,1549.85727776134
37.4870000000001,1550.31073725698
37.4880000000001,1550.14617294148
37.489,1548.40292823196
37.49,1545.14047277901
37.4910000000002,1541.45935627094
37.4920000000002,1537.48342743104
37.4930000000002,1533.31240011192
37.4940000000001,1529.06352396894
37.4950000000001,1524.42136304521
37.4960000000001,1519.95828428639
37.4970000000001,1516.50223161262
37.498,1514.05683390262
37.499,1512.46925344536
37.5,1511.49114298763
37.5010000000002,1510.36051294512
37.5020000000002,1509.21023577529
37.5030000000002,1508.35604633059
37.5040000000001,1507.40767450701
37.5050000000001,1505.99435134365
37.5060000000001,1503.89123335416
37.5070000000001,1500.58898123681
37.508,1496.77823888547
37.509,1493.47199755496
37.5100000000002,1491.00732679489
37.5110000000002,1489.63595543514
37.5120000000002,1489.53930373053
37.5130000000001,1489.98261574216
37.5140000000001,1491.54332908936
37.5150000000001,1495.53624459491
37.5160000000001,1502.50891828094
37.5170000000001,1513.16181262324
37.518,1528.38429269543
37.519,1548.06887206322
37.5200000000002,1573.78535588229
37.5210000000002,1608.03820525585
37.5220000000002,1652.18894433392
37.5230000000001,1707.33499237171
37.5240000000001,1774.21320589237
37.5250000000001,1851.99059428376
37.5260000000001,1940.99192047336
37.527,2041.88911869819
37.528,2153.97095960395
37.5290000000002,2276.06183731635
37.5300000000002,2406.46234730315
37.5310000000002,2541.76176910619
37.5320000000002,2679.30091440964
37.5330000000001,2816.02397032587
37.5340000000001,2946.89433454657
37.5350000000001,3065.70398095484
37.5360000000001,3165.217097591
37.537,3236.45328217279
37.538,3271.83895527523
37.5390000000002,3264.84406376643
37.5400000000002,3209.49387051202
37.5410000000002,3101.96177270368
37.5420000000001,2941.30239497165
37.5430000000001,2728.87985297893
37.5440000000001,2471.32373319737
37.5450000000001,2179.16563805634
37.546,1865.03752335205
37.547,1543.4521824328
37.548,1229.53949992832
37.5490000000002,936.486614558391
37.5500000000002,676.990152090571
37.5510000000002,460.672472462911
37.5520000000001,292.101557151729
37.5530000000001,171.174061030891
37.5540000000001,93.3637884480888
37.5550000000001,49.4193652943407
37.556,29.6104752554418
37.557,23.8569225480041
37.5580000000002,22.4279517628959
37.5590000000002,18.129548594414
37.5600000000002,7.3707156652158
37.5610000000001,-10.520116949134
37.5620000000001,-30.5563558404704
37.5630000000001,-44.6267219710837
37.5640000000001,-43.7627477390047
37.5650000000001,-19.1521586226107
37.566,36.2226598763052
37.567,125.095547412363
37.5680000000002,248.173648921435
37.5690000000002,402.192097026406
37.5700000000002,579.648943737513
37.5710000000001,770.459693155214
37.5720000000001,963.328029107701
37.5730000000001,1146.03304372241
37.5740000000001,1309.86404218988
37.575,1448.62740216488
37.576,1558.45996477948
37.5770000000002,1638.39581866791
37.5780000000002,1689.93410335747
37.5790000000002,1715.13125307185
37.5800000000002,1719.10043563322
37.5810000000001,1707.14205135323
37.5820000000001,1683.64272317974
37.5830000000001,1652.3320304129
37.5840000000001,1616.19378680027
37.585,1576.21658150683
37.586,1535.29854704694
37.5870000000002,1495.81910746838
37.5880000000002,1459.32488774387
37.5890000000002,1427.18143146091
37.5900000000001,1400.53302265674
37.5910000000001,1378.598503763
37.5920000000001,1363.21199658246
37.5930000000001,1355.17060192752
37.5940000000001,1353.94600136446
37.595,1358.50808746469
37.596,1367.5084088415
37.5970000000002,1377.55215206563
37.5980000000002,1389.12016524643
37.5990000000002,1401.97331228813
37.6000000000001,1415.13926762477
37.6010000000001,1427.80951345268
37.6020000000001,1439.38188549613
37.6030000000001,1447.61187296096
37.604,1454.03285351392
37.605,1459.3629609806
37.6060000000002,1463.49464946014
37.6070000000002,1466.24010608494
37.6080000000002,1467.39539224196
37.6090000000002,1465.61579338574
37.6100000000001,1461.75780033987
37.6110000000001,1456.50771727389
37.6120000000001,1450.25554682855
37.6130000000001,1443.41446642081
37.614,1436.35561206354
37.615,1428.57109159727
37.6160000000002,1420.63957243843
37.6170000000002,1413.1757178409
37.6180000000002,1406.60422674814
37.6190000000001,1401.28405857812
37.6200000000001,1397.42528203581
37.6210000000001,1394.2294578251
37.6220000000001,1391.87280094062
37.623,1390.4575012297
37.624,1389.85206197668
37.625,1389.85237394621
37.6260000000002,1390.16840634604
37.6270000000002,1389.5746883697
37.6280000000002,1388.1725600173
37.6290000000001,1386.16596707643
37.6300000000001,1383.76632944049
37.6310000000001,1381.31176729951
37.6320000000001,1379.16884646102
37.633,1376.3779472961
37.634,1374.1836994066
37.6350000000002,1373.15982933853
37.6360000000002,1373.4277463089
37.6370000000002,1374.92898727748
37.6380000000001,1377.42781445226
37.6390000000001,1378.98844835195
37.6400000000001,1380.67444033547
37.6410000000001,1382.58656075358
37.6420000000001,1384.49863795045
37.643,1386.26688739746
37.644,1387.86942747497
37.6450000000002,1387.86325989029
37.6460000000002,1387.99970442062
37.6470000000002,1389.09981597552
37.6480000000001,1391.6115459545
37.6490000000001,1395.8307285665
37.6500000000001,1401.82733786765
37.6510000000001,1407.90602908018
37.652,1415.07925981357
37.653,1423.21075166751
37.6540000000002,1431.74721414215
37.6550000000002,1440.05735447181
37.6560000000002,1447.50869378974
37.6570000000002,1452.01108366011
37.6580000000001,1454.64502521094
37.6590000000001,1455.64513963774
37.6600000000001,1455.14449292124
37.6610000000001,1453.35823039664
37.662,1450.51286846043
37.663,1445.18343374429
37.6640000000002,1439.09042330587
37.6650000000002,1432.73072069982
37.6660000000002,1426.28954375728
37.6670000000001,1419.88117384894
37.6680000000001,1413.57922098346
37.6690000000001,1405.79568552655
37.6700000000001,1398.35528071016
37.671,1391.90273255128
37.672,1386.91538379821
37.673,1383.84880509524
37.6740000000002,1383.06466041897
37.6750000000002,1383.08945763028
37.6760000000002,1385.66080868035
37.6770000000001,1390.97880891826
37.6780000000001,1398.8153962513
37.6790000000001,1408.6895719435
37.6800000000001,1419.89899463589
37.681,1429.92687254332
37.682,1439.60708261981
37.6830000000002,1448.45507620145
37.6840000000002,1455.94275099634
37.6850000000002,1461.68397709558
37.6860000000001,1465.45424869485
37.6870000000001,1465.49942968956
37.6880000000001,1463.74244859794
37.6890000000001,1460.80818747252
37.6900000000001,1457.27541876632
37.691,1453.71294653061
37.692,1450.59936703439
37.6930000000002,1446.52905559322
37.6940000000002,1443.54392989282
37.6950000000002,1441.99950398347
37.6960000000001,1441.98739298828
37.6970000000001,1443.43233044306
37.6980000000001,1446.10982196865
37.6990000000001,1447.92885222198
37.7,1450.42655385409
37.701,1453.53832553326
37.7020000000002,1457.14300978674
37.7030000000002,1461.12309353468
37.7040000000002,1465.34880539402
37.7050000000002,1467.87296737008
37.7060000000001,1470.5345658884
37.7070000000001,1473.47588850314
37.7080000000001,1476.77928374686
37.7090000000001,1480.48538996124
37.71,1484.57322781707
37.711,1487.09638672253
37.7120000000002,1490.01768054565
37.7130000000002,1493.46521342761
37.7140000000002,1497.51199391086
37.7150000000001,1502.16876239505
37.7160000000001,1507.33721800855
37.7170000000001,1510.99406194386
37.7180000000001,1515.08667116027
37.7190000000001,1519.69868665419
37.72,1524.88135521891
37.721,1530.65177249852
37.7220000000002,1536.91094694436
37.7230000000002,1541.66792503932
37.7240000000002,1546.90384539761
37.7250000000001,1552.66948235129
37.7260000000001,1558.89412760876
37.7270000000001,1565.36175664265
37.7280000000001,1571.60325393304
37.729,1575.24772673135
37.73,1577.84524809523
37.7310000000002,1579.13654928451
37.7320000000002,1578.92827978935
37.7330000000002,1577.14271684232
37.7340000000002,1573.72020460846
37.7350000000001,1567.07422866325
37.7360000000001,1559.67661549083
37.7370000000001,1552.34575250842
37.7380000000001,1545.9368049323
37.739,1541.23085324344
37.74,1538.6634360734
37.7410000000002,1536.78862499958
37.7420000000002,1537.69439218347
37.7430000000002,1541.37139265245
37.7440000000001,1547.50277796611
37.7450000000001,1555.50776248218
37.7460000000001,1564.42230034775
37.7470000000001,1571.66411583744
37.748,1578.4407126887
37.749,1584.2860985494
37.75,1588.88649629672
37.7510000000002,1592.10200691484
37.7520000000002,1593.74045034782
37.7530000000002,1592.32661214488
37.7540000000001,1590.15349389112
37.7550000000001,1587.82504383624
37.7560000000001,1585.91423994494
37.7570000000001,1584.89204014638
37.758,1584.82527444758
37.759,1584.26365081722
37.7600000000002,1585.16481011636
37.7610000000002,1587.62538395761
37.7620000000002,1591.60796439274
37.7630000000001,1596.96733729645
37.7640000000001,1603.20158116505
37.7650000000001,1608.50856595758
37.7660000000001,1614.62138632431
37.7670000000001,1621.58948085265
37.768,1629.47132767322
37.769,1638.31228337248
37.7700000000002,1647.80646085354
37.7710000000002,1656.41181673556
37.7720000000002,1666.00498111325
37.7730000000001,1676.70160869152
37.7740000000001,1688.5344323872
37.7750000000001,1701.44315278494
37.7760000000001,1714.92631580113
37.777,1727.29702059315
37.778,1740.23729692641
37.7790000000002,1753.68580330167
37.7800000000002,1767.51938902091
37.7810000000002,1781.54431045632
37.7820000000002,1795.11342691132
37.7830000000001,1806.50343500134
37.7840000000001,1817.32973624392
37.7850000000001,1827.51069043872
37.7860000000001,1836.959839725
37.787,1845.59335135932
37.788,1852.9210624888
37.7890000000002,1857.54181404024
37.7900000000002,1861.37180374006
37.7910000000002,1864.64045944379
37.7920000000001,1867.52725513848
37.7930000000001,1870.12661312035
37.7940000000001,1871.97909877197
37.7950000000001,1871.68454270004
37.796,1870.98964989124
37.797,1869.9273026429
37.798,1868.49233622653
37.7990000000002,1866.66580456207
37.8000000000002,1863.96356766732
37.8010000000002,1859.18681700036
37.8020000000001,1854.28707549411
37.8030000000001,1849.62001261106
37.8040000000001,1845.5050470176
37.8050000000001,1842.17427708204
37.806,1839.22335483978
37.807,1835.45488771359
37.8080000000002,1832.61172370045
37.8090000000002,1830.7298379284
37.8100000000002,1829.76062844733
37.8110000000001,1829.59673820999
37.8120000000001,1829.55301877501
37.8130000000001,1828.37987492693
37.8140000000001,1827.84478253585
37.8150000000001,1828.12198352823
37.816,1829.34920058682
37.817,1831.58493319279
37.8180000000002,1834.19759492258
37.8190000000002,1835.96495576928
37.8200000000002,1838.45694932552
37.8210000000001,1841.58373704717
37.8220000000001,1845.1760062078
37.8230000000001,1849.01314505563
37.8240000000001,1852.24161580444
37.825,1853.65514535327
37.826,1854.96442612841
37.8270000000002,1856.38137411028
37.8280000000002,1858.1409156521
37.8290000000002,1860.45057878341
37.8300000000002,1862.77647228421
37.8310000000001,1864.18593017398
37.8320000000001,1866.42998922392
37.8330000000001,1869.54488099539
37.8340000000001,1873.40526586522
37.835,1877.7370141639
37.836,1881.44895923103
37.8370000000002,1883.22575715018
37.8380000000002,1884.52074858548
37.8390000000002,1885.27827715263
37.8400000000001,1885.51857042826
37.8410000000001,1885.3393803959
37.8420000000001,1884.14972112621
37.8430000000001,1881.33991605301
37.8440000000001,1878.99016940786
37.845,1877.53569743383
37.846,1877.27548264618
37.8470000000002,1878.32547174981
37.8480000000002,1879.80068211353
37.8490000000002,1880.68609246657
37.8500000000001,1882.44687525769
37.8510000000001,1884.85760236673
37.8520000000001,1887.62786582644
37.8530000000001,1890.45974612637
37.854,1892.26484767597
37.855,1892.21005106103
37.8560000000002,1892.09882583973
37.8570000000002,1892.24371693785
37.8580000000002,1892.96512345168
37.8590000000002,1894.53042518519
37.8600000000001,1896.23745316566
37.8610000000001,1897.51081811617
37.8620000000001,1900.00093867202
37.8630000000001,1903.65522123784
37.864,1908.23471703275
37.865,1913.35474150717
37.8660000000002,1917.65491858251
37.8670000000002,1920.13737434227
37.8680000000002,1922.15413365565
37.8690000000001,1923.66457699434
37.8700000000001,1924.70793152647
37.8710000000001,1925.39311292497
37.8720000000001,1924.93245778837
37.873,1923.03735249746
37.874,1921.67956974996
37.875,1921.32168235136
37.8760000000002,1922.32371935129
37.8770000000002,1924.90185234106
37.8780000000002,1928.1124429646
37.8790000000001,1931.42381255536
37.8800000000001,1936.33838888177
37.8810000000001,1942.76525661529
37.8820000000001,1950.46362605952
37.883,1959.05579869296
37.884,1967.02686923071
37.8850000000002,1973.49299057569
37.8860000000002,1979.63733915143
37.8870000000002,1985.24456707528
37.8880000000001,1990.12947813868
37.8890000000001,1994.14671147676
37.8900000000001,1996.1155181377
37.8910000000001,1995.71745658168
37.8920000000001,1994.69852405362
37.893,1993.41828510693
37.894,1992.19994846722
37.8950000000002,1991.28319422524
37.8960000000002,1989.65779254412
37.8970000000002,1987.12897196635
37.8980000000001,1985.34658620752
37.8990000000001,1984.47761920621
37.9000000000001,1984.59567434256
37.9010000000001,1985.68418858253
37.902,1986.49132149223
37.903,1986.73588797937
37.9040000000002,1987.86898516462
37.9050000000002,1989.92303910598
37.9060000000002,1992.82149947674
37.9070000000002,1996.35719458349
37.9080000000001,1999.01780956601
37.9090000000001,2000.32008026345
37.9100000000001,2001.35824045982
37.9110000000001,2001.89020464924
37.912,2001.6592011131
37.913,2000.43217202045
37.9140000000002,1996.84869641609
37.9150000000002,1990.90535120408
37.9160000000002,1984.2490667257
37.9170000000001,1977.39212633134
37.9180000000001,1970.92242475109
37.9190000000001,1965.45309162082
37.9200000000001,1960.35493761246
37.921,1956.26700440552
37.922,1955.07542515285
37.923,1957.25248746994
37.9240000000002,1963.00664653112
37.9250000000002,1972.25350810143
37.9260000000002,1983.37127164195
37.9270000000001,1995.94503335717
37.9280000000001,2010.6223305546
37.9290000000001,2026.70702068672
37.9300000000001,2043.38901856804
37.931,2059.80878801326
37.932,2073.855755158
37.9330000000002,2085.07343835536
37.9340000000002,2094.28639234111
37.9350000000002,2101.32474722708
37.9360000000001,2106.16355971001
37.9370000000001,2108.92129349666
37.9380000000001,2108.55037814258
37.9390000000001,2105.811096328
37.9400000000001,2102.61339497199
37.941,2099.80572630469
37.942,2098.21127629316
37.9430000000002,2098.55562133564
37.9440000000002,2100.04167547361
37.9450000000002,2103.44610598665
37.9460000000001,2110.18878187093
37.9470000000001,2120.23349897813
37.9480000000001,2133.14182514512
37.9490000000001,2148.08850879016
37.95,2162.52759640162
37.951,2175.64726935443
37.9520000000002,2187.40593880585
37.9530000000002,2196.75378607487
37.9540000000002,2202.82556967207
37.9550000000002,2205.05059906572
37.9560000000001,2201.7730966944
37.9570000000001,2193.79192683347
37.9580000000001,2183.00476947042
37.9590000000001,2170.49251948466
37.96,2157.40108468207
37.961,2144.776618918
37.9620000000002,2131.844274023
37.9630000000002,2119.75146305692
37.9640000000002,2109.99130161913
37.9650000000001,2102.60150083739
37.9660000000001,2097.23791057582
37.9670000000001,2093.2466394707
37.9680000000001,2087.87065236513
37.9690000000001,2081.01701183522
37.97,2073.60749627386
37.971,2065.63651784124
37.9720000000002,2057.30408849034
37.9730000000002,2048.9247776359
37.9740000000002,2038.51231655123
37.9750000000001,2027.23356022098
37.9760000000001,2017.20344212755
37.9770000000001,2009.14353675687
37.9780000000001,2003.51817186577
37.979,2000.4007442988
37.98,1997.11842217367
37.9810000000002,1993.88350619901
37.9820000000002,1991.50700068821
37.9830000000002,1989.54588293987
37.9840000000002,1987.5795219008
37.9850000000001,1985.25512516316
37.9860000000001,1980.75875974734
37.9870000000001,1974.91157755309
37.9880000000001,1968.79929182272
37.989,1962.73942577885
37.99,1957.10192212683
37.9910000000002,1952.29557717604
37.9920000000002,1947.94458344194
37.9930000000002,1945.29756433199
37.9940000000001,1944.94184472252
37.9950000000001,1946.59938888324
37.9960000000001,1949.7028649658
37.9970000000001,1953.54339108978
37.998,1956.68330042288
37.999,1959.52726696029
38,1962.08635022128
38.0010000000002,1964.00407853365
38.0020000000002,1965.10866229548
38.0030000000002,1965.48061019806
38.0040000000001,1964.33464170213
38.0050000000001,1963.28552788349
38.0060000000001,1963.52163584443
38.0070000000001,1965.45815193749
38.008,1969.22847344369
38.009,1974.68213991549
38.0100000000002,1979.70099426439
38.0110000000002,1985.1983964325
38.0120000000002,1991.84672062668
38.0130000000001,1999.76955463464
38.0140000000001,2009.398674095
38.0150000000001,2021.54680058365
38.0160000000001,2035.43388769621
38.0170000000001,2054.14594718147
38.018,2080.63453003048
38.019,2117.1451423588
38.0200000000002,2165.77225491766
38.0210000000002,2228.24522242548
38.0220000000002,2303.82805082
38.0230000000001,2394.50786173457
38.0240000000001,2500.92774568393
38.0250000000001,2622.10082467802
38.0260000000001,2756.0669019678
38.027,2899.92258488512
38.028,3048.02746044269
38.0290000000002,3197.48053938931
38.0300000000002,3344.21122769947
38.0310000000002,3483.08279003717
38.0320000000002,3608.65483397747
38.0330000000001,3715.29164988726
38.0340000000001,3795.31314675848
38.0350000000001,3844.62027189304
38.0360000000001,3858.53603061985
38.037,3832.05958279786
38.038,3760.73789174426
38.0390000000002,3641.06908703481
38.0400000000002,3469.0570266267
38.0410000000002,3246.47159971495
38.0420000000001,2976.95569181407
38.0430000000001,2666.63106101364
38.0440000000001,2324.74699550511
38.0450000000001,1963.37656741568
38.046,1594.70214632916
38.047,1235.62950612098
38.048,901.762027154852
38.0490000000002,606.282615669416
38.0500000000002,359.14759160143
38.0510000000002,166.165022145217
38.0520000000001,26.6420015185829
38.0530000000001,-60.4139818410354
38.0540000000001,-100.187586766913
38.0550000000001,-100.209026350761
38.056,-68.3697440988411
38.057,-11.5520106047867
38.0580000000002,63.2899972329641
38.0590000000002,155.547877373902
38.0600000000002,265.648296457319
38.0610000000001,394.86470426517
38.0620000000001,544.563119098567
38.0630000000001,714.935428609944
38.0640000000001,901.890674486843
38.0650000000001,1102.68325583438
38.066,1310.70772495284
38.067,1516.96100987055
38.0680000000002,1711.57146052216
38.0690000000002,1885.1431723192
38.0700000000002,2027.92451643619
38.0710000000001,2137.14585109864
38.0720000000001,2211.98594939491
38.0730000000001,2254.43978333009
38.0740000000001,2269.0913225572
38.075,2262.15345516592
38.076,2238.1771556897
38.0770000000002,2205.65810565758
38.0780000000002,2170.4340789824
38.0790000000002,2136.41668116864
38.0800000000002,2105.90767353798
38.0810000000001,2079.86366037009
38.0820000000001,2055.99440261907
38.0830000000001,2036.37619609758
38.0840000000001,2021.32439765834
38.085,2010.97527262251
38.086,2005.61868836401
38.0870000000002,2005.54483819132
38.0880000000002,2008.12034202127
38.0890000000002,2015.97688518769
38.0900000000001,2028.85776462022
38.0910000000001,2045.52246627521
38.0920000000001,2064.23705661042
38.0930000000001,2083.02279347679
38.0940000000001,2096.86436686882
38.095,2107.78544562816
38.096,2115.28266435933
38.0970000000002,2118.96298567217
38.0980000000002,2118.93635108336
38.0990000000002,2115.77579220337
38.1000000000001,2107.32630432197
38.1010000000001,2098.33367784002
38.1020000000001,2090.42511557885
38.1030000000001,2084.61366835246
38.104,2081.50767540575
38.105,2081.29450615281
38.1060000000002,2081.38969949849
38.1070000000002,2083.79182328685
38.1080000000002,2088.2735370728
38.1090000000002,2094.25271410415
38.1100000000001,2101.00347449843
38.1110000000001,2107.7167706176
38.1120000000001,2111.94073484483
38.1130000000001,2114.31018880916
38.114,2114.92144325914
38.115,2114.13055394499
38.1160000000002,2112.47282604861
38.1170000000002,2110.48142913166
38.1180000000002,2106.93330545695
38.1190000000001,2103.30411303683
38.1200000000001,2100.16470863651
38.1210000000001,2097.97525328972
38.1220000000001,2097.04519757847
38.123,2097.4638942293
38.124,2097.10482639201
38.125,2097.56313971637
38.1260000000002,2098.94924127514
38.1270000000002,2101.35794882818
38.1280000000002,2104.84677688855
38.1290000000001,2109.3589543237
38.1300000000001,2112.11682525233
38.1310000000001,2115.64060691734
38.1320000000001,2119.88187994217
38.133,2124.71138594237
38.134,2129.96559229844
38.1350000000002,2135.42731548432
38.1360000000002,2138.25823316958
38.1370000000002,2141.46631316301
38.1380000000001,2145.34461432882
38.1390000000001,2150.11852584818
38.1400000000001,2155.8972799241
38.1410000000001,2162.53054591228
38.1420000000001,2167.19704813672
38.143,2172.41547114925
38.144,2177.99027489944
38.1450000000002,2183.59625109512
38.1460000000002,2188.83749628097
38.1470000000002,2193.1756426297
38.1480000000001,2193.77557098841
38.1490000000001,2193.26819551004
38.1500000000001,2191.94000536051
38.1510000000001,2190.18013021641
38.152,2188.43092890156
38.153,2186.9447318928
38.1540000000002,2183.64108085267
38.1550000000002,2181.63257137854
38.1560000000002,2181.369756825
38.1570000000002,2183.10048090257
38.1580000000001,2186.86354498128
38.1590000000001,2192.28072583936
38.1600000000001,2196.65882147574
38.1610000000001,2202.3978837232
38.162,2209.30936467066
38.163,2217.1093808255
38.1640000000002,2225.44091637849
38.1650000000002,2233.6392148017
38.1660000000002,2239.00298905544
38.1670000000001,2243.91096653015
38.1680000000001,2248.34625014411
38.1690000000001,2252.31678243179
38.1700000000001,2255.85623218787
38.171,2258.71823161933
38.172,2258.76159429718
38.173,2258.81052710009
38.1740000000002,2259.22930589503
38.1750000000002,2260.27501572999
38.1760000000002,2262.06424321658
38.1770000000001,2264.21721551693
38.1780000000001,2264.41595486551
38.1790000000001,2265.11611744561
38.1800000000001,2266.31246428002
38.181,2267.94711324072
38.182,2269.94716187271
38.1830000000002,2271.87287956546
38.1840000000002,2271.63382724677
38.1850000000002,2271.96665875507
38.1860000000001,2273.25877310481
38.1870000000001,2275.83253242712
38.1880000000001,2279.8870553125
38.1890000000001,2285.031451089
38.1900000000001,2289.13110978521
38.191,2294.54850879781
38.192,2301.17897325174
38.1930000000002,2308.79549366207
38.1940000000002,2317.09730185454
38.1950000000002,2325.29746275997
38.1960000000001,2331.19778145286
38.1970000000001,2337.19284723336
38.1980000000001,2343.40899397761
38.1990000000001,2349.94417749773
38.2,2356.82123006521
38.201,2363.44092412929
38.2020000000002,2367.75151848355
38.2030000000002,2372.05905666416
38.2040000000002,2376.27585245479
38.2050000000002,2380.22162253247
38.2060000000001,2383.66876492613
38.2070000000001,2385.83578207606
38.2080000000001,2384.77379068176
38.2090000000001,2383.04921423795
38.21,2381.01213367463
38.211,2379.02481895134
38.2120000000002,2377.4071259724
38.2130000000002,2375.77518956887
38.2140000000002,2372.49096004711
38.2150000000001,2370.15846440133
38.2160000000001,2368.95242114931
38.2170000000001,2368.87601010352
38.2180000000001,2369.77737534263
38.2190000000001,2370.72280761379
38.22,2369.68610914868
38.221,2368.96648527837
38.2220000000002,2368.60703723157
38.2230000000002,2368.64337317595
38.2240000000002,2369.08703952633
38.2250000000001,2369.195380283
38.2260000000001,2367.28016236613
38.2270000000001,2365.88946203776
38.2280000000001,2365.26803577418
38.229,2365.59142684372
38.23,2366.95502979605
38.2310000000002,2368.6100127774
38.2320000000002,2368.964319972
38.2330000000002,2370.52887466801
38.2340000000002,2373.49965394801
38.2350000000001,2377.95305956231
38.2360000000001,2383.81641494404
38.2370000000001,2390.0469578241
38.2380000000001,2394.81009741777
38.239,2400.17071373556
38.24,2405.88172508727
38.2410000000002,2411.59215492235
38.2420000000002,2416.87951241932
38.2430000000002,2420.44698070166
38.2440000000001,2420.53224692812
38.2450000000001,2419.36488356513
38.2460000000001,2417.11973850092
38.2470000000001,2414.05882410327
38.248,2410.50518421827
38.249,2405.9120410804
38.25,2399.3609079937
38.2510000000002,2393.68538041071
38.2520000000002,2389.48627246573
38.2530000000002,2387.1927247908
38.2540000000001,2387.01660799932
38.2550000000001,2387.99208965001
38.2560000000001,2388.71769332508
38.2570000000001,2391.29047931445
38.258,2395.56672046206
38.259,2401.30113872268
38.2600000000002,2408.1936838931
38.2610000000002,2414.94953299365
38.2620000000002,2420.23963551856
38.2630000000001,2426.33174142087
38.2640000000001,2433.45927010253
38.2650000000001,2441.84655850497
38.2660000000001,2451.65991945624
38.2670000000001,2461.92717886458
38.268,2471.61408684986
38.269,2482.9513610305
38.2700000000002,2495.94791583019
38.2710000000002,2510.42033904589
38.2720000000002,2526.00749874903
38.2730000000001,2541.1256513099
38.2740000000001,2554.30779921927
38.2750000000001,2567.34723268264
38.2760000000001,2580.02684698175
38.277,2592.12898476455
38.278,2603.44137017784
38.2790000000002,2612.63652467811
38.2800000000002,2618.74367408225
38.2810000000002,2623.97180776243
38.2820000000002,2628.56425013804
38.2830000000001,2632.72317904078
38.2840000000001,2636.58328009427
38.2850000000001,2639.03287941707
38.2860000000001,2639.35269100162
38.287,2639.74711215719
38.288,2640.40812360919
38.2890000000002,2641.40764024792
38.2900000000002,2642.69547736163
38.2910000000002,2642.91251802476
38.2920000000001,2641.23961251024
38.2930000000001,2639.67750120291
38.2940000000001,2638.33538374371
38.2950000000001,2637.29579699533
38.296,2636.61735490688
38.297,2635.08039684957
38.298,2632.20178816498
38.2990000000002,2630.21668196179
38.3000000000002,2629.44544723458
38.3010000000002,2630.07834213075
38.3020000000001,2632.13475074854
38.3030000000001,2634.1245351754
38.3040000000001,2635.28262495947
38.3050000000001,2637.34376474033
38.306,2640.08206775007
38.307,2643.15647720386
38.3080000000002,2646.14905718765
38.3090000000002,2647.24478965634
38.3100000000002,2645.69816860718
38.3110000000001,2643.36804909035
38.3120000000001,2640.40011487517
38.3130000000001,2636.98366890634
38.3140000000001,2633.31826692181
38.3150000000001,2628.18179313447
38.316,2621.48182628517
38.317,2615.43843955785
38.3180000000002,2610.44933008564
38.3190000000002,2606.77789120665
38.3200000000002,2604.53404165092
38.3210000000001,2602.23313162294
38.3220000000001,2599.57967505342
38.3230000000001,2598.39781754443
38.3240000000001,2598.72146566049
38.325,2600.4737837821
38.326,2603.46868858158
38.3270000000002,2605.92500403947
38.3280000000002,2607.46726632965
38.3290000000002,2609.76281324754
38.3300000000002,2612.75963480531
38.3310000000001,2616.33591899555
38.3320000000001,2620.29728524378
38.3330000000001,2622.8166903656
38.3340000000001,2623.67482857956
38.335,2624.58530018103
38.336,2625.54916882075
38.3370000000002,2626.48714220724
38.3380000000002,2627.23823508842
38.3390000000002,2625.94431554771
38.3400000000001,2622.55229941355
38.3410000000001,2618.84792333409
38.3420000000001,2614.97967043229
38.3430000000001,2611.09273564845
38.3440000000001,2607.33416627516
38.345,2602.16761518258
38.346,2596.05462225632
38.3470000000002,2591.13302436354
38.3480000000002,2587.84317809136
38.3490000000002,2586.4669781661
38.3500000000001,2587.09099122296
38.3510000000001,2587.87079216465
38.3520000000001,2588.92335270405
38.3530000000001,2591.77211938143
38.354,2596.26266808488
38.355,2602.15000338215
38.3560000000002,2609.14375406872
38.3570000000002,2615.18060914373
38.3580000000002,2620.49697508633
38.3590000000002,2626.74150482539
38.3600000000001,2634.00416306417
38.3610000000001,2642.25202667851
38.3620000000001,2651.28079191646
38.3630000000001,2658.89110009045
38.364,2665.12695664337
38.365,2671.14913599755
38.3660000000002,2676.56754597755
38.3670000000002,2680.95385325451
38.3680000000002,2683.91684778136
38.3690000000001,2683.31375677559
38.3700000000001,2679.72967990254
38.3710000000001,2675.01626940875
38.3720000000001,2669.69366397897
38.373,2664.27613865507
38.374,2659.1879061299
38.375,2652.7937670619
38.3760000000002,2645.98912705873
38.3770000000002,2640.45969774655
38.3780000000002,2636.33210104778
38.3790000000001,2633.56892338178
38.3800000000001,2632.01939517837
38.3810000000001,2629.52670063165
38.3820000000001,2626.77055911813
38.383,2625.2753685088
38.384,2625.20030530315
38.3850000000002,2626.59387880029
38.3860000000002,2629.34067371794
38.3870000000002,2631.13805339664
38.3880000000001,2632.50782258501
38.3890000000001,2634.54784090952
38.3900000000001,2636.99464483701
38.3910000000001,2639.55546071665
38.3920000000001,2641.97100771359
38.393,2642.00893474377
38.394,2640.70875966561
38.3950000000002,2639.75895884158
38.3960000000002,2639.60186339459
38.3970000000002,2640.55970265713
38.3980000000001,2642.7376971398
38.3990000000001,2643.86653091773
38.4000000000001,2644.7164342135
38.4010000000001,2646.25455196167
38.402,2648.09997881798
38.403,2649.80689624415
38.4040000000002,2650.96562383807
38.4050000000002,2649.18802739028
38.4060000000002,2645.64918613322
38.4070000000002,2641.93139779399
38.4080000000001,2638.55326890264
38.4090000000001,2635.97381384497
38.4100000000001,2634.47774058785
38.4110000000001,2631.99345844529
38.412,2629.64537724353
38.413,2628.38926292484
38.4140000000002,2627.90215258931
38.4150000000002,2627.73461480896
38.4160000000002,2627.42469848655
38.4170000000001,2624.48846015082
38.4180000000001,2620.2065734754
38.4190000000001,2615.96974827317
38.4200000000001,2612.26612752271
38.421,2609.59292719033
38.422,2608.35054127118
38.423,2606.60328021151
38.4240000000002,2605.90164769342
38.4250000000002,2607.28740129573
38.4260000000002,2610.55035416088
38.4270000000001,2615.24967251085
38.4280000000001,2620.80891227322
38.4290000000001,2624.44440801451
38.4300000000001,2627.30561479743
38.431,2630.26438682304
38.432,2633.35626541632
38.4330000000002,2636.66714759843
38.4340000000002,2640.28608402718
38.4350000000002,2642.06274989571
38.4360000000001,2643.70247314538
38.4370000000001,2646.2455114848
38.4380000000001,2649.67472804775
38.4390000000001,2653.79033579462
38.4400000000001,2658.25884145394
38.441,2660.46932443773
38.442,2661.87817869367
38.4430000000002,2663.35047900546
38.4440000000002,2664.98830486192
38.4450000000002,2666.93701430223
38.4460000000001,2669.36001529959
38.4470000000001,2670.1555995696
38.4480000000001,2671.30863943545
38.4490000000001,2673.86348046814
38.45,2677.8524745998
38.451,2683.0254664746
38.4520000000002,2688.85668597409
38.4530000000002,2692.31222400861
38.4540000000002,2694.51524698347
38.4550000000002,2695.60168018156
38.4560000000001,2694.98609980601
38.4570000000001,2692.17372707347
38.4580000000001,2686.83711027687
38.4590000000001,2676.52628523184
38.46,2663.47800620355
38.461,2649.04585409634
38.4620000000002,2633.96128177768
38.4630000000002,2618.91267720092
38.4640000000002,2604.44757429116
38.4650000000001,2588.35613729784
38.4660000000001,2573.02253656457
38.4670000000001,2559.37614310354
38.4680000000001,2547.39863720473
38.4690000000001,2536.82293871325
38.47,2527.18821570391
38.471,2514.93936370752
38.4720000000002,2502.11821368338
38.4730000000002,2489.53590721671
38.4740000000002,2477.42958468557
38.4750000000001,2466.09126691939
38.4760000000001,2455.76276337912
38.4770000000001,2443.11656075551
38.4780000000001,2431.01067017845
38.479,2420.61794755563
38.48,2412.22400733146
38.4810000000002,2405.85516616478
38.4820000000002,2401.21777534455
38.4830000000002,2394.41630915366
38.4840000000002,2387.55354477824
38.4850000000001,2380.98959681878
38.4860000000001,2374.51585340104
38.4870000000001,2368.02378424978
38.4880000000001,2361.51335986485
38.489,2352.73995642192
38.49,2344.25756793848
38.4910000000002,2336.87669154231
38.4920000000002,2330.82464323073
38.4930000000002,2326.16661319365
38.4940000000001,2322.82615525957
38.4950000000001,2319.3964941428
38.4960000000001,2317.35038769634
38.4970000000001,2316.38785421802
38.498,2315.74262886563
38.499,2314.63664704651
38.5,2312.49799892415
38.5010000000002,2307.93143125074
38.5020000000002,2302.91982687159
38.5030000000002,2298.01464180698
38.5040000000001,2293.54132190276
38.5050000000001,2289.7662485111
38.5060000000001,2286.85641618678
38.5070000000001,2282.9511392305
38.508,2280.28929061694
38.509,2278.99370224288
38.5100000000002,2278.72890497688
38.5110000000002,2279.10624484039
38.5120000000002,2279.84562191671
38.5130000000001,2278.25185726909
38.5140000000001,2277.58883019864
38.5150000000001,2279.17417960083
38.5160000000001,2284.26970903621
38.5170000000001,2294.24579811305
38.518,2310.44446850592
38.519,2331.28930259913
38.5200000000002,2360.87468625292
38.5210000000002,2400.63792846688
38.5220000000002,2451.54953148343
38.5230000000001,2514.3958892849
38.5240000000001,2589.78417943684
38.5250000000001,2675.45204191098
38.5260000000001,2774.38681733288
38.527,2886.49718153921
38.528,3010.58906119817
38.5290000000002,3144.34697538274
38.5300000000002,3284.23562585071
38.5310000000002,3422.9773213379
38.5320000000002,3557.97966202421
38.5330000000001,3683.61645163509
38.5340000000001,3794.0327689557
38.5350000000001,3883.75933166985
38.5360000000001,3948.07397684519
38.537,3980.53992757268
38.538,3981.33372786496
38.5390000000002,3948.70423771228
38.5400000000002,3881.13052098565
38.5410000000002,3777.15156892629
38.5420000000001,3635.2640755075
38.5430000000001,3451.40937423548
38.5440000000001,3227.94211623091
38.5450000000001,2965.79027445732
38.546,2667.82593640675
38.547,2339.56966757575
38.548,1989.52016304761
38.5490000000002,1626.33839799261
38.5500000000002,1266.74597523904
38.5510000000002,925.733606006884
38.5520000000001,617.836156475716
38.5530000000001,355.62028802387
38.5540000000001,148.326112970741
38.5550000000001,-1.45086678955357
38.556,-89.8461240613357
38.557,-119.631613544395
38.5580000000002,-96.6151633425933
38.5590000000002,-28.356709594739
38.5600000000002,77.0515161860204
38.5610000000001,209.752780994835
38.5620000000001,366.608656538163
38.5630000000001,543.158409320909
38.5640000000001,735.819865479044
38.5650000000001,941.191036712714
38.566,1155.14331230345
38.567,1370.08187108502
38.5680000000002,1582.34553528312
38.5690000000002,1784.51065159671
38.5700000000002,1968.63814029242
38.5710000000001,2127.27607235879
38.5720000000001,2254.35730440939
38.5730000000001,2344.10140328377
38.5740000000001,2398.92222770787
38.575,2421.63683779783
38.576,2417.49756859673
38.5770000000002,2393.33057674176
38.5780000000002,2356.26148097496
38.5790000000002,2310.83335976865
38.5800000000002,2265.40672619757
38.5810000000001,2223.98448136783
38.5820000000001,2188.6641825634
38.5830000000001,2159.94584537744
38.5840000000001,2136.9964145734
38.585,2116.50071631898
38.586,2100.50270681345
38.5870000000002,2088.65691868837
38.5880000000002,2080.97809074285
38.5890000000002,2077.74189970529
38.5900000000001,2078.89891623324
38.5910000000001,2082.10365331984
38.5920000000001,2090.39435047814
38.5930000000001,2103.02449589588
38.5940000000001,2118.6388574605
38.595,2135.54667732033
38.596,2151.60933283509
38.5970000000002,2162.93928440443
38.5980000000002,2172.43825895994
38.5990000000002,2179.85565448376
38.6000000000001,2185.21704193411
38.6010000000001,2188.76504616754
38.6020000000001,2190.36982678721
38.6030000000001,2188.03872029533
38.604,2185.50504078777
38.605,2182.88551285435
38.6060000000002,2179.94651634756
38.6070000000002,2176.27771428171
38.6080000000002,2171.10091370115
38.6090000000002,2162.4019523861
38.6100000000001,2152.72004146684
38.6110000000001,2142.68655195334
38.6120000000001,2133.05812922738
38.6130000000001,2124.57604078055
38.614,2117.57205541531
38.615,2111.05530879671
38.6160000000002,2106.36174020226
38.6170000000002,2103.71802893188
38.6180000000002,2103.18545643779
38.6190000000001,2104.61948422325
38.6200000000001,2107.40119661497
38.6210000000001,2109.75609341386
38.6220000000001,2112.33838725691
38.623,2115.05430012515
38.624,2117.95343052995
38.625,2121.13708542771
38.6260000000002,2124.25731800844
38.6270000000002,2125.83939483259
38.6280000000002,2127.60661963712
38.6290000000001,2129.68752765757
38.6300000000001,2132.14975394437
38.6310000000001,2134.98285364725
38.6320000000001,2137.52293525374
38.633,2138.0397362259
38.634,2138.82190193627
38.6350000000002,2139.90399960295
38.6360000000002,2141.24780190313
38.6370000000002,2142.76439013296
38.6380000000001,2143.70921700631
38.6390000000001,2142.44313960793
38.6400000000001,2141.34154442963
38.6410000000001,2140.49071617448
38.6420000000001,2139.86956274652
38.643,2139.35869042046
38.644,2138.13043245008
38.6450000000002,2134.56858543284
38.6460000000002,2130.82262199323
38.6470000000002,2127.00454094921
38.6480000000001,2123.23823449527
38.6490000000001,2119.67261633112
38.6500000000001,2115.81934255356
38.6510000000001,2110.57225990098
38.652,2106.44742629113
38.653,2103.91293601592
38.6540000000002,2103.29885144143
38.6550000000002,2104.74844527392
38.6560000000002,2107.47725225541
38.6570000000002,2109.97587898129
38.6580000000001,2114.11970643931
38.6590000000001,2119.64879050688
38.6600000000001,2126.19896532362
38.6610000000001,2133.36719532447
38.662,2140.01790799697
38.663,2144.69405139512
38.6640000000002,2149.44617573103
38.6650000000002,2154.39062908976
38.6660000000002,2159.61089045791
38.6670000000001,2165.11295678141
38.6680000000001,2170.00677105076
38.6690000000001,2173.0190286745
38.6700000000001,2176.06248279622
38.671,2179.03622772546
38.672,2181.76596685824
38.673,2184.06209678626
38.6740000000002,2184.95619737726
38.6750000000002,2183.40740189994
38.6760000000002,2181.65143618025
38.6770000000001,2180.12120540115
38.6780000000001,2179.23124854898
38.6790000000001,2179.30891315699
38.6800000000001,2179.67745806167
38.681,2179.43388795814
38.682,2180.53170640285
38.6830000000002,2182.90962343708
38.6840000000002,2186.32639774356
38.6850000000002,2190.41746431825
38.6860000000001,2193.87567851508
38.6870000000001,2195.49362804198
38.6880000000001,2197.03188576925
38.6890000000001,2198.53127578041
38.6900000000001,2200.05792307623
38.691,2201.67467744423
38.692,2202.4862319585
38.6930000000002,2201.74831034754
38.6940000000002,2201.42137002346
38.6950000000002,2201.62143819799
38.6960000000001,2202.3485867757
38.6970000000001,2203.51064414346
38.6980000000001,2203.99542346555
38.6990000000001,2203.00480583041
38.7,2202.43156242545
38.701,2202.45813807957
38.7020000000002,2203.23687245268
38.7030000000002,2204.867674698
38.7040000000002,2206.37106971267
38.7050000000002,2207.11856102693
38.7060000000001,2208.94049027958
38.7070000000001,2211.85181389354
38.7080000000001,2215.70628925723
38.7090000000001,2220.20846079551
38.71,2223.89139369512
38.711,2225.76738168194
38.7120000000002,2227.31062744965
38.7130000000002,2228.33803109646
38.7140000000002,2228.66125812118
38.7150000000001,2228.10243590104
38.7160000000001,2225.40313551498
38.7170000000001,2220.02609555666
38.7180000000001,2213.93524028369
38.7190000000001,2207.52575453651
38.72,2201.21788355461
38.721,2195.42430583915
38.7220000000002,2189.35161570189
38.7230000000002,2182.93796458629
38.7240000000002,2178.36466271634
38.7250000000001,2176.04494438271
38.7260000000001,2176.18118494945
38.7270000000001,2178.73301235566
38.7280000000001,2182.19707726006
38.729,2185.78857430011
38.73,2190.7947740257
38.7310000000002,2196.78014164356
38.7320000000002,2203.21764795402
38.7330000000002,2209.53767979256
38.7340000000002,2213.9241425725
38.7350000000001,2215.68161133496
38.7360000000001,2216.30778200016
38.7370000000001,2215.81697437572
38.7380000000001,2214.26582717205
38.739,2211.72757241537
38.74,2206.99008594866
38.7410000000002,2200.02008502329
38.7420000000002,2192.74386239779
38.7430000000002,2185.54890410291
38.7440000000001,2178.76863963703
38.7450000000001,2172.67062082314
38.7460000000001,2166.12968348318
38.7470000000001,2159.26025065748
38.748,2153.93090160143
38.749,2150.4155930335
38.75,2148.82351210625
38.7510000000002,2149.07748678609
38.7520000000002,2149.56110187646
38.7530000000002,2149.93549367324
38.7540000000001,2151.44412522898
38.7550000000001,2153.81192482631
38.7560000000001,2156.71407815183
38.7570000000001,2159.83007295483
38.758,2161.52066961113
38.759,2161.80520656846
38.7600000000002,2162.3822551938
38.7610000000002,2163.65832307603
38.7620000000002,2166.07277754043
38.7630000000001,2170.03667082487
38.7640000000001,2174.45951132722
38.7650000000001,2179.7771752424
38.7660000000001,2187.65518501425
38.7670000000001,2198.16592428161
38.768,2211.10077304662
38.769,2225.98564619466
38.7700000000002,2240.67591759215
38.7710000000002,2254.70021418578
38.7720000000002,2268.85303804987
38.7730000000001,2282.63201813443
38.7740000000001,2295.59843788994
38.7750000000001,2307.41950896728
38.7760000000001,2316.3926639005
38.777,2322.87665272432
38.778,2328.52088690217
38.7790000000002,2333.71831704877
38.7800000000002,2338.79611661064
38.7810000000002,2343.94964203575
38.7820000000002,2347.67937893244
38.7830000000001,2350.33388931529
38.7840000000001,2353.1610014793
38.7850000000001,2356.0318635161
38.7860000000001,2358.69655239932
38.787,2360.83854599107
38.788,2360.58677508701
38.7890000000002,2358.25844394576
38.7900000000002,2355.19104372729
38.7910000000002,2351.60817178266
38.7920000000001,2347.75709125054
38.7930000000001,2343.86650813353
38.7940000000001,2338.51013507822
38.7950000000001,2332.45728145758
38.796,2327.19024416964
38.797,2322.90386142199
38.798,2319.64048045539
38.7990000000002,2317.30060162389
38.8000000000002,2314.03033424064
38.8010000000002,2310.3022875177
38.8020000000001,2307.24233111986
38.8030000000001,2304.8074143523
38.8040000000001,2302.88640772949
38.8050000000001,2301.29473083227
38.806,2298.11348166319
38.807,2293.86534678607
38.8080000000002,2289.62128165167
38.8090000000002,2285.34849895821
38.8100000000002,2280.97431693242
38.8110000000001,2276.39935500085
38.8120000000001,2269.81868828274
38.8130000000001,2262.05567451653
38.8140000000001,2254.44005307911
38.8150000000001,2247.28768311744
38.816,2240.88330801541
38.817,2235.44354102456
38.8180000000002,2229.35391075277
38.8190000000002,2223.62056435497
38.8200000000002,2219.48056455982
38.8210000000001,2217.04917509034
38.8220000000001,2216.29237835254
38.8230000000001,2217.03396836388
38.8240000000001,2217.2171298725
38.825,2217.54387914629
38.826,2218.87912582195
38.8270000000002,2221.09181468468
38.8280000000002,2223.99503809498
38.8290000000002,2227.34791245592
38.8300000000002,2229.05583015488
38.8310000000001,2229.98980217612
38.8320000000001,2231.07561012546
38.8330000000001,2232.28479332089
38.8340000000001,2233.54040916276
38.835,2234.71771448002
38.836,2233.78394066732
38.8370000000002,2231.85412610888
38.8380000000002,2229.95212004732
38.8390000000002,2228.15767312828
38.8400000000001,2226.48850445536
38.8410000000001,2224.90361087861
38.8420000000001,2221.39803941667
38.8430000000001,2217.26971877087
38.8440000000001,2213.60603845229
38.845,2210.59851840514
38.846,2208.3938124774
38.8470000000002,2207.08710974796
38.8480000000002,2204.75186915196
38.8490000000002,2202.85328936767
38.8500000000001,2202.43518584457
38.8510000000001,2203.56678855335
38.8520000000001,2206.14049396174
38.8530000000001,2209.87115033707
38.854,2212.33435103436
38.855,2214.56183022505
38.8560000000002,2217.0900434231
38.8570000000002,2219.65448568848
38.8580000000002,2222.01293471053
38.8590000000002,2223.98620658475
38.8600000000001,2223.45079064604
38.8610000000001,2222.06164431096
38.8620000000001,2220.98311207191
38.8630000000001,2220.61787410683
38.864,2221.26568307451
38.865,2223.05500320017
38.8660000000002,2223.82006777559
38.8670000000002,2224.99337078047
38.8680000000002,2227.14523744154
38.8690000000001,2229.96969232441
38.8700000000001,2233.0376661094
38.8710000000001,2235.86392834747
38.8720000000001,2235.87089897743
38.873,2234.46329837962
38.874,2232.36790708669
38.875,2229.72653086996
38.8760000000002,2226.70823816714
38.8770000000002,2223.45850419355
38.8780000000002,2217.91626479554
38.8790000000001,2211.94443085131
38.8800000000001,2206.42692443649
38.8810000000001,2201.51754192696
38.8820000000001,2197.25250582016
38.883,2193.56416286827
38.884,2188.14028610027
38.8850000000002,2182.73501516817
38.8860000000002,2178.08263332514
38.8870000000002,2174.30553098875
38.8880000000001,2171.46105724011
38.8890000000001,2169.51828914301
38.8900000000001,2166.21510465799
38.8910000000001,2163.3212978165
38.8920000000001,2161.40375466904
38.893,2160.42699168046
38.894,2160.29006665682
38.8950000000002,2160.84834021735
38.8960000000002,2159.8053990249
38.8970000000002,2159.03516051663
38.8980000000001,2159.14313885707
38.8990000000001,2160.17987965893
38.9000000000001,2162.07910242382
38.9010000000001,2164.63380691006
38.902,2165.37162483415
38.903,2165.93943407058
38.9040000000002,2166.56361009898
38.9050000000002,2166.99989546554
38.9060000000002,2167.02690628213
38.9070000000002,2166.50636199414
38.9080000000001,2163.29314613236
38.9090000000001,2159.68041097436
38.9100000000001,2156.61709958047
38.9110000000001,2154.67412939284
38.912,2154.34387344939
38.913,2155.95331814857
38.9140000000002,2157.45300642068
38.9150000000002,2160.90984156215
38.9160000000002,2166.56629742673
38.9170000000001,2174.05884308312
38.9180000000001,2182.83167615748
38.9190000000001,2192.21861723419
38.9200000000001,2199.36266725818
38.921,2205.91547785087
38.922,2211.92597149631
38.923,2217.18391742457
38.9240000000002,2221.52587014327
38.9250000000002,2224.82693121962
38.9260000000002,2224.81464374729
38.9270000000001,2223.82413523325
38.9280000000001,2222.46411878584
38.9290000000001,2221.1071601463
38.9300000000001,2220.16593060669
38.931,2220.07388657566
38.932,2219.0278995197
38.9330000000002,2219.76938008978
38.9340000000002,2222.91716535543
38.9350000000002,2228.48615801112
38.9360000000001,2236.0478186285
38.9370000000001,2244.71264826647
38.9380000000001,2250.9506751099
38.9390000000001,2255.72534080812
38.9400000000001,2257.92735193204
38.941,2256.36809411898
38.942,2250.19753874387
38.9430000000002,2239.07021898292
38.9440000000002,2220.84669694907
38.9450000000002,2198.98860884246
38.9460000000001,2175.23826324328
38.9470000000001,2151.32825212976
38.9480000000001,2128.86685928341
38.9490000000001,2109.07022232389
38.95,2089.77880395112
38.951,2074.01733642731
38.9520000000002,2061.81946946044
38.9530000000002,2052.60766772093
38.9540000000002,2045.49032400234
38.9550000000002,2039.43614207979
38.9560000000001,2030.05629546599
38.9570000000001,2020.15418044394
38.9580000000001,2010.07318027072
38.9590000000001,2000.36204837172
38.96,1991.69446971855
38.961,1984.6212247544
38.9620000000002,1975.82386531803
38.9630000000002,1968.85355184562
38.9640000000002,1963.86557357073
38.9650000000001,1960.63284629597
38.9660000000001,1958.66041297641
38.9670000000001,1957.26262669592
38.9680000000001,1953.18735526806
38.9690000000001,1948.61653710224
38.97,1943.29571035479
38.971,1937.12735973042
38.9720000000002,1930.22612498865
38.9730000000002,1922.89128130654
38.9740000000002,1914.52562584176
38.9750000000001,1907.34361178598
38.9760000000001,1901.61532331408
38.9770000000001,1897.29068790122
38.9780000000001,1894.0891678167
38.979,1891.58306104872
38.98,1888.47288723126
38.9810000000002,1886.10035001122
38.9820000000002,1884.12116729621
38.9830000000002,1882.15547354729
38.9840000000002,1879.89105212314
38.9850000000001,1877.08528266154
38.9860000000001,1872.68634879213
38.9870000000001,1868.55282459933
38.9880000000001,1864.74420643702
38.989,1861.21390080869
38.99,1857.91017580198
38.9910000000002,1854.7466062567
38.9920000000002,1850.11335330193
38.9930000000002,1846.95259531782
38.9940000000001,1846.09618564241
38.9950000000001,1848.37952820006
38.9960000000001,1854.56245278005
38.9970000000001,1865.05980832568
38.998,1878.16324432619
38.999,1897.01183334407
39,1922.29545989637
39.0010000000002,1954.82698456197
39.0020000000002,1995.69089428706
39.0030000000002,2046.06708521941
39.0040000000001,2105.61858033744
39.0050000000001,2178.62755223776
39.0060000000001,2266.60386361518
39.0070000000001,2370.16518772674
39.008,2488.67721378862
39.009,2619.79873226302
39.0100000000002,2758.24571079045
39.0110000000002,2901.70687913712
39.0120000000002,3044.96407672404
39.0130000000001,3182.54913313433
39.0140000000001,3309.24706554232
39.0150000000001,3420.11127203453
39.0160000000001,3509.33474732552
39.0170000000001,3575.36821361449
39.018,3614.29218057848
39.019,3621.38462688245
39.0200000000002,3590.90931019448
39.0210000000002,3516.04830699614
39.0220000000002,3388.70463503734
39.0230000000001,3206.06444456726
39.0240000000001,2966.22014119259
39.0250000000001,2671.72299710126
39.0260000000001,2330.67186635515
39.027,1956.60372594605
39.028,1566.77524733434
39.0290000000002,1185.21257434722
39.0300000000002,834.12320018164
39.0310000000002,532.705296212291
39.0320000000002,294.289628338452
39.0330000000001,123.999019978726
39.0340000000001,17.413641086804
39.0350000000001,-33.7376732102866
39.0360000000001,-44.810021437964
39.037,-33.0164476919171
39.038,-13.8018924431998
39.0390000000002,1.90044095376428
39.0400000000002,9.06747591623374
39.0410000000002,13.452144551969
39.0420000000001,24.9338349042287
39.0430000000001,56.7193775439387
39.0440000000001,121.960968066692
39.0450000000001,229.948598539833
39.046,383.028939773013
39.047,579.576139435486
39.048,809.005867308314
39.0490000000002,1055.30519702802
39.0500000000002,1299.82216974087
39.0510000000002,1524.00978543872
39.0520000000001,1712.01943795324
39.0530000000001,1856.81736342103
39.0540000000001,1955.9075414887
39.0550000000001,2012.61285858083
39.056,2034.55566947222
39.057,2031.04057553638
39.0580000000002,2010.66081947624
39.0590000000002,1983.41222781694
39.0600000000002,1954.68030753752
39.0610000000001,1926.81648038074
39.0620000000001,1899.75140523124
39.0630000000001,1871.54328931057
39.0640000000001,1839.55188317746
39.0650000000001,1805.27046819102
39.066,1769.72675484002
39.067,1735.26380004876
39.0680000000002,1705.0400011299
39.0690000000002,1681.58112900702
39.0700000000002,1666.14978784066
39.0710000000001,1662.07644461745
39.0720000000001,1668.79088648336
39.0730000000001,1684.07376931304
39.0740000000001,1704.59853395453
39.075,1725.84961799949
39.076,1743.38016283944
39.0770000000002,1757.54028325923
39.0780000000002,1767.21451257328
39.0790000000002,1772.33914126062
39.0800000000002,1773.72931609505
39.0810000000001,1771.84964441754
39.0820000000001,1767.13683348343
39.0830000000001,1763.59478666314
39.0840000000001,1762.01076511442
39.085,1762.43153656891
39.086,1764.33254506875
39.0870000000002,1766.19200010266
39.0880000000002,1766.24512453446
39.0890000000002,1765.69962738872
39.0900000000001,1764.27468843331
39.0910000000001,1761.89300811902
39.0920000000001,1758.64860769679
39.0930000000001,1754.35313084038
39.0940000000001,1748.51854037186
39.095,1742.43327635736
39.096,1736.7799622972
39.0970000000002,1732.23256653707
39.0980000000002,1729.32325614113
39.0990000000002,1727.94634764953
39.1000000000001,1727.36455190638
39.1010000000001,1728.19838003081
39.1020000000001,1730.32346505451
39.1030000000001,1733.49123923553
39.104,1737.31761800426
39.105,1740.85840320801
39.1060000000002,1742.88778194141
39.1070000000002,1743.9564223416
39.1080000000002,1744.14545029737
39.1090000000002,1743.76000198475
39.1100000000001,1743.23302158158
39.1110000000001,1742.29281785892
39.1120000000001,1740.6856009867
39.1130000000001,1740.22045589089
39.114,1741.19614622676
39.115,1743.68387625403
39.1160000000002,1747.53008367264
39.1170000000002,1751.5275379782
39.1180000000002,1754.66298188902
39.1190000000001,1758.19570219939
39.1200000000001,1761.77196119044
39.1210000000001,1765.01508579579
39.1220000000001,1767.57958779332
39.123,1768.32765406784
39.124,1766.62444438899
39.125,1764.16959654376
39.1260000000002,1761.2942775854
39.1270000000002,1758.37279192827
39.1280000000002,1755.78636661981
39.1290000000001,1753.02297217664
39.1300000000001,1749.9406991641
39.1310000000001,1748.34863054005
39.1320000000001,1748.56587574384
39.133,1750.71023456115
39.134,1754.67578662618
39.1350000000002,1759.24179510213
39.1360000000002,1763.55554809256
39.1370000000002,1768.60694647593
39.1380000000001,1774.00229111062
39.1390000000001,1779.33491710357
39.1400000000001,1784.23845266892
39.1410000000001,1787.48707988094
39.1420000000001,1788.62857304694
39.143,1789.20493932682
39.144,1789.51312295185
39.1450000000002,1789.85771312682
39.1460000000002,1790.49532053479
39.1470000000002,1790.60932007672
39.1480000000001,1790.02747039417
39.1490000000001,1790.25460694333
39.1500000000001,1791.37369870775
39.1510000000001,1793.33563248396
39.152,1795.9832381309
39.153,1798.08012196732
39.1540000000002,1799.21873836373
39.1550000000002,1800.69356725025
39.1560000000002,1802.55759681743
39.1570000000002,1804.85669640737
39.1580000000001,1807.610937045
39.1590000000001,1809.76713368306
39.1600000000001,1811.15563950948
39.1610000000001,1813.11568119315
39.162,1815.68427458093
39.163,1818.78120124745
39.1640000000002,1822.21177234299
39.1650000000002,1824.64085959477
39.1660000000002,1825.72839035367
39.1670000000001,1826.59606478979
39.1680000000001,1827.22287991366
39.1690000000001,1827.62947479109
39.1700000000001,1827.88909821551
39.171,1827.06097786192
39.172,1825.37712650026
39.173,1824.41088843303
39.1740000000002,1824.548055551
39.1750000000002,1826.04937323895
39.1760000000002,1829.00580431029
39.1770000000001,1832.21725678279
39.1780000000001,1835.54027301263
39.1790000000001,1839.9264478154
39.1800000000001,1845.09915463686
39.181,1850.69308251207
39.182,1856.30382039682
39.1830000000002,1860.38614158363
39.1840000000002,1862.80017734314
39.1850000000002,1864.65224143617
39.1860000000001,1866.01043593843
39.1870000000001,1866.95621516034
39.1880000000001,1867.55139948573
39.1890000000001,1866.63074367088
39.1900000000001,1864.43304087462
39.191,1862.24646393459
39.192,1860.26400267358
39.1930000000002,1858.64299436363
39.1940000000002,1857.51490049434
39.1950000000002,1855.76426061054
39.1960000000001,1853.82275354393
39.1970000000001,1853.1001096046
39.1980000000001,1853.89207554719
39.1990000000001,1856.35244634771
39.2,1860.44176385693
39.201,1864.61116186894
39.2020000000002,1868.80177912129
39.2030000000002,1873.72567213051
39.2040000000002,1878.95587476428
39.2050000000002,1884.0105818051
39.2060000000001,1888.42081901681
39.2070000000001,1890.45650910162
39.2080000000001,1890.33144280407
39.2090000000001,1889.25872321244
39.21,1887.56472569984
39.211,1885.61934728219
39.2120000000002,1883.7516271866
39.2130000000002,1880.79410784091
39.2140000000002,1877.34151721182
39.2150000000001,1874.55385311599
39.2160000000001,1872.41763935966
39.2170000000001,1870.73131821929
39.2180000000001,1869.14276064074
39.2190000000001,1865.80141289743
39.22,1860.87399698285
39.221,1855.21948208609
39.2220000000002,1848.8361051981
39.2230000000002,1841.80595986134
39.2240000000002,1834.28137204309
39.2250000000001,1825.03163508978
39.2260000000001,1814.9889166769
39.2270000000001,1805.61314656257
39.2280000000001,1797.41450398067
39.229,1790.8148116596
39.23,1786.11163903273
39.2310000000002,1781.99832950452
39.2320000000002,1779.25127689004
39.2330000000002,1778.91229249884
39.2340000000002,1780.98603912171
39.2350000000001,1785.30316265273
39.2360000000001,1791.52415963694
39.2370000000001,1797.67795301528
39.2380000000001,1804.01682361749
39.239,1811.04118681156
39.24,1818.38702600874
39.2410000000002,1825.69345397116
39.2420000000002,1832.63244909425
39.2430000000002,1837.41418943268
39.2440000000001,1840.78655892832
39.2450000000001,1843.78730624997
39.2460000000001,1846.70494560986
39.2470000000001,1849.84757744269
39.248,1853.49696319493
39.249,1856.31403680654
39.25,1859.42087114327
39.2510000000002,1863.91006391017
39.2520000000002,1869.94212093952
39.2530000000002,1877.50697332032
39.2540000000001,1886.42573595839
39.2550000000001,1894.80307702621
39.2560000000001,1903.27279210864
39.2570000000001,1912.3861874634
39.258,1921.90891021758
39.259,1931.57991433978
39.2600000000002,1941.12923746483
39.2610000000002,1948.69895396664
39.2620000000002,1955.18757294902
39.2630000000001,1961.39433908604
39.2640000000001,1967.4076093997
39.2650000000001,1973.2802073957
39.2660000000001,1979.00194550928
39.2670000000001,1982.84664478806
39.268,1985.85925547239
39.269,1988.76462793553
39.2700000000002,1991.51057715525
39.2710000000002,1993.95021028819
39.2720000000002,1995.86014554467
39.2730000000001,1995.29691614576
39.2740000000001,1993.28175266246
39.2750000000001,1990.53564272738
39.2760000000001,1987.16499872688
39.277,1983.30375212229
39.278,1979.09939656465
39.2790000000002,1972.98616844467
39.2800000000002,1966.4440091123
39.2810000000002,1960.47918203242
39.2820000000002,1955.38943073608
39.2830000000001,1951.33835040298
39.2840000000001,1948.33076154514
39.2850000000001,1944.48589994991
39.2860000000001,1940.92080795761
39.287,1938.13692527682
39.288,1935.98419541595
39.2890000000002,1934.26140280355
39.2900000000002,1932.74341297969
39.2910000000002,1929.47459392439
39.2920000000001,1925.72076985167
39.2930000000001,1922.19731678177
39.2940000000001,1919.11129123564
39.2950000000001,1916.6551661982
39.296,1914.96143609695
39.297,1912.29538842971
39.298,1910.10189182257
39.2990000000002,1908.9958529107
39.3000000000002,1908.9450127126
39.3010000000002,1909.76722108161
39.3020000000001,1911.14221287921
39.3030000000001,1910.82331233925
39.3040000000001,1909.9598119011
39.3050000000001,1908.88310712656
39.306,1907.47864253079
39.307,1905.67645352114
39.3080000000002,1903.45016621438
39.3090000000002,1898.95000961499
39.3100000000002,1893.90974418613
39.3110000000001,1889.12487149568
39.3120000000001,1884.88915013646
39.3130000000001,1881.39391969902
39.3140000000001,1878.69364063108
39.3150000000001,1874.79731253154
39.316,1871.27951714914
39.317,1868.56509647089
39.3180000000002,1866.58762381787
39.3190000000002,1865.23505269523
39.3200000000002,1864.3762338903
39.3210000000001,1861.94261770016
39.3220000000001,1859.72424988128
39.3230000000001,1858.34408983963
39.3240000000001,1858.0151743225
39.325,1858.88830238964
39.326,1861.01120808898
39.3270000000002,1862.31568029972
39.3280000000002,1864.56386041545
39.3290000000002,1868.06695514414
39.3300000000002,1872.63175341574
39.3310000000001,1877.94029674599
39.3320000000001,1883.58468692492
39.3330000000001,1887.08131990801
39.3340000000001,1890.06083298266
39.335,1892.76945359378
39.336,1895.1659756122
39.3370000000002,1897.24193382221
39.3380000000002,1899.00271480158
39.3390000000002,1898.38438103237
39.3400000000001,1897.49430961778
39.3410000000001,1896.86548933291
39.3420000000001,1896.64553041524
39.3430000000001,1896.8676125067
39.3440000000001,1897.44525490261
39.345,1896.11499551234
39.346,1894.80321872782
39.3470000000002,1893.79682101675
39.3480000000002,1893.10584572463
39.3490000000002,1892.73020179145
39.3500000000001,1892.66167690549
39.3510000000001,1890.77795618511
39.3520000000001,1889.29094604267
39.3530000000001,1888.67180453458
39.354,1889.0841566868
39.355,1890.56480769198
39.3560000000002,1892.99556655466
39.3570000000002,1893.96371574016
39.3580000000002,1895.37789026269
39.3590000000002,1897.25861603404
39.3600000000001,1899.37864293601
39.3610000000001,1901.4847568915
39.3620000000001,1903.32852943006
39.3630000000001,1902.51365795901
39.364,1901.27178801129
39.365,1899.98022929601
39.3660000000002,1898.87029309009
39.3670000000002,1898.1267411952
39.3680000000002,1897.83282502987
39.3690000000001,1895.71235386208
39.3700000000001,1894.04065424169
39.3710000000001,1892.95438664222
39.3720000000001,1892.3524601258
39.373,1892.03967311595
39.374,1891.75781241781
39.375,1888.95434817254
39.3760000000002,1885.92052048883
39.3770000000002,1882.88932610748
39.3780000000002,1880.04619424454
39.3790000000001,1877.57762393045
39.3800000000001,1875.62389610171
39.3810000000001,1871.92751051191
39.3820000000001,1869.07845312862
39.383,1867.35891851106
39.384,1866.89505565631
39.3850000000002,1867.69726929675
39.3860000000002,1869.6540147431
39.3870000000002,1870.22993602327
39.3880000000001,1871.77512174774
39.3890000000001,1874.27136782511
39.3900000000001,1877.60843612408
39.3910000000001,1881.58948801426
39.3920000000001,1885.88805847365
39.393,1887.91114593354
39.394,1889.84437839569
39.3950000000002,1891.58967174512
39.3960000000002,1893.03328074923
39.3970000000002,1894.07975250221
39.3980000000001,1894.59370751296
39.3990000000001,1892.43430658503
39.4000000000001,1890.15913621839
39.4010000000001,1888.12153393792
39.402,1886.62797008891
39.403,1885.91032767357
39.4040000000002,1885.98719903153
39.4050000000002,1884.85506563323
39.4060000000002,1884.83558428475
39.4070000000002,1885.96235832627
39.4080000000001,1888.12911431225
39.4090000000001,1891.13338799115
39.4100000000001,1894.57898547947
39.4110000000001,1896.27544084393
39.412,1898.36482176027
39.413,1900.89173237185
39.4140000000002,1903.88330754124
39.4150000000002,1907.34704099909
39.4160000000002,1911.08560854755
39.4170000000001,1913.18622004016
39.4180000000001,1915.86420099994
39.4190000000001,1919.17829303674
39.4200000000001,1923.07817221969
39.421,1927.43329533623
39.422,1931.86309390331
39.423,1934.40949239562
39.4240000000002,1937.23561923375
39.4250000000002,1940.48255398761
39.4260000000002,1944.29337693435
39.4270000000001,1948.81435772581
39.4280000000001,1953.9404964407
39.4290000000001,1958.04828653356
39.4300000000001,1963.42687233866
39.431,1970.20160313598
39.432,1978.28795553537
39.4330000000002,1987.3875175152
39.4340000000002,1996.73743160223
39.4350000000002,2004.05584565799
39.4360000000001,2010.82944169844
39.4370000000001,2016.52188045419
39.4380000000001,2020.59550400348
39.4390000000001,2022.59647589035
39.4400000000001,2021.92558107272
39.441,2016.91837774001
39.442,2009.87059838154
39.4430000000002,2001.30154617299
39.4440000000002,1991.80167863509
39.4450000000002,1981.96594970429
39.4460000000001,1971.97942936363
39.4470000000001,1960.67329501819
39.4480000000001,1950.4449613122
39.4490000000001,1941.50255781492
39.45,1933.7658943518
39.451,1926.89813668881
39.4520000000002,1919.94542972612
39.4530000000002,1910.50481001387
39.4540000000002,1900.44797086734
39.4550000000002,1889.64633199656
39.4560000000001,1878.10052213818
39.4570000000001,1865.93496773649
39.4580000000001,1852.82186739132
39.4590000000001,1836.93823677373
39.46,1821.42115455832
39.461,1807.0822476075
39.4620000000002,1794.64195597985
39.4630000000002,1784.60571646475
39.4640000000002,1776.52461099519
39.4650000000001,1767.99935190541
39.4660000000001,1761.58912574578
39.4670000000001,1757.20082752952
39.4680000000001,1754.57491426094
39.4690000000001,1753.2895363076
39.47,1752.25680846641
39.471,1749.33628087462
39.4720000000002,1746.1252826899
39.4730000000002,1742.35192104106
39.4740000000002,1737.91915623136
39.4750000000001,1732.99275234783
39.4760000000001,1727.73335174841
39.4770000000001,1722.35734543887
39.4780000000001,1718.83734273987
39.479,1717.63826436862
39.48,1718.81129598409
39.4810000000002,1721.97842204402
39.4820000000002,1726.13209181964
39.4830000000002,1730.03429073382
39.4840000000002,1733.72068384431
39.4850000000001,1736.09924164331
39.4860000000001,1736.31226958361
39.4870000000001,1733.99568215391
39.4880000000001,1729.12155520535
39.489,1722.29223052134
39.49,1715.85587286363
39.4910000000002,1710.93130751088
39.4920000000002,1708.24138846685
39.4930000000002,1707.94871207374
39.4940000000001,1709.12646705993
39.4950000000001,1710.16967880016
39.4960000000001,1711.62052445088
39.4970000000001,1712.52525809907
39.498,1712.29132538432
39.499,1711.00853765905
39.5,1708.94942365473
39.5010000000002,1706.91732989368
39.5020000000002,1709.52945825868
39.5030000000002,1719.89253138512
39.5040000000001,1740.9265854822
39.5050000000001,1774.9136815494
39.5060000000001,1822.44376039113
39.5070000000001,1882.71139676564
39.508,1956.69458163171
39.509,2042.70171273399
39.5100000000002,2138.44471137071
39.5110000000002,2241.49219041703
39.5120000000002,2349.01671736112
39.5130000000001,2458.69744060604
39.5140000000001,2571.47282021082
39.5150000000001,2687.17430236652
39.5160000000001,2805.68661290098
39.5170000000001,2926.36895702237
39.518,3046.6893675215
39.519,3162.31870463159
39.5200000000002,3269.1675890648
39.5210000000002,3359.27276013559
39.5220000000002,3422.65086353045
39.5230000000001,3448.13962257064
39.5240000000001,3423.94197072925
39.5250000000001,3340.02698395148
39.5260000000001,3192.1316470903
39.527,2979.28624138543
39.528,2706.22883540679
39.5290000000002,2383.62210969113
39.5300000000002,2026.63439668355
39.5310000000002,1654.36380649283
39.5320000000002,1289.7854399868
39.5330000000001,953.373786061615
39.5340000000001,661.966648605616
39.5350000000001,426.68319651049
39.5360000000001,250.916074665176
39.537,131.283982304299
39.538,60.6384362915548
39.5390000000002,26.4362392367486
39.5400000000002,14.7318735245451
39.5410000000002,12.8939670716761
39.5420000000001,11.0960516112747
39.5430000000001,4.98766783448637
39.5440000000001,-2.13982116039907
39.5450000000001,-3.63569624555352
39.546,10.1480080107097
39.547,49.5560792633019
39.548,122.379716107188
39.5490000000002,233.166623783443
39.5500000000002,383.561799663317
39.5510000000002,568.643090524272
39.5520000000001,778.938326721189
39.5530000000001,1001.88191363574
39.5540000000001,1222.8250859021
39.5550000000001,1428.41186747829
39.556,1609.59596366419
39.557,1759.42537038
39.5580000000002,1874.6793370347
39.5590000000002,1955.56557039849
39.5600000000002,2004.0298218511
39.5610000000001,2024.31383017284
39.5620000000001,2023.16273340256
39.5630000000001,2005.89687024712
39.5640000000001,1977.18250371955
39.5650000000001,1940.85667769277
39.566,1899.03356198015
39.567,1854.07823867938
39.5680000000002,1809.83636204176
39.5690000000002,1768.67992324573
39.5700000000002,1732.7806019773
39.5710000000001,1703.98034468903
39.5720000000001,1682.4507369306
39.5730000000001,1668.74885146726
39.5740000000001,1664.44388924077
39.575,1668.76491749645
39.576,1680.21488092608
39.5770000000002,1696.82422112627
39.5780000000002,1715.08123157877
39.5790000000002,1733.0840550154
39.5800000000002,1751.08572346745
39.5810000000001,1767.91463893102
39.5820000000001,1782.73591743946
39.5830000000001,1795.05822133047
39.5840000000001,1803.17928139178
39.585,1807.46628707964
39.586,1810.20782611726
39.5870000000002,1811.79628327715
39.5880000000002,1812.55759520287
39.5890000000002,1812.80250541822
39.5900000000001,1811.63928961771
39.5910000000001,1809.54693223163
39.5920000000001,1808.43751257231
39.5930000000001,1808.73613172166
39.5940000000001,1810.60747597751
39.595,1813.91818469041
39.596,1817.48415350812
39.5970000000002,1820.45954801941
39.5980000000002,1823.13969300835
39.5990000000002,1825.312924238
39.6000000000001,1826.90067473323
39.6010000000001,1827.91305299397
39.6020000000001,1827.683461452
39.6030000000001,1826.01075730143
39.604,1823.85546326222
39.605,1821.76739947529
39.6060000000002,1820.29107506929
39.6070000000002,1819.82951026484
39.6080000000002,1819.79132614186
39.6090000000002,1819.88187870854
39.6100000000001,1820.69168675798
39.6110000000001,1822.22939314919
39.6120000000001,1824.43270128876
39.6130000000001,1827.1282465463
39.614,1828.92937236544
39.615,1829.6003733652
39.6160000000002,1829.95892398279
39.6170000000002,1830.04995929051
39.6180000000002,1830.01234480235
39.6190000000001,1830.05390806791
39.6200000000001,1829.03153743806
39.6210000000001,1827.64740872512
39.6220000000001,1827.53778080636
39.623,1829.12579988795
39.624,1832.68099413932
39.625,1838.28813943616
39.6260000000002,1844.43231748998
39.6270000000002,1851.32867134031
39.6280000000002,1859.89961528
39.6290000000001,1869.85040339449
39.6300000000001,1880.7378304256
39.6310000000001,1891.99785733676
39.6320000000001,1901.61202031542
39.633,1909.43183358145
39.634,1916.14775943056
39.6350000000002,1921.57576120407
39.6360000000002,1925.61988191437
39.6370000000002,1928.26173173541
39.6380000000001,1928.12098313663
39.6390000000001,1925.89480459288
39.6400000000001,1923.03986641242
39.6410000000001,1920.10318912753
39.6420000000001,1917.60323166512
39.643,1915.96990164506
39.644,1914.00702024312
39.6450000000002,1912.55391614212
39.6460000000002,1912.88431549002
39.6470000000002,1915.17718559179
39.6480000000001,1919.43554982334
39.6490000000001,1925.48197666388
39.6500000000001,1931.42920198047
39.6510000000001,1937.57541229608
39.652,1944.61895587922
39.653,1952.28428861732
39.6540000000002,1960.23525721869
39.6550000000002,1968.08030974357
39.6560000000002,1973.80429428368
39.6570000000002,1977.8293308099
39.6580000000001,1981.00685117857
39.6590000000001,1983.37186926224
39.6600000000001,1985.01505703594
39.6610000000001,1986.06520087896
39.662,1985.04991217617
39.663,1983.05742750937
39.6640000000002,1981.44083047453
39.6650000000002,1980.65529004781
39.6660000000002,1981.04429952693
39.6670000000001,1982.78646648417
39.6680000000001,1984.21484539171
39.6690000000001,1986.13492561544
39.6700000000001,1989.36788398727
39.671,1993.80038278542
39.672,1999.21357831983
39.673,2005.30338543669
39.6740000000002,2010.03223576953
39.6750000000002,2014.0977602229
39.6760000000002,2018.256897864
39.6770000000001,2022.50206370148
39.6780000000001,2026.81076814879
39.6790000000001,2031.11944178985
39.6800000000001,2033.59874109282
39.681,2035.24906217674
39.682,2036.99696524453
39.6830000000002,2039.0184441612
39.6840000000002,2041.46879444968
39.6850000000002,2044.46558365552
39.6860000000001,2046.30276398693
39.6870000000001,2048.2321736354
39.6880000000001,2051.27643335889
39.6890000000001,2055.63835159455
39.6900000000001,2061.36302201859
39.691,2068.29491002995
39.692,2074.22644164122
39.6930000000002,2079.9673652969
39.6940000000002,2085.92838537357
39.6950000000002,2091.77033931237
39.6960000000001,2097.15106189362
39.6970000000001,2101.77191758497
39.6980000000001,2103.50319015053
39.6990000000001,2103.71838616484
39.7,2103.52683350742
39.701,2103.45767948045
39.7020000000002,2104.04682332474
39.7030000000002,2105.73439169498
39.7040000000002,2106.78842138431
39.7050000000002,2108.78072551777
39.7060000000001,2112.53144179105
39.7070000000001,2117.96006011409
39.7080000000001,2124.73382508651
39.7090000000001,2132.2984324187
39.71,2137.89259111482
39.711,2142.40582727348
39.7120000000002,2146.16577204815
39.7130000000002,2149.01033407869
39.7140000000002,2150.91638754897
39.7150000000001,2151.97565743638
39.7160000000001,2150.21393614938
39.7170000000001,2147.60082376333
39.7180000000001,2145.33755445969
39.7190000000001,2143.94216753941
39.72,2143.74545867658
39.721,2144.81193246099
39.7220000000002,2144.70600971567
39.7230000000002,2144.80185090033
39.7240000000002,2145.40391518685
39.7250000000001,2146.14752835437
39.7260000000001,2146.6220767321
39.7270000000001,2146.42856978312
39.7280000000001,2143.0299794025
39.729,2138.16385668994
39.73,2132.72780975299
39.7310000000002,2127.2424852851
39.7320000000002,2122.28930354458
39.7330000000002,2118.4101553406
39.7340000000002,2113.79270223776
39.7350000000001,2110.68098157208
39.7360000000001,2109.96645948946
39.7370000000001,2111.81705354667
39.7380000000001,2116.13361087656
39.739,2122.55566202605
39.74,2128.2236782201
39.7410000000002,2134.54409312221
39.7420000000002,2141.60549784888
39.7430000000002,2149.06230667598
39.7440000000001,2156.60230658993
39.7450000000001,2163.95405702654
39.7460000000001,2168.56255977699
39.7470000000001,2172.48957412026
39.748,2176.47287193443
39.749,2180.89077054253
39.75,2186.11294796407
39.7510000000002,2192.43716855205
39.7520000000002,2197.68096427141
39.7530000000002,2204.18305361832
39.7540000000001,2212.59258001059
39.7550000000001,2223.00354226342
39.7560000000001,2235.29344963047
39.7570000000001,2249.11064049762
39.758,2261.49001714361
39.759,2274.13888094054
39.7600000000002,2287.02527420116
39.7610000000002,2299.77401266924
39.7620000000002,2312.03823552932
39.7630000000001,2323.52645610093
39.7640000000001,2331.54886010805
39.7650000000001,2338.51863056341
39.7660000000001,2345.15049985524
39.7670000000001,2351.92200050299
39.768,2359.28738584574
39.769,2367.58639981895
39.7700000000002,2374.43472421031
39.7710000000002,2382.39976398491
39.7720000000002,2391.86864095348
39.7730000000001,2402.72652835075
39.7740000000001,2414.61063046827
39.7750000000001,2426.92508414406
39.7760000000001,2436.33369494203
39.777,2444.66193798457
39.778,2451.63978834099
39.7790000000002,2456.81590947062
39.7800000000002,2459.80987876163
39.7810000000002,2460.33037458021
39.7820000000002,2455.5771392665
39.7830000000001,2448.30505506947
39.7840000000001,2439.19695769786
39.7850000000001,2428.85215709635
39.7860000000001,2417.89987091752
39.787,2406.92527638482
39.788,2393.7347492397
39.7890000000002,2381.60674714462
39.7900000000002,2371.34015261533
39.7910000000002,2363.42778067934
39.7920000000001,2358.15937419161
39.7930000000001,2355.59090847335
39.7940000000001,2352.85818804959
39.7950000000001,2352.52881652719
39.796,2354.55534091334
39.797,2358.6258453038
39.798,2364.26406667082
39.7990000000002,2370.83641103502
39.8000000000002,2374.87114990788
39.8010000000002,2378.60220206656
39.8020000000001,2381.71608103817
39.8030000000001,2383.89766224582
39.8040000000001,2384.90635297491
39.8050000000001,2384.57721573159
39.806,2380.02431642676
39.807,2374.43829631606
39.8080000000002,2368.3560345427
39.8090000000002,2362.32878168232
39.8100000000002,2356.87086211945
39.8110000000001,2352.34771593816
39.8120000000001,2346.27797030742
39.8130000000001,2341.94810751457
39.8140000000001,2339.77674826405
39.8150000000001,2340.01742546615
39.816,2342.76217643631
39.817,2347.83925460704
39.8180000000002,2352.31029787924
39.8190000000002,2358.8962373057
39.8200000000002,2367.41766434276
39.8210000000001,2377.48307481484
39.8220000000001,2388.49261191099
39.8230000000001,2399.51560844014
39.8240000000001,2406.98646392285
39.825,2413.07510924236
39.826,2417.25469462436
39.8270000000002,2419.11709697249
39.8280000000002,2418.46617123639
39.8290000000002,2415.1895114256
39.8300000000002,2407.07695455696
39.8310000000001,2397.88482835425
39.8320000000001,2388.79815655051
39.8330000000001,2381.0105537802
39.8340000000001,2375.58286357676
39.835,2373.07199177122
39.836,2371.40155061528
39.8370000000002,2373.64137776646
39.8380000000002,2379.66771048409
39.8390000000002,2388.90379442621
39.8400000000001,2400.42467286866
39.8410000000001,2412.81396417394
39.8420000000001,2422.4453703561
39.8430000000001,2431.27188312142
39.8440000000001,2438.67432847483
39.845,2444.20393370466
39.846,2447.61058248824
39.8470000000002,2448.51676980407
39.8480000000002,2444.69703722971
39.8490000000002,2439.40814636646
39.8500000000001,2433.31114372439
39.8510000000001,2427.03920144736
39.8520000000001,2421.16071361737
39.8530000000001,2415.79099688768
39.854,2409.05704992015
39.855,2404.15874271224
39.8560000000002,2401.55581491328
39.8570000000002,2401.49625409217
39.8580000000002,2404.00143277246
39.8590000000002,2408.45698281744
39.8600000000001,2412.27326461805
39.8610000000001,2417.79867628609
39.8620000000001,2424.67522564915
39.8630000000001,2432.4227502775
39.864,2440.49565651342
39.865,2447.88474034828
39.8660000000002,2451.97485912053
39.8670000000002,2455.22888354294
39.8680000000002,2457.63209142907
39.8690000000001,2459.19005896148
39.8700000000001,2459.91425657681
39.8710000000001,2459.31895127768
39.8720000000001,2455.40982866438
39.873,2451.04867489857
39.874,2446.62040194947
39.875,2442.48352237947
39.8760000000002,2438.96663097642
39.8770000000002,2435.81654234185
39.8780000000002,2431.32512549287
39.8790000000001,2428.43782733894
39.8800000000001,2427.4827918421
39.8810000000001,2428.53408649438
39.8820000000001,2431.37327396098
39.883,2434.89497413174
39.884,2436.46822952458
39.8850000000002,2438.0280266485
39.8860000000002,2438.99865529498
39.8870000000002,2438.84484287907
39.8880000000001,2437.18307652673
39.8890000000001,2433.23165902455
39.8900000000001,2425.35654661714
39.8910000000001,2416.73574087397
39.8920000000001,2408.30090824267
39.893,2400.99830090249
39.894,2395.6515193994
39.8950000000002,2392.17899911824
39.8960000000002,2389.20753252608
39.8970000000002,2389.28275450201
39.8980000000001,2392.2599529258
39.8990000000001,2397.65027813418
39.9000000000001,2404.72700132375
39.9010000000001,2411.96144341295
39.902,2417.04629980022
39.903,2421.90984591666
39.9040000000002,2426.36742758015
39.9050000000002,2430.37353630563
39.9060000000002,2434.00241410334
39.9070000000002,2436.67295616885
39.9080000000001,2437.17466872336
39.9090000000001,2438.206176372
39.9100000000001,2440.11560991924
39.9110000000001,2443.07193216958
39.912,2447.07073842645
39.913,2451.19877400878
39.9140000000002,2453.92372064081
39.9150000000002,2457.42957734417
39.9160000000002,2461.66471502196
39.9170000000001,2466.49338408165
39.9180000000001,2471.71190641638
39.9190000000001,2476.26108434048
39.9200000000001,2478.65820016698
39.921,2481.03638950997
39.922,2483.36753757394
39.923,2485.56861551401
39.9240000000002,2487.53266566183
39.9250000000002,2488.31738648428
39.9260000000002,2486.77549771679
39.9270000000001,2485.34758374511
39.9280000000001,2484.40570091518
39.9290000000001,2484.30396374722
39.9300000000001,2485.35990448656
39.931,2486.94761745297
39.932,2488.24032777086
39.9330000000002,2491.65257145531
39.9340000000002,2497.35318859922
39.9350000000002,2505.26386352005
39.9360000000001,2515.06470802384
39.9370000000001,2525.30257906884
39.9380000000001,2534.36440861692
39.9390000000001,2543.73180225891
39.9400000000001,2552.77783102324
39.941,2560.79094409917
39.942,2567.04598913323
39.9430000000002,2569.91915720104
39.9440000000002,2568.05566167061
39.9450000000002,2563.37907158367
39.9460000000001,2556.02137323381
39.9470000000001,2546.25259155796
39.9480000000001,2534.46701623401
39.9490000000001,2520.12357516229
39.95,2502.97727494132
39.951,2485.83758479024
39.9520000000002,2469.42696561885
39.9530000000002,2454.2362785449
39.9540000000002,2440.48115625747
39.9550000000002,2426.89482383114
39.9560000000001,2412.30012795131
39.9570000000001,2398.81613645757
39.9580000000001,2386.4138676446
39.9590000000001,2375.01972532505
39.96,2364.52871929193
39.961,2353.35785251881
39.9620000000002,2340.33809468035
39.9630000000002,2328.2688457294
39.9640000000002,2317.70417166665
39.9650000000001,2309.13032861553
39.9660000000001,2302.83472045282
39.9670000000001,2297.24276244612
39.9680000000001,2291.04488135973
39.9690000000001,2286.60182290422
39.97,2283.82527708568
39.971,2282.51148005238
39.9720000000002,2282.35786440775
39.9730000000002,2281.70736204001
39.9740000000002,2279.62700895638
39.9750000000001,2277.94023824471
39.9760000000001,2276.58340566023
39.9770000000001,2275.48922641867
39.9780000000001,2274.60789708005
39.979,2273.13512614349
39.98,2271.13553437078
39.9810000000002,2269.773778559
39.9820000000002,2268.69861162208
39.9830000000002,2267.36587671603
39.9840000000002,2265.19922053647
39.9850000000001,2261.14678460949
39.9860000000001,2255.35679871984
39.9870000000001,2248.89966897049
39.9880000000001,2241.90436833355
39.989,2234.63248359436
39.99,2227.52371400814
39.9910000000002,2220.34842684297
39.9920000000002,2214.0186069444
39.9930000000002,2210.39673167938
39.9940000000001,2209.73383767466
39.9950000000001,2211.79913877537
39.9960000000001,2215.91559325752
39.9970000000001,2219.76824032157
39.998,2222.24523018966
39.999,2224.27523676162
40,2225.47228837749
40.0010000000002,2225.90979919763
40.0020000000002,2226.24487935689
40.0030000000002,2226.30353282863
40.0040000000001,2227.98216937203
40.0050000000001,2235.56507336234
40.0060000000001,2251.85195142619
40.0070000000001,2279.531984509
40.008,2320.92523841312
40.009,2376.33970799114
40.0100000000002,2446.86214496948
40.0110000000002,2534.31603789306
40.0120000000002,2637.93393867222
40.0130000000001,2755.89061263938
40.0140000000001,2885.42554197426
40.0150000000001,3021.66260775381
40.0160000000001,3160.89538603201
40.0170000000001,3300.6939686373
40.018,3437.17726448804
40.019,3566.57651533123
40.0200000000002,3685.27948244384
40.0210000000002,3788.31812409129
40.0220000000002,3872.3416640377
40.0230000000001,3935.01550968961
40.0240000000001,3971.98715793208
40.0250000000001,3978.17625732947
40.0260000000001,3947.95431767738
40.027,3874.17286091054
40.028,3752.23472918135
40.0290000000002,3580.50215151079
40.0300000000002,3358.63569909493
40.0310000000002,3089.69369976146
40.0320000000002,2780.53014601826
40.0330000000001,2440.16445865573
40.0340000000001,2082.46054010101
40.0350000000001,1724.04560386926
40.0360000000001,1380.2184853924
40.037,1064.52401257546
40.038,787.3420446932
40.0390000000002,553.517534215514
40.0400000000002,365.824420038557
40.0410000000002,224.559837964144
40.0420000000001,126.456939364835
40.0430000000001,67.413149959443
40.0440000000001,43.9344199447445
40.0450000000001,52.6173895696045
40.046,94.2149929264803
40.047,171.943251584283
40.048,288.253839999322
40.0490000000002,444.49660783498
40.0500000000002,639.39452887411
40.0510000000002,866.358286954564
40.0520000000001,1116.87938480635
40.0530000000001,1379.51674188967
40.0540000000001,1639.2754679724
40.0550000000001,1880.63489514881
40.056,2089.69144220796
40.057,2254.50677303042
40.0580000000002,2370.40688583993
40.0590000000002,2438.74556430155
40.0600000000002,2464.67006306572
40.0610000000001,2456.93410659793
40.0620000000001,2426.13121066129
40.0630000000001,2381.17749670975
40.0640000000001,2331.84317065653
40.0650000000001,2285.74706100839
40.066,2246.37605337504
40.067,2214.45439278473
40.0680000000002,2188.76952619515
40.0690000000002,2165.52191628334
40.0700000000002,2143.75672022182
40.0710000000001,2123.77504160615
40.0720000000001,2105.92031982307
40.0730000000001,2091.45831411095
40.0740000000001,2082.08695413827
40.075,2077.34962361358
40.076,2079.27504357594
40.0770000000002,2088.89130510899
40.0780000000002,2104.76743809357
40.0790000000002,2124.44644073783
40.0800000000002,2144.96457025572
40.0810000000001,2161.18543627127
40.0820000000001,2172.62226932131
40.0830000000001,2179.59266437403
40.0840000000001,2182.01239375843
40.085,2180.60263206283
40.086,2176.63929515491
40.0870000000002,2169.2112737361
40.0880000000002,2161.59105245167
40.0890000000002,2156.26027459381
40.0900000000001,2153.66851638856
40.0910000000001,2153.6023752056
40.0920000000001,2155.40066628615
40.0930000000001,2156.22711064779
40.0940000000001,2156.71283166028
40.095,2157.4886140262
40.096,2158.35061173999
40.0970000000002,2159.17359484995
40.0980000000002,2159.83715134357
40.0990000000002,2158.82769653554
40.1000000000001,2156.48686197647
40.1010000000001,2153.39689210648
40.1020000000001,2149.66414139091
40.1030000000001,2145.40162990748
40.104,2140.69936089612
40.105,2134.49208462801
40.1060000000002,2127.20786492532
40.1070000000002,2119.75897315482
40.1080000000002,2112.83889811494
40.1090000000002,2107.14108587952
40.1100000000001,2103.19068067772
40.1110000000001,2099.81229666753
40.1120000000001,2097.69731064737
40.1130000000001,2097.4091391766
40.114,2098.90263432456
40.115,2102.00575753206
40.1160000000002,2106.41111708435
40.1170000000002,2109.69053675921
40.1180000000002,2112.89925613349
40.1190000000001,2116.5543989782
40.1200000000001,2120.42858696158
40.1210000000001,2124.28178397777
40.1220000000001,2127.87253603549
40.123,2128.85445002612
40.124,2128.79784887787
40.125,2128.56840367292
40.1260000000002,2128.28056563641
40.1270000000002,2127.99892436243
40.1280000000002,2127.73665820591
40.1290000000001,2125.41058516658
40.1300000000001,2122.72042665529
40.1310000000001,2120.62138405468
40.1320000000001,2119.40815884772
40.133,2119.32787013306
40.134,2120.5517502882
40.1350000000002,2121.07377488914
40.1360000000002,2122.62921032068
40.1370000000002,2126.00671093872
40.1380000000001,2131.23504152998
40.1390000000001,2138.13643612548
40.1400000000001,2146.31180314741
40.1410000000001,2153.00690061753
40.1420000000001,2159.3924376976
40.143,2165.61243658727
40.144,2171.24780582183
40.1450000000002,2175.93559950657
40.1460000000002,2179.4118710091
40.1470000000002,2179.3626832542
40.1480000000001,2177.78662673158
40.1490000000001,2175.70184270204
40.1500000000001,2173.64457063463
40.1510000000001,2172.10460726359
40.152,2171.43829066863
40.153,2169.61272475593
40.1540000000002,2168.62117084174
40.1550000000002,2169.02638080626
40.1560000000002,2170.69241243777
40.1570000000002,2173.30071533314
40.1580000000001,2176.40787958434
40.1590000000001,2177.28778740013
40.1600000000001,2177.63182843479
40.1610000000001,2177.90411633923
40.162,2178.23598105305
40.163,2178.84896210759
40.1640000000002,2180.00671122843
40.1650000000002,2179.6963937046
40.1660000000002,2180.30077302084
40.1670000000001,2182.63063564138
40.1680000000001,2186.88190544993
40.1690000000001,2192.98556084406
40.1700000000001,2200.58733215078
40.171,2206.78757815715
40.172,2213.05422935352
40.173,2219.22158065166
40.1740000000002,2224.73475389836
40.1750000000002,2229.07757229422
40.1760000000002,2231.82565928552
40.1770000000001,2230.36992915405
40.1780000000001,2226.94190763533
40.1790000000001,2222.28593004251
40.1800000000001,2216.93742385527
40.181,2211.47392868216
40.182,2206.43481890611
40.1830000000002,2199.89379769026
40.1840000000002,2194.59388218694
40.1850000000002,2191.3268744732
40.1860000000001,2190.398134906
40.1870000000001,2191.89771074017
40.1880000000001,2195.69925730882
40.1890000000001,2199.08204061233
40.1900000000001,2204.10155814395
40.191,2210.79415467394
40.192,2218.8380585482
40.1930000000002,2227.80437217476
40.1940000000002,2237.15744700735
40.1950000000002,2243.82462078806
40.1960000000001,2249.73979051227
40.1970000000001,2254.79834620632
40.1980000000001,2258.68446321435
40.1990000000001,2261.09970923175
40.2,2261.78110334593
40.201,2257.9998464797
40.2020000000002,2252.40721042622
40.2030000000002,2245.60408015261
40.2040000000002,2238.11355842619
40.2050000000002,2230.50413343794
40.2060000000001,2223.31805992162
40.2070000000001,2214.39261277305
40.2080000000001,2206.90729814537
40.2090000000001,2201.51845888916
40.21,2198.49558361593
40.211,2197.82174353665
40.2120000000002,2199.18391307985
40.2130000000002,2199.34320102747
40.2140000000002,2200.52480847653
40.2150000000001,2202.41760628115
40.2160000000001,2204.60782192322
40.2170000000001,2206.73191670346
40.2180000000001,2208.50620397286
40.2190000000001,2207.02186540845
40.22,2205.269161777
40.221,2203.7216027588
40.2220000000002,2202.79804262299
40.2230000000002,2202.82915057768
40.2240000000002,2203.96811284371
40.2250000000001,2203.35914574045
40.2260000000001,2203.87536143395
40.2270000000001,2205.45988180787
40.2280000000001,2207.87233338304
40.229,2210.74916426328
40.23,2213.61050542246
40.2310000000002,2213.31674171203
40.2320000000002,2212.60693588051
40.2330000000002,2211.61179196305
40.2340000000002,2210.52467349916
40.2350000000001,2209.57476520381
40.2360000000001,2208.88008717405
40.2370000000001,2205.97906810309
40.2380000000001,2203.94597197725
40.239,2203.03876428519
40.24,2203.3162801924
40.2410000000002,2204.65191532693
40.2420000000002,2206.63085497705
40.2430000000002,2206.37510742159
40.2440000000001,2206.44703428417
40.2450000000001,2206.83070171054
40.2460000000001,2207.54261879434
40.2470000000001,2208.65587423922
40.248,2210.121296583
40.249,2209.6857563794
40.25,2210.41627015935
40.2510000000002,2212.75982435762
40.2520000000002,2217.00912186692
40.2530000000002,2223.26086223631
40.2540000000001,2231.1753088242
40.2550000000001,2238.07360970317
40.2560000000001,2246.35841877329
40.2570000000001,2255.75451588489
40.258,2265.88873479544
40.259,2276.35842056514
40.2600000000002,2286.52767782773
40.2610000000002,2293.80987961077
40.2620000000002,2300.86530182768
40.2630000000001,2307.87636366306
40.2640000000001,2315.00971224031
40.2650000000001,2322.3751038887
40.2660000000001,2329.68970471084
40.2670000000001,2334.68051403438
40.268,2339.93815848452
40.269,2345.48152332098
40.2700000000002,2351.22043328907
40.2710000000002,2357.00554924848
40.2720000000002,2362.34489292945
40.2730000000001,2365.04319121245
40.2740000000001,2367.78260507204
40.2750000000001,2370.87972000512
40.2760000000001,2374.61912678268
40.277,2379.2023955844
40.278,2384.31929838084
40.2790000000002,2387.8657955929
40.2800000000002,2392.2274358785
40.2810000000002,2397.2047697354
40.2820000000002,2402.37807749245
40.2830000000001,2407.16868235612
40.2840000000001,2410.50664835902
40.2850000000001,2409.83661553224
40.2860000000001,2407.30430576635
40.287,2402.86821139917
40.288,2396.63318116249
40.2890000000002,2388.84916337964
40.2900000000002,2379.42620835858
40.2910000000002,2366.95607543899
40.2920000000001,2354.55438958276
40.2930000000001,2342.96016506723
40.2940000000001,2332.75668013298
40.2950000000001,2324.32570070708
40.296,2317.32853400723
40.297,2309.94136574861
40.298,2304.50701037476
40.2990000000002,2300.91789219374
40.3000000000002,2298.89778879515
40.3010000000002,2298.05569541573
40.3020000000001,2297.4142494242
40.3030000000001,2294.87328846327
40.3040000000001,2292.60412813494
40.3050000000001,2290.62710165486
40.306,2289.01025899948
40.307,2287.86098816685
40.3080000000002,2286.73086459356
40.3090000000002,2284.14425565533
40.3100000000002,2282.67318047389
40.3110000000001,2282.57718562874
40.3120000000001,2283.92162825001
40.3130000000001,2286.55921466142
40.3140000000001,2289.52603970009
40.3150000000001,2290.80780882994
40.316,2292.31131014389
40.317,2293.73754765169
40.3180000000002,2294.7903274745
40.3190000000002,2295.23652026749
40.3200000000002,2294.28209336122
40.3210000000001,2290.476370164
40.3220000000001,2286.41075929401
40.3230000000001,2282.53188126527
40.3240000000001,2279.21014578706
40.325,2276.67585081998
40.326,2274.27037018083
40.3270000000002,2270.50411920978
40.3280000000002,2267.54334064851
40.3290000000002,2265.26452019522
40.3300000000002,2263.44193281565
40.3310000000001,2261.83283560677
40.3320000000001,2259.51277962811
40.3330000000001,2255.17360188136
40.3340000000001,2251.29766349655
40.335,2248.31830679019
40.336,2246.63496324642
40.3370000000002,2246.54665625899
40.3380000000002,2247.40903614178
40.3390000000002,2248.01399736985
40.3400000000001,2250.49724828948
40.3410000000001,2254.692322678
40.3420000000001,2260.22771257773
40.3430000000001,2266.60425011307
40.3440000000001,2272.44659951745
40.345,2276.16515989963
40.346,2279.70871477539
40.3470000000002,2283.01069017292
40.3480000000002,2286.00415344567
40.3490000000002,2288.59902013034
40.3500000000001,2289.79331951847
40.3510000000001,2288.41172051573
40.3520000000001,2286.55706232295
40.3530000000001,2284.26783775344
40.354,2281.53335222253
40.355,2278.34490453384
40.3560000000002,2273.84405113828
40.3570000000002,2267.2430532325
40.3580000000002,2261.00872455304
40.3590000000002,2255.67579019417
40.3600000000001,2251.6941914281
40.3610000000001,2249.36279503681
40.3620000000001,2247.8429588121
40.3630000000001,2246.18402257458
40.364,2246.26812989679
40.365,2247.88658548864
40.3660000000002,2250.66925577911
40.3670000000002,2254.16955605982
40.3680000000002,2256.9757789808
40.3690000000001,2257.99048378298
40.3700000000001,2259.16573376031
40.3710000000001,2260.68650126271
40.3720000000001,2262.74980427815
40.373,2265.50118834701
40.374,2267.94703159381
40.375,2269.29020321559
40.3760000000002,2271.4026506203
40.3770000000002,2274.13571539149
40.3780000000002,2277.15175695773
40.3790000000001,2279.97942490302
40.3800000000001,2281.01844604685
40.3810000000001,2279.16456348058
40.3820000000001,2276.1177962473
40.383,2271.87738789952
40.384,2266.51633510436
40.3850000000002,2260.17203872561
40.3860000000002,2251.94679709761
40.3870000000002,2241.57643477322
40.3880000000001,2231.34072854123
40.3890000000001,2221.76560861235
40.3900000000001,2213.30005793455
40.3910000000001,2206.30350269879
40.3920000000001,2199.93982929928
40.393,2193.98580828235
40.394,2190.43384634275
40.3950000000002,2189.44079082368
40.3960000000002,2190.93346836722
40.3970000000002,2194.60619004821
40.3980000000001,2198.82925160382
40.3990000000001,2202.65163927518
40.4000000000001,2207.20955249598
40.4010000000001,2212.00532865857
40.402,2216.55692330522
40.403,2220.47560420453
40.4040000000002,2222.39190874012
40.4050000000002,2222.07146269066
40.4060000000002,2221.43409906988
40.4070000000002,2220.921399058
40.4080000000001,2220.93762014018
40.4090000000001,2221.78066272076
40.4100000000001,2222.42584343179
40.4110000000001,2222.74132090939
40.412,2224.26522794839
40.413,2226.82454442203
40.4140000000002,2230.06867248856
40.4150000000002,2233.55404928202
40.4160000000002,2235.64192561948
40.4170000000001,2235.96192822631
40.4180000000001,2236.00914220757
40.4190000000001,2235.91989368852
40.4200000000001,2235.89315482222
40.421,2236.16633956991
40.422,2235.77031068996
40.423,2234.99061019003
40.4240000000002,2235.63379477601
40.4250000000002,2237.95643586822
40.4260000000002,2242.02714686515
40.4270000000001,2247.73811920536
40.4280000000001,2253.59824291063
40.4290000000001,2259.40121603267
40.4300000000001,2266.31074239333
40.431,2274.02474395428
40.432,2282.13017716282
40.4330000000002,2290.13253165183
40.4340000000002,2296.21815410426
40.4350000000002,2300.06633987572
40.4360000000001,2302.6927446976
40.4370000000001,2303.76747845256
40.4380000000001,2302.94386291714
40.4390000000001,2299.90522603895
40.4400000000001,2293.09990812484
40.441,2282.74467939023
40.442,2270.44965752151
40.4430000000002,2256.64169798145
40.4440000000002,2241.82419689333
40.4450000000002,2226.55167966287
40.4460000000001,2210.01188243798
40.4470000000001,2193.10734193607
40.4480000000001,2177.79369221741
40.4490000000001,2164.52371817067
40.45,2153.43947427435
40.451,2144.35281481385
40.4520000000002,2135.19372888212
40.4530000000002,2125.65280419704
40.4540000000002,2116.61076432406
40.4550000000002,2107.58567102118
40.4560000000001,2098.11790517421
40.4570000000001,2087.8239314719
40.4580000000001,2074.54129434947
40.4590000000001,2058.62870929373
40.46,2042.20345380182
40.461,2026.11972143268
40.4620000000002,2011.28440219894
40.4630000000002,1998.4890013539
40.4640000000002,1986.08682875214
40.4650000000001,1974.79930601352
40.4660000000001,1966.66669185342
40.4670000000001,1961.88623062275
40.4680000000001,1960.30492027705
40.4690000000001,1961.39216301002
40.47,1962.49593229965
40.471,1963.14995535345
40.4720000000002,1963.78215978352
40.4730000000002,1963.64148666055
40.4740000000002,1962.18356299887
40.4750000000001,1959.18164292787
40.4760000000001,1953.71245996836
40.4770000000001,1946.96473601842
40.4780000000001,1940.33681285463
40.479,1934.25758430224
40.48,1928.89012982928
40.4810000000002,1924.11648125233
40.4820000000002,1918.83790859068
40.4830000000002,1913.39400021505
40.4840000000002,1907.80843918158
40.4850000000001,1901.48431815338
40.4860000000001,1894.0779725954
40.4870000000001,1885.7222364682
40.4880000000001,1876.33417807414
40.489,1867.93729345608
40.49,1862.36417398684
40.4910000000002,1860.49796758514
40.4920000000002,1862.62136342228
40.4930000000002,1868.29764898094
40.4940000000001,1875.14709214632
40.4950000000001,1882.57054373816
40.4960000000001,1889.7502211873
40.4970000000001,1895.24993580022
40.498,1898.25031162205
40.499,1898.90158647701
40.5,1896.77838520884
40.5010000000002,1895.32184284473
40.5020000000002,1898.79479017984
40.5030000000002,1910.66653257331
40.5040000000001,1933.95574476437
40.5050000000001,1970.72104210967
40.5060000000001,2020.00373123529
40.5070000000001,2082.42820810076
40.508,2157.5526502875
40.509,2243.35340555726
40.5100000000002,2337.66357402935
40.5110000000002,2438.70975099033
40.5120000000002,2543.82558111863
40.5130000000001,2654.0532481696
40.5140000000001,2770.9468310775
40.5150000000001,2895.29420468653
40.5160000000001,3027.16896803229
40.5170000000001,3165.14763406489
40.518,3304.00562495257
40.519,3438.90888994229
40.5200000000002,3562.37029593936
40.5210000000002,3664.17807257052
40.5220000000002,3733.07785553183
40.5230000000001,3758.03732424084
40.5240000000001,3727.9890633547
40.5250000000001,3637.79534570616
40.5260000000001,3486.09901401644
40.527,3275.47061147787
40.528,3013.12914923278
40.5290000000002,2710.36920912723
40.5300000000002,2379.7602380707
40.5310000000002,2038.36686210321
40.5320000000002,1702.67718917827
40.5330000000001,1386.65237166656
40.5340000000001,1101.04574554182
40.5350000000001,852.563353926132
40.5360000000001,641.929455124434
40.537,469.127637595018
40.538,330.779877366057
40.5390000000002,221.287146655378
40.5400000000002,134.88835392236
40.5410000000002,66.9685737338432
40.5420000000001,13.275479213226
40.5430000000001,-24.7408376365972
40.5440000000001,-43.8295944041086
40.5450000000001,-39.6907556690643
40.546,-7.48790449232352
40.547,56.9021142720218
40.548,153.986845035978
40.5490000000002,284.81517867837
40.5500000000002,446.714387512858
40.5510000000002,633.512473616188
40.5520000000001,836.691033326295
40.5530000000001,1046.34598144494
40.5540000000001,1250.53578088896
40.5550000000001,1441.49884302136
40.556,1612.44665645228
40.557,1758.31074438061
40.5580000000002,1876.40477798374
40.5590000000002,1966.24397508624
40.5600000000002,2027.30396951112
40.5610000000001,2063.79280067104
40.5620000000001,2079.78578360966
40.5630000000001,2079.12520928009
40.5640000000001,2065.5733590118
40.5650000000001,2042.62595270141
40.566,2011.55442880921
40.567,1976.94311705926
40.5680000000002,1942.02891247802
40.5690000000002,1909.18839317662
40.5700000000002,1880.3257761134
40.5710000000001,1856.78596364691
40.5720000000001,1837.1758947385
40.5730000000001,1823.69642134369
40.5740000000001,1816.56244982433
40.575,1814.9463327719
40.576,1817.64508643771
40.5770000000002,1823.29621004462
40.5780000000002,1828.11657454685
40.5790000000002,1833.65779949726
40.5800000000002,1839.80579768428
40.5810000000001,1846.05648023538
40.5820000000001,1852.03415416664
40.5830000000001,1857.4625816141
40.5840000000001,1859.3859396439
40.585,1860.72590108375
40.586,1861.99472391581
40.5870000000002,1862.99622445427
40.5880000000002,1863.46559985922
40.5890000000002,1863.19083138591
40.5900000000001,1859.79517705708
40.5910000000001,1855.85224773564
40.5920000000001,1852.22179806693
40.5930000000001,1849.32847852204
40.5940000000001,1847.46222494794
40.595,1846.71971148114
40.596,1845.41086331444
40.5970000000002,1844.5867196037
40.5980000000002,1844.40669392547
40.5990000000002,1844.81088160394
40.6000000000001,1845.70615191964
40.6010000000001,1846.94853736545
40.6020000000001,1847.04897068722
40.6030000000001,1846.70755716884
40.604,1846.2937555887
40.605,1846.16580700526
40.6060000000002,1846.67026983862
40.6070000000002,1848.01125248847
40.6080000000002,1848.83987146021
40.6090000000002,1849.8967968425
40.6100000000001,1851.33716403796
40.6110000000001,1853.20539356666
40.6120000000001,1855.50736420194
40.6130000000001,1858.16431783444
40.614,1859.18533400772
40.615,1860.05765934511
40.6160000000002,1860.99916505378
40.6170000000002,1862.08318894706
40.6180000000002,1863.33813926388
40.6190000000001,1864.69524913642
40.6200000000001,1863.72408815707
40.6210000000001,1862.58828054385
40.6220000000001,1861.413208461
40.623,1860.13014822689
40.624,1858.68076087127
40.625,1857.05492236178
40.6260000000002,1853.02636046409
40.6270000000002,1849.30722549911
40.6280000000002,1846.5365971834
40.6290000000001,1845.18410872904
40.6300000000001,1845.58919113455
40.6310000000001,1847.88320230553
40.6320000000001,1849.68379320014
40.633,1853.14617168966
40.634,1858.11914835099
40.6350000000002,1864.19457835303
40.6360000000002,1870.84797434745
40.6370000000002,1877.50115317797
40.6380000000001,1881.28295618865
40.6390000000001,1884.31974632311
40.6400000000001,1886.67819698942
40.6410000000001,1888.49302188695
40.6420000000001,1889.96723638867
40.643,1891.30372118463
40.644,1890.30739745254
40.6450000000002,1889.72132591726
40.6460000000002,1889.8725363839
40.6470000000002,1890.95078359122
40.6480000000001,1893.01671208792
40.6490000000001,1895.96953725619
40.6500000000001,1897.37331228083
40.6510000000001,1899.63244060805
40.652,1902.8225632697
40.653,1906.94743382996
40.6540000000002,1911.93267651071
40.6550000000002,1917.53051218217
40.6560000000002,1921.24847472209
40.6570000000002,1925.3151757267
40.6580000000001,1929.64438838322
40.6590000000001,1934.07948739657
40.6600000000001,1938.42239349246
40.6610000000001,1942.34475315646
40.662,1943.48759448196
40.663,1944.24491075549
40.6640000000002,1944.84609794214
40.6650000000002,1945.53848047754
40.6660000000002,1946.56148877531
40.6670000000001,1947.95805063541
40.6680000000001,1947.76250586224
40.6690000000001,1948.47265982122
40.6700000000001,1950.27456132234
40.671,1953.18181734024
40.672,1957.0384142021
40.673,1961.35009390892
40.6740000000002,1963.67640731072
40.6750000000002,1965.99888872771
40.6760000000002,1968.12241824518
40.6770000000001,1969.85084942566
40.6780000000001,1971.02535195721
40.6790000000001,1971.33088715884
40.6800000000001,1968.80362225475
40.681,1965.98106770142
40.682,1963.34612016387
40.6830000000002,1961.4056251523
40.6840000000002,1960.6452100214
40.6850000000002,1961.21950618742
40.6860000000001,1961.53155862914
40.6870000000001,1964.08992336578
40.6880000000001,1969.08701929689
40.6890000000001,1976.4421466826
40.6900000000001,1985.79932692613
40.691,1996.2644519824
40.692,2005.23450973648
40.6930000000002,2014.17323124703
40.6940000000002,2022.46194865986
40.6950000000002,2029.51896340441
40.6960000000001,2034.8720718299
40.6970000000001,2037.87975777579
40.6980000000001,2036.6390491267
40.6990000000001,2033.61344796493
40.7,2029.34711676995
40.701,2024.44904255858
40.7020000000002,2019.5150621299
40.7030000000002,2014.67801480823
40.7040000000002,2008.53866032299
40.7050000000002,2003.71408380071
40.7060000000001,2000.56083009203
40.7070000000001,1999.23926596219
40.7080000000001,1999.72826843114
40.7090000000001,2001.43187510317
40.71,2002.32016976907
40.711,2004.4264471426
40.7120000000002,2007.63946198061
40.7130000000002,2011.7597220263
40.7140000000002,2016.49033654036
40.7150000000001,2020.97792042122
40.7160000000001,2023.08637828974
40.7170000000001,2024.68788000872
40.7180000000001,2025.59821674945
40.7190000000001,2025.65470413617
40.72,2024.75347479712
40.721,2022.38447531773
40.7220000000002,2017.05947090425
40.7230000000002,2011.33865767476
40.7240000000002,2005.81281757141
40.7250000000001,2001.05035889921
40.7260000000001,1997.52103390154
40.7270000000001,1994.99501574459
40.7280000000001,1992.05806435787
40.729,1990.92825029872
40.73,1991.6045466555
40.7310000000002,1993.88122119786
40.7320000000002,1997.39237439761
40.7330000000002,2001.10137049319
40.7340000000002,2003.07782013713
40.7350000000001,2005.12703998683
40.7360000000001,2007.12023211823
40.7370000000001,2008.94882616771
40.7380000000001,2010.51377253879
40.739,2011.11364823188
40.74,2009.31362567705
40.7410000000002,2007.25113926921
40.7420000000002,2005.12860901749
40.7430000000002,2003.12731366908
40.7440000000001,2001.41684343489
40.7450000000001,1999.5306936743
40.7460000000001,1996.39345014363
40.7470000000001,1994.40187195921
40.748,1994.03209366549
40.749,1995.66839167008
40.75,1999.5578080416
40.7510000000002,2005.09911408761
40.7520000000002,2011.00594413092
40.7530000000002,2019.21189046535
40.7540000000001,2029.61524274534
40.7550000000001,2041.97113815605
40.7560000000001,2055.93164651356
40.7570000000001,2070.37365527959
40.758,2083.7755642497
40.759,2097.89628231277
40.7600000000002,2112.62823981986
40.7610000000002,2127.81764612136
40.7620000000002,2143.24099549561
40.7630000000001,2157.84392224372
40.7640000000001,2170.21881673821
40.7650000000001,2181.99858021062
40.7660000000001,2192.93516512597
40.7670000000001,2202.71165476122
40.768,2210.9852685103
40.769,2216.66003300624
40.7700000000002,2218.56576501899
40.7710000000002,2218.6700414896
40.7720000000002,2217.29198316378
40.7730000000001,2214.83183024571
40.7740000000001,2211.73527991291
40.7750000000001,2207.62699641949
40.7760000000001,2202.04766937298
40.777,2197.3819815786
40.778,2194.12227909147
40.7790000000002,2192.55700902131
40.7800000000002,2192.74879781666
40.7810000000002,2193.67152613
40.7820000000002,2194.16853804232
40.7830000000001,2195.76070256551
40.7840000000001,2198.11216408459
40.7850000000001,2200.77122254976
40.7860000000001,2203.21455636024
40.787,2203.99819105768
40.788,2201.89252067063
40.7890000000002,2198.50089124064
40.7900000000002,2193.86293698204
40.7910000000002,2188.12644643709
40.7920000000001,2181.53743268846
40.7930000000001,2173.48756796203
40.7940000000001,2163.70926530036
40.7950000000001,2154.54320509854
40.796,2146.6319304401
40.797,2140.47925262024
40.798,2136.39892626215
40.7990000000002,2133.51871534597
40.8000000000002,2131.1580598062
40.8010000000002,2130.92445222641
40.8020000000001,2132.63565775153
40.8030000000001,2135.94160275275
40.8040000000001,2140.36487636568
40.8050000000001,2144.34565738359
40.806,2146.81766371404
40.807,2149.10835117308
40.8080000000002,2151.00498300871
40.8090000000002,2152.31157931295
40.8100000000002,2152.84697648794
40.8110000000001,2151.40386301739
40.8120000000001,2147.43560498606
40.8130000000001,2142.70244322
40.8140000000001,2137.44959427866
40.8150000000001,2131.91861045797
40.816,2126.33613344637
40.817,2119.81468212494
40.8180000000002,2112.21740501531
40.8190000000002,2105.55835290617
40.8200000000002,2100.26001846969
40.8210000000001,2096.63690759753
40.8220000000001,2094.8659623256
40.8230000000001,2093.8134150291
40.8240000000001,2093.10308470643
40.825,2094.28663902283
40.826,2097.20493667243
40.8270000000002,2101.52228672785
40.8280000000002,2106.76499792477
40.8290000000002,2111.17887890664
40.8300000000002,2114.0717936205
40.8310000000001,2116.80121274534
40.8320000000001,2119.30183980564
40.8330000000001,2121.61700677305
40.8340000000001,2123.90404117649
40.835,2125.18213662737
40.836,2125.69197261161
40.8370000000002,2127.4811305544
40.8380000000002,2130.96775257392
40.8390000000002,2136.30702161511
40.8400000000001,2143.33696362512
40.8410000000001,2150.3030101358
40.8420000000001,2156.47405541167
40.8430000000001,2162.67923889685
40.8440000000001,2168.22682121555
40.845,2172.44710954789
40.846,2174.8101311196
40.8470000000002,2173.68913589352
40.8480000000002,2169.16529365959
40.8490000000002,2163.24351240751
40.8500000000001,2156.68768713497
40.8510000000001,2150.30149212406
40.8520000000001,2144.79784808088
40.8530000000001,2139.32247127575
40.854,2134.28343971573
40.855,2131.32923743376
40.8560000000002,2130.43471403296
40.8570000000002,2131.31054574438
40.8580000000002,2133.48850712339
40.8590000000002,2135.02164418142
40.8600000000001,2135.62790839212
40.8610000000001,2136.55322699484
40.8620000000001,2137.81102452396
40.8630000000001,2139.46421794791
40.864,2141.56849544033
40.865,2142.67323343096
40.8660000000002,2142.99149661424
40.8670000000002,2143.93353471484
40.8680000000002,2145.48517203401
40.8690000000001,2147.50499227713
40.8700000000001,2149.76396117165
40.8710000000001,2150.53989006671
40.8720000000001,2150.00975562996
40.873,2149.57581299814
40.874,2149.43853298885
40.875,2149.79484715141
40.8760000000002,2150.7919738114
40.8770000000002,2151.01816408223
40.8780000000002,2150.89487730248
40.8790000000001,2151.71995865538
40.8800000000001,2153.44288756059
40.8810000000001,2155.84448922567
40.8820000000001,2158.5691771772
40.883,2159.69111787037
40.884,2159.31074647142
40.8850000000002,2158.45161022921
40.8860000000002,2157.04467107241
40.8870000000002,2155.05721189048
40.8880000000001,2152.4933206647
40.8890000000001,2147.89853132922
40.8900000000001,2142.00929840854
40.8910000000001,2136.35197032248
40.8920000000001,2131.37845250695
40.893,2127.52031732752
40.894,2125.16620949427
40.8950000000002,2123.12121436885
40.8960000000002,2122.33608015707
40.8970000000002,2124.22011701809
40.8980000000001,2128.91185707921
40.8990000000001,2136.2679868454
40.9000000000001,2145.8544364449
40.9010000000001,2155.43903321248
40.902,2164.96731573197
40.903,2174.77985369739
40.9040000000002,2184.2092988254
40.9050000000002,2192.68261990969
40.9060000000002,2199.81443919371
40.9070000000002,2203.89528579408
40.9080000000001,2205.94740550845
40.9090000000001,2207.54431124018
40.9100000000001,2209.35394680381
40.9110000000001,2211.97332489114
40.912,2215.81503045498
40.913,2219.43523930697
40.9140000000002,2223.65575037647
40.9150000000002,2229.25761809715
40.9160000000002,2235.83506941942
40.9170000000001,2242.79762111221
40.9180000000001,2249.47777659328
40.9190000000001,2253.60820601387
40.9200000000001,2255.69622667651
40.921,2256.51921959829
40.922,2256.05117993468
40.923,2254.29449406605
40.9240000000002,2251.2308313793
40.9250000000002,2245.13256301137
40.9260000000002,2236.99736591939
40.9270000000001,2227.81180619554
40.9280000000001,2217.69113577302
40.9290000000001,2206.77786000985
40.9300000000001,2195.29667895462
40.931,2181.87046683752
40.932,2168.15573400431
40.9330000000002,2155.77510108519
40.9340000000002,2145.43222379769
40.9350000000002,2137.59991693786
40.9360000000001,2132.40911868935
40.9370000000001,2127.60352865401
40.9380000000001,2123.87968662154
40.9390000000001,2121.54309771624
40.9400000000001,2119.82347411248
40.941,2117.84841180617
40.942,2114.76278201946
40.9430000000002,2107.46452761565
40.9440000000002,2097.05140091488
40.9450000000002,2084.88206811678
40.9460000000001,2071.69300245517
40.9470000000001,2058.37882195099
40.9480000000001,2045.78878333686
40.9490000000001,2031.81292056368
40.95,2018.51052083458
40.951,2007.48552901619
40.9520000000002,1999.04706644649
40.9530000000002,1993.13875386445
40.9540000000002,1989.3214409914
40.9550000000002,1984.63734003246
40.9560000000001,1979.72119004132
40.9570000000001,1974.73264116117
40.9580000000001,1969.18801265862
40.9590000000001,1962.84850320557
40.96,1955.79572178974
40.961,1947.15374726156
40.9620000000002,1938.86063613574
40.9630000000002,1932.09693093662
40.9640000000002,1927.31325924922
40.9650000000001,1924.61354238145
40.9660000000001,1923.74350650659
40.9670000000001,1923.26726936138
40.9680000000001,1923.66611881213
40.9690000000001,1924.41283620466
40.97,1924.64284130724
40.971,1923.79332183194
40.9720000000002,1921.82288830879
40.9730000000002,1918.36132357914
40.9740000000002,1915.6569609321
40.9750000000001,1915.03705721515
40.9760000000001,1917.08524607076
40.9770000000001,1921.73631540303
40.9780000000001,1928.18226723365
40.979,1933.44303845009
40.98,1937.31880482638
40.9810000000002,1938.5878524821
40.9820000000002,1936.02840040104
40.9830000000002,1929.33943102974
40.9840000000002,1919.46308863761
40.9850000000001,1906.58477711769
40.9860000000001,1895.99523817749
40.9870000000001,1892.4024087817
40.9880000000001,1899.83071185434
40.989,1921.41023035536
40.99,1958.81141962422
40.9910000000002,2009.86535404536
40.9920000000002,2074.91322169342
40.9930000000002,2151.89795070685
40.9940000000001,2237.79220834887
40.9950000000001,2329.85217194848
40.9960000000001,2426.29644035322
40.9970000000001,2524.71114125004
40.998,2627.98177309596
40.999,2738.54970576347
41,2858.41582779688
41.0010000000002,2988.49729722398
41.0020000000002,3127.61098115891
41.0030000000002,3269.73090503065
41.0040000000001,3409.72077281435
41.0050000000001,3538.18393190807
41.0060000000001,3643.29198375056
41.0070000000001,3712.46525003916
41.008,3733.96616622727
41.009,3696.48853454735
41.0100000000002,3596.68453391721
41.0110000000002,3434.4933337196
41.0120000000002,3214.51836773896
41.0130000000001,2945.9652980794
41.0140000000001,2641.64918744366
41.0150000000001,2314.50258309791
41.0160000000001,1982.15305193355
41.0170000000001,1659.54842609384
41.018,1358.76123654714
41.019,1088.30618558325
41.0200000000002,852.730242285147
41.0210000000002,650.742946783232
41.0220000000002,482.221046856712
41.0230000000001,343.462578291535
41.0240000000001,229.784126471982
41.0250000000001,136.988529175491
41.0260000000001,62.331605718613
41.027,3.03769222191054
41.028,-37.3029585409563
41.0290000000002,-55.0802889381492
41.0300000000002,-46.0177893576244
41.0310000000002,-5.99309274875095
41.0320000000002,67.8963558267985
41.0330000000001,174.367038870381
41.0340000000001,313.830723585573
41.0350000000001,482.135097514743
41.0360000000001,672.452312742438
41.037,876.137132538527
41.038,1083.64396146455
41.0390000000002,1283.4049248723
41.0400000000002,1469.34016446508
41.0410000000002,1635.16891386578
41.0420000000001,1776.50109811951
41.0430000000001,1891.03385525015
41.0440000000001,1978.33245340914
41.0450000000001,2037.29057722054
41.046,2072.42323919991
41.047,2086.88074518929
41.048,2083.97474708363
41.0490000000002,2067.07847502509
41.0500000000002,2039.51497723661
41.0510000000002,2002.31035887991
41.0520000000001,1961.11842086561
41.0530000000001,1919.29650660716
41.0540000000001,1879.81417650386
41.0550000000001,1845.17098455009
41.056,1817.21434003767
41.057,1794.53950251256
41.0580000000002,1780.30423644256
41.0590000000002,1774.21662169786
41.0600000000002,1775.18526679138
41.0610000000001,1781.61760913484
41.0620000000001,1791.69998757019
41.0630000000001,1800.83466971358
41.0640000000001,1811.12095231298
41.0650000000001,1821.68261238224
41.066,1831.90296146781
41.067,1841.43435308135
41.0680000000002,1850.07701356727
41.0690000000002,1854.77194678
41.0700000000002,1859.46353313726
41.0710000000001,1864.20538828643
41.0720000000001,1868.75167098535
41.0730000000001,1872.68154206519
41.0740000000001,1875.44739706155
41.075,1874.22661653836
41.076,1871.86468784819
41.0770000000002,1868.54332317988
41.0780000000002,1864.47532965427
41.0790000000002,1859.89175527027
41.0800000000002,1854.93157512319
41.0810000000001,1848.11572935779
41.0820000000001,1841.327136051
41.0830000000001,1835.03757772731
41.0840000000001,1829.67666498873
41.085,1825.55893382409
41.086,1822.74163854455
41.0870000000002,1819.81564893081
41.0880000000002,1817.73079713113
41.0890000000002,1816.58419385842
41.0900000000001,1816.48123872815
41.0910000000001,1817.47226454353
41.0920000000001,1819.39208147129
41.0930000000001,1820.69545204088
41.0940000000001,1822.27623071747
41.095,1824.2164879791
41.096,1826.65296242715
41.0970000000002,1829.69668568409
41.0980000000002,1833.17763179834
41.0990000000002,1835.28349129656
41.1000000000001,1837.63295594141
41.1010000000001,1840.20083400138
41.1020000000001,1842.91445079188
41.1030000000001,1845.65903497582
41.104,1848.02409976758
41.105,1847.94480985295
41.1060000000002,1847.71318103218
41.1070000000002,1847.45082566984
41.1080000000002,1847.2596275083
41.1090000000002,1847.23440206803
41.1100000000001,1847.16776869801
41.1110000000001,1845.30759055554
41.1120000000001,1844.1928169013
41.1130000000001,1844.12673577822
41.114,1845.29798132504
41.115,1847.76941384025
41.1160000000002,1851.15495419911
41.1170000000002,1853.54492404367
41.1180000000002,1856.95822245254
41.1190000000001,1861.31651692963
41.1200000000001,1866.43675012242
41.1210000000001,1872.0458719965
41.1220000000001,1877.44929142838
41.123,1880.6150197378
41.124,1883.42578030265
41.125,1885.83050514449
41.1260000000002,1887.79924030126
41.1270000000002,1889.33141232453
41.1280000000002,1890.06673007077
41.1290000000001,1888.47460255077
41.1300000000001,1886.89562347121
41.1310000000001,1885.69954887924
41.1320000000001,1885.19409202104
41.133,1885.59634231284
41.134,1886.58398475923
41.1350000000002,1886.61583843746
41.1360000000002,1887.81707795099
41.1370000000002,1890.25038606404
41.1380000000001,1893.85614637667
41.1390000000001,1898.47373767612
41.1400000000001,1903.40957661416
41.1410000000001,1906.93697450821
41.1420000000001,1910.97578094601
41.143,1915.53938166784
41.144,1920.61974593673
41.1450000000002,1926.18281891339
41.1460000000002,1931.67202449857
41.1470000000002,1935.60777439505
41.1480000000001,1939.98926484383
41.1490000000001,1944.90163700337
41.1500000000001,1950.3316384763
41.1510000000001,1956.15908182031
41.152,1961.63869403738
41.153,1965.16195174282
41.1540000000002,1968.4802813339
41.1550000000002,1971.49306177714
41.1560000000002,1974.06714473097
41.1570000000002,1976.05930975257
41.1580000000001,1976.78400334294
41.1590000000001,1974.9208799633
41.1600000000001,1972.51248516045
41.1610000000001,1969.85474631038
41.162,1967.25010510252
41.163,1964.98505620154
41.1640000000002,1962.7173822041
41.1650000000002,1959.48341764339
41.1660000000002,1957.46075788813
41.1670000000001,1956.95880650525
41.1680000000001,1958.14271306347
41.1690000000001,1961.02059565767
41.1700000000001,1964.81717254204
41.171,1968.1491885092
41.172,1972.6381107884
41.173,1978.05813500913
41.1740000000002,1984.07561203963
41.1750000000002,1990.27641746247
41.1760000000002,1995.54043104821
41.1770000000001,1998.38735927869
41.1780000000001,2000.42245988084
41.1790000000001,2001.60969031774
41.1800000000001,2001.97998471843
41.181,2001.63292050542
41.182,2000.0199120042
41.1830000000002,1996.37226735099
41.1840000000002,1992.9247871913
41.1850000000002,1990.16421774597
41.1860000000001,1988.46336782653
41.1870000000001,1988.03165277769
41.1880000000001,1988.12611115836
41.1890000000001,1987.64187177171
41.1900000000001,1988.26816387836
41.191,1989.84985946753
41.192,1992.11752698996
41.1930000000002,1994.73141320441
41.1940000000002,1996.52488656325
41.1950000000002,1996.28808490362
41.1960000000001,1995.76902305567
41.1970000000001,1995.0949300917
41.1980000000001,1994.42233300755
41.1990000000001,1993.89863300549
41.2,1992.77876384091
41.201,1990.2888440882
41.2020000000002,1988.3737349402
41.2030000000002,1987.21359242905
41.2040000000002,1986.86508568481
41.2050000000002,1987.26060437644
41.2060000000001,1987.33617375252
41.2070000000001,1986.10803001393
41.2080000000001,1985.24710394008
41.2090000000001,1984.74442452648
41.21,1984.54558192882
41.211,1984.5498647587
41.2120000000002,1983.69991905973
41.2130000000002,1981.19589467745
41.2140000000002,1978.78057441544
41.2150000000001,1976.5757855431
41.2160000000001,1974.67640589694
41.2170000000001,1973.15201617155
41.2180000000001,1971.1024347174
41.2190000000001,1968.01289803653
41.22,1965.77733299187
41.221,1964.65505454769
41.2220000000002,1964.79612224656
41.2230000000002,1966.21358154624
41.2240000000002,1967.7966924712
41.2250000000001,1968.81027458731
41.2260000000001,1970.71557623814
41.2270000000001,1973.35726061908
41.2280000000001,1976.51388414264
41.229,1979.940372358
41.23,1982.40753219754
41.2310000000002,1983.36771390407
41.2320000000002,1984.52770795731
41.2330000000002,1986.15769169118
41.2340000000002,1988.53031371677
41.2350000000001,1991.88079615267
41.2360000000001,1995.32926141208
41.2370000000001,1998.65087053518
41.2380000000001,2003.59666630663
41.239,2010.33332398629
41.24,2018.89313205895
41.2410000000002,2029.18227210163
41.2420000000002,2039.91795748284
41.2430000000002,2050.57842366417
41.2440000000001,2062.50963784958
41.2450000000001,2075.51496760887
41.2460000000001,2089.26187970028
41.2470000000001,2103.28765424676
41.248,2115.91911021433
41.249,2126.39951316135
41.25,2135.8392379817
41.2510000000002,2144.02427233557
41.2520000000002,2150.84161650704
41.2530000000002,2156.30945133726
41.2540000000001,2159.43379665356
41.2550000000001,2160.40753651854
41.2560000000001,2161.21262450399
41.2570000000001,2162.40326662127
41.258,2164.34678636357
41.259,2167.13794372407
41.2600000000002,2169.36867762623
41.2610000000002,2170.52681954371
41.2620000000002,2171.52537038958
41.2630000000001,2171.81034725227
41.2640000000001,2170.80189445817
41.2650000000001,2168.01891767425
41.2660000000001,2161.95746957267
41.2670000000001,2152.6883970241
41.268,2142.11132656766
41.269,2131.03144868918
41.2700000000002,2120.32727497972
41.2710000000002,2110.80792599081
41.2720000000002,2101.82741342954
41.2730000000001,2093.84407910645
41.2740000000001,2088.38280491111
41.2750000000001,2085.34298128462
41.2760000000001,2084.28791161349
41.277,2084.53810994758
41.278,2084.00558187573
41.2790000000002,2082.13548953765
41.2800000000002,2079.82556919971
41.2810000000002,2076.93192861792
41.2820000000002,2073.48677238461
41.2830000000001,2069.66272876624
41.2840000000001,2064.37163763828
41.2850000000001,2058.17061401349
41.2860000000001,2052.79326824468
41.287,2048.64001401289
41.288,2045.90838352085
41.2890000000002,2044.56840135134
41.2900000000002,2042.99833509098
41.2910000000002,2041.16604130009
41.2920000000001,2040.06343657977
41.2930000000001,2039.46792867473
41.2940000000001,2039.14163228621
41.2950000000001,2038.86457316259
41.296,2037.04332882691
41.297,2034.01558911453
41.298,2031.18461949432
41.2990000000002,2028.83658073964
41.3000000000002,2027.2158773493
41.3010000000002,2026.47670994481
41.3020000000001,2025.18890743308
41.3030000000001,2023.79333561581
41.3040000000001,2023.48828739509
41.3050000000001,2024.2259545245
41.306,2025.83022068795
41.307,2028.03110470162
41.3080000000002,2029.00237088306
41.3090000000002,2029.09325768422
41.3100000000002,2029.47323593097
41.3110000000001,2030.27249301611
41.3120000000001,2031.65413194589
41.3130000000001,2033.78678873857
41.3140000000001,2035.23778635445
41.3150000000001,2036.81696805637
41.316,2039.86372283034
41.317,2044.45181055454
41.3180000000002,2050.41759984128
41.3190000000002,2057.35703096765
41.3200000000002,2063.05586772958
41.3210000000001,2067.59933722017
41.3220000000001,2071.5524966358
41.3230000000001,2074.45622737164
41.3240000000001,2075.93273461232
41.325,2075.75266016477
41.326,2072.24262239589
41.3270000000002,2066.49258797119
41.3280000000002,2060.19676677978
41.3290000000002,2054.14965883734
41.3300000000002,2049.13916886356
41.3310000000001,2045.84533523553
41.3320000000001,2043.09193374955
41.3330000000001,2042.07400757295
41.3340000000001,2044.00973121203
41.335,2048.84870653134
41.336,2056.22821659806
41.3370000000002,2065.52310349228
41.3380000000002,2074.21256973713
41.3390000000002,2082.44633730555
41.3400000000001,2090.60419971042
41.3410000000001,2098.21083259226
41.3420000000001,2104.87770269353
41.3430000000001,2110.31645060844
41.3440000000001,2112.58154772043
41.345,2112.7087605817
41.346,2111.94535435732
41.3470000000002,2110.70400168044
41.3480000000002,2109.38538573351
41.3490000000002,2108.32481537951
41.3500000000001,2105.9586888569
41.3510000000001,2103.56486947979
41.3520000000001,2102.27540691728
41.3530000000001,2102.19295079671
41.354,2103.20329365954
41.355,2104.97821466239
41.3560000000002,2105.1615348469
41.3570000000002,2104.42708325057
41.3580000000002,2103.35581050727
41.3590000000002,2101.7854646769
41.3600000000001,2099.66118218556
41.3610000000001,2097.05222495881
41.3620000000001,2092.22643846583
41.3630000000001,2086.81624688879
41.364,2082.29371689287
41.365,2079.28017388011
41.3660000000002,2078.20357627925
41.3670000000002,2079.19866808405
41.3680000000002,2080.13674538405
41.3690000000001,2081.92006020593
41.3700000000001,2084.88326640924
41.3710000000001,2088.47580901028
41.3720000000001,2092.0959793441
41.373,2095.19208692606
41.374,2095.41004839601
41.375,2094.03095341487
41.3760000000002,2092.08386319896
41.3770000000002,2090.03237273972
41.3780000000002,2088.35192477984
41.3790000000001,2087.41049986498
41.3800000000001,2085.41502202269
41.3810000000001,2083.88730534278
41.3820000000001,2083.54346556921
41.383,2084.25286055135
41.384,2085.75618945943
41.3850000000002,2087.75004817691
41.3860000000002,2088.00259063857
41.3870000000002,2088.02460316028
41.3880000000001,2088.75058209248
41.3890000000001,2090.58124895376
41.3900000000001,2093.90711384628
41.3910000000001,2099.00885784901
41.3920000000001,2104.00679740947
41.393,2110.45623561489
41.394,2118.84772553952
41.3950000000002,2128.85659686971
41.3960000000002,2139.95041666924
41.3970000000002,2151.46123560334
41.3980000000001,2160.68493128289
41.3990000000001,2168.73650573524
41.4000000000001,2175.89320121067
41.4010000000001,2182.00459181142
41.402,2187.00700436052
41.403,2190.90297498852
41.4040000000002,2191.70908051525
41.4050000000002,2191.4295502686
41.4060000000002,2191.05830488822
41.4070000000002,2191.12715873494
41.4080000000001,2192.18478448245
41.4090000000001,2194.76759314977
41.4100000000001,2197.26928405718
41.4110000000001,2202.02539162451
41.412,2209.98166804952
41.413,2221.28917863989
41.4140000000002,2235.67305615483
41.4150000000002,2252.38903531286
41.4160000000002,2268.12638052801
41.4170000000001,2283.43113667305
41.4180000000001,2297.39502261801
41.4190000000001,2308.69852613349
41.4200000000001,2316.22808318912
41.421,2319.24079241695
41.422,2315.30167342284
41.423,2306.8092344795
41.4240000000002,2295.21590041419
41.4250000000002,2281.86907087162
41.4260000000002,2268.18236359259
41.4270000000001,2255.40618728956
41.4280000000001,2242.16834341109
41.4290000000001,2231.14936297161
41.4300000000001,2223.00333179771
41.431,2217.53461776347
41.432,2214.13916474626
41.4330000000002,2211.93502679839
41.4340000000002,2207.282019532
41.4350000000002,2201.81535261871
41.4360000000001,2195.64309709546
41.4370000000001,2188.75374129292
41.4380000000001,2181.30123362809
41.4390000000001,2173.4841188522
41.4400000000001,2162.27855312862
41.441,2150.69105110512
41.442,2139.63548542937
41.4430000000002,2129.56142210673
41.4440000000002,2120.73002768339
41.4450000000002,2113.14715629745
41.4460000000001,2103.17821506032
41.4470000000001,2093.57637279577
41.4480000000001,2084.81599221105
41.4490000000001,2077.04285991797
41.45,2070.33903836916
41.451,2064.64968452318
41.4520000000002,2057.24552336531
41.4530000000002,2050.36637783636
41.4540000000002,2044.12372180436
41.4550000000002,2038.39993044744
41.4560000000001,2033.15571871042
41.4570000000001,2028.50406990764
41.4580000000001,2023.45066043563
41.4590000000001,2020.16365480927
41.46,2019.06112062561
41.461,2020.18454721642
41.4620000000002,2023.29207419563
41.4630000000002,2027.89894818402
41.4640000000002,2032.35138133575
41.4650000000001,2037.55911532631
41.4660000000001,2042.77783836189
41.4670000000001,2047.22952767481
41.4680000000001,2050.39978454982
41.4690000000001,2052.20108199878
41.47,2051.48750725784
41.471,2051.08857227479
41.4720000000002,2051.99891138128
41.4730000000002,2054.90379221611
41.4740000000002,2060.04775312491
41.4750000000001,2067.12556550089
41.4760000000001,2072.90143959391
41.4770000000001,2079.06533692762
41.4780000000001,2084.75645370291
41.479,2089.28716697534
41.48,2092.50773779719
41.4810000000002,2095.01528330956
41.4820000000002,2095.43210589557
41.4830000000002,2099.12023664594
41.4840000000002,2109.06214822967
41.4850000000001,2128.23837134379
41.4860000000001,2159.20527917996
41.4870000000001,2203.67160409657
41.4880000000001,2259.77165271142
41.489,2330.19323281588
41.49,2414.01089555464
41.4910000000002,2509.58968586967
41.4920000000002,2614.9361198181
41.4930000000002,2727.92544663749
41.4940000000001,2844.27489668121
41.4950000000001,2965.1639357882
41.4960000000001,3089.22745568735
41.4970000000001,3214.72551026448
41.498,3339.13568391722
41.499,3458.6291722023
41.5,3565.72011879048
41.5010000000002,3656.58526640814
41.5020000000002,3723.633010327
41.5030000000002,3758.48427581065
41.5040000000001,3752.76814203901
41.5050000000001,3698.91920434847
41.5060000000001,3589.24856349864
41.5070000000001,3423.99161918567
41.508,3204.49065917912
41.509,2935.88264493074
41.5100000000002,2626.96347309196
41.5110000000002,2289.40826903657
41.5120000000002,1935.05719155721
41.5130000000001,1581.45841504916
41.5140000000001,1243.34878246906
41.5150000000001,933.697933759912
41.5160000000001,662.697084531544
41.5170000000001,436.903088646358
41.518,257.494490955954
41.519,127.08817873963
41.5200000000002,43.4658785093334
41.5210000000002,2.7539817419754
41.5220000000002,0.403418901286957
41.5230000000001,31.761249699932
41.5240000000001,91.1763232218541
41.5250000000001,178.510114747936
41.5260000000001,292.086163695833
41.527,430.425936570074
41.528,591.601086349687
41.5290000000002,772.293558348732
41.5300000000002,966.037932805191
41.5310000000002,1169.30172661065
41.5320000000002,1374.92391847882
41.5330000000001,1574.92678097954
41.5340000000001,1761.32917984255
41.5350000000001,1926.67924002572
41.5360000000001,2063.66664104464
41.537,2171.64088968661
41.538,2250.12194697596
41.5390000000002,2300.83571516524
41.5400000000002,2327.2409726786
41.5410000000002,2333.47077722872
41.5420000000001,2322.5944741265
41.5430000000001,2301.71057812227
41.5440000000001,2274.94368744402
41.5450000000001,2245.39868658207
41.546,2215.17652761378
41.547,2185.13388840652
41.548,2154.30893219775
41.5490000000002,2125.81172190977
41.5500000000002,2100.47859438024
41.5510000000002,2079.16852222008
41.5520000000001,2062.73427834246
41.5530000000001,2051.36461673254
41.5540000000001,2043.68686799395
41.5550000000001,2042.53281789124
41.556,2047.56838776184
41.557,2057.81176520448
41.5580000000002,2071.76288283704
41.5590000000002,2086.95095044965
41.5600000000002,2099.64158405672
41.5610000000001,2111.37513925123
41.5620000000001,2120.95253358056
41.5630000000001,2127.50288014271
41.5640000000001,2130.60701010962
41.5650000000001,2129.59726787351
41.566,2123.18976359766
41.567,2115.55993368935
41.5680000000002,2107.81008640163
41.5690000000002,2100.84620830809
41.5700000000002,2095.31957838283
41.5710000000001,2090.9873420262
41.5720000000001,2086.46393250851
41.5730000000001,2084.10659178626
41.5740000000001,2083.83752842502
41.575,2085.36538312421
41.576,2088.27290140896
41.5770000000002,2091.70576642641
41.5780000000002,2094.1065230344
41.5790000000002,2096.63920145434
41.5800000000002,2099.62250528217
41.5810000000001,2103.49396893149
41.5820000000001,2108.62558896829
41.5830000000001,2114.77980329627
41.5840000000001,2120.67543841966
41.585,2127.03288795312
41.586,2133.62621453659
41.5870000000002,2140.16113271446
41.5880000000002,2146.27715949294
41.5890000000002,2151.05358882805
41.5900000000001,2152.95099102476
41.5910000000001,2153.27694570811
41.5920000000001,2152.29215415403
41.5930000000001,2150.39540337029
41.5940000000001,2147.99961047675
41.595,2144.68102721355
41.596,2139.39372632041
41.5970000000002,2134.3027690849
41.5980000000002,2129.56608128833
41.5990000000002,2125.23777252791
41.6000000000001,2121.33937811562
41.6010000000001,2117.08947192124
41.6020000000001,2111.51229132143
41.6030000000001,2107.23183101865
41.604,2104.83428855237
41.605,2104.80988679001
41.6060000000002,2107.4591716758
41.6070000000002,2111.95559613329
41.6080000000002,2116.9874823473
41.6090000000002,2124.26055996187
41.6100000000001,2133.26012964987
41.6110000000001,2143.25075937281
41.6120000000001,2153.38717269815
41.6130000000001,2161.95583945854
41.614,2167.29852229715
41.615,2171.1745428615
41.6160000000002,2173.74773777258
41.6170000000002,2175.38151863449
41.6180000000002,2176.55103077399
41.6190000000001,2176.80248932503
41.6200000000001,2175.62901119932
41.6210000000001,2175.44813186512
41.6220000000001,2176.60655297915
41.623,2179.16723423741
41.624,2182.91618077187
41.625,2186.42768723939
41.6260000000002,2188.31345241405
41.6270000000002,2190.16660167782
41.6280000000002,2191.80451428852
41.6290000000001,2193.13360450352
41.6300000000001,2194.17274987231
41.6310000000001,2194.02718605197
41.6320000000001,2192.1811720327
41.633,2191.07207754759
41.634,2191.34428907543
41.6350000000002,2193.52589150958
41.6360000000002,2197.94571405421
41.6370000000002,2203.61627391201
41.6380000000001,2209.69578125932
41.6390000000001,2217.87083977773
41.6400000000001,2227.88802342724
41.6410000000001,2239.32407203899
41.6420000000001,2251.64011833725
41.643,2263.13711481556
41.644,2272.67410465991
41.6450000000002,2281.83601730474
41.6460000000002,2290.57854855946
41.6470000000002,2298.90231996038
41.6480000000001,2306.80767580337
41.6490000000001,2313.09095510039
41.6500000000001,2317.1533532742
41.6510000000001,2320.85792612415
41.652,2324.2740805818
41.653,2327.35468406155
41.6540000000002,2329.95319931813
41.6550000000002,2330.66853261281
41.6560000000002,2328.9065657222
41.6570000000002,2326.55510683318
41.6580000000001,2323.93880640555
41.6590000000001,2321.44955520186
41.6600000000001,2319.5140384098
41.6610000000001,2317.31291265588
41.662,2314.89270504005
41.663,2314.49980745635
41.6640000000002,2316.60507045922
41.6650000000002,2321.43098321416
41.6660000000002,2328.90405842085
41.6670000000001,2337.36980630559
41.6680000000001,2345.95256489155
41.6690000000001,2355.7654602697
41.6700000000001,2366.23620717058
41.671,2376.73261378678
41.672,2386.63057951948
41.673,2394.03176483341
41.6740000000002,2398.37996152163
41.6750000000002,2401.41876184535
41.6760000000002,2403.50078031765
41.6770000000001,2405.0862449149
41.6780000000001,2406.65943702905
41.6790000000001,2407.22345137102
41.6800000000001,2407.00729926532
41.681,2408.11500405525
41.682,2410.88935153103
41.6830000000002,2415.41909396119
41.6840000000002,2421.52466002996
41.6850000000002,2427.29974650404
41.6860000000001,2432.14836710774
41.6870000000001,2437.31464881721
41.6880000000001,2442.47858837668
41.6890000000001,2447.31108820799
41.6900000000001,2451.49453184118
41.691,2453.20824390396
41.692,2452.33503548548
41.6930000000002,2450.68054659056
41.6940000000002,2448.64232937979
41.6950000000002,2446.65548135831
41.6960000000001,2445.12865231129
41.6970000000001,2442.79892137015
41.6980000000001,2440.04962601039
41.6990000000001,2438.79910790555
41.7,2439.29846774006
41.701,2441.53897609876
41.7020000000002,2445.23006697632
41.7030000000002,2448.18320082108
41.7040000000002,2449.9824484481
41.7050000000002,2451.72235665205
41.7060000000001,2453.10229476072
41.7070000000001,2453.92904604441
41.7080000000001,2454.15422608714
41.7090000000001,2452.18425251818
41.71,2448.66785199356
41.711,2445.75663580021
41.7120000000002,2444.15028282427
41.7130000000002,2444.36575090775
41.7140000000002,2446.61776736527
41.7150000000001,2448.99742844875
41.7160000000001,2451.51346000618
41.7170000000001,2455.20957477496
41.7180000000001,2459.57950622235
41.7190000000001,2464.05894263529
41.72,2468.14117147952
41.721,2469.69960628189
41.7220000000002,2469.23064147148
41.7230000000002,2468.63783145851
41.7240000000002,2468.69047136524
41.7250000000001,2470.21560906988
41.7260000000001,2473.94332632518
41.7270000000001,2478.55256609187
41.7280000000001,2484.91302511886
41.729,2494.51865530234
41.73,2507.1970042974
41.7310000000002,2522.41534312709
41.7320000000002,2539.35769555291
41.7330000000002,2555.1674111644
41.7340000000002,2569.66279332955
41.7350000000001,2583.62461619217
41.7360000000001,2596.7513524804
41.7370000000001,2608.92267695456
41.7380000000001,2620.16918956119
41.739,2628.6847289934
41.74,2635.54731524409
41.7410000000002,2642.51448349031
41.7420000000002,2649.9860015666
41.7430000000002,2658.13920704228
41.7440000000001,2666.88761132748
41.7450000000001,2673.90641064664
41.7460000000001,2679.70294891801
41.7470000000001,2685.28621264702
41.748,2690.47026470364
41.749,2695.1092248113
41.75,2699.12848398108
41.7510000000002,2700.4947590909
41.7520000000002,2700.41060340697
41.7530000000002,2700.53554416909
41.7540000000001,2701.3022016977
41.7550000000001,2702.95563808084
41.7560000000001,2705.47817604574
41.7570000000001,2706.49331435112
41.758,2706.69468056244
41.759,2706.939551733
41.7600000000002,2706.94561413803
41.7610000000002,2706.48229971282
41.7620000000002,2705.45023085343
41.7630000000001,2701.80720685066
41.7640000000001,2697.14591404383
41.7650000000001,2693.35053540524
41.7660000000001,2691.23961638414
41.7670000000001,2691.44508223783
41.768,2694.25020351651
41.769,2697.30920850904
41.7700000000002,2701.40830625254
41.7710000000002,2706.95028948871
41.7720000000002,2713.02252285338
41.7730000000001,2718.55952790162
41.7740000000001,2722.5157288462
41.7750000000001,2721.81495011555
41.7760000000001,2717.45135882479
41.777,2710.69721386783
41.778,2702.19870458804
41.7790000000002,2692.81556557026
41.7800000000002,2683.45077607805
41.7810000000002,2672.60819377864
41.7820000000002,2662.45189859292
41.7830000000001,2654.56300033164
41.7840000000001,2649.22250630247
41.7850000000001,2646.34758349277
41.7860000000001,2645.55135003037
41.787,2643.93324919878
41.788,2642.56319443282
41.7890000000002,2642.14085327091
41.7900000000002,2642.55942325579
41.7910000000002,2643.78296936743
41.7920000000001,2645.80676994248
41.7930000000001,2646.23451690855
41.7940000000001,2646.84072044875
41.7950000000001,2648.7211721849
41.796,2651.96183444817
41.797,2656.45342974033
41.798,2661.88788303303
41.7990000000002,2665.36422798753
41.8000000000002,2668.30026222798
41.8010000000002,2671.32397832231
41.8020000000001,2674.24045906378
41.8030000000001,2676.86817094358
41.8040000000001,2679.05263503037
41.8050000000001,2678.1848650308
41.806,2676.29985364128
41.807,2674.53282421333
41.8080000000002,2673.19440848076
41.8090000000002,2672.48919499972
41.8100000000002,2672.47513610683
41.8110000000001,2670.49388743316
41.8120000000001,2668.54707426548
41.8130000000001,2667.45514571484
41.8140000000001,2667.20164849259
41.8150000000001,2667.6917494301
41.816,2668.77858677378
41.817,2667.68385484341
41.8180000000002,2666.57939862727
41.8190000000002,2666.40686340054
41.8200000000002,2667.35176360805
41.8210000000001,2669.47919320557
41.8220000000001,2672.69153562417
41.8230000000001,2674.08533621923
41.8240000000001,2675.66995259236
41.825,2677.97459002728
41.826,2680.79998549087
41.8270000000002,2683.90211118444
41.8280000000002,2687.03832657698
41.8290000000002,2687.3468666471
41.8300000000002,2687.21299601673
41.8310000000001,2687.55897965337
41.8320000000001,2688.68061248988
41.8330000000001,2690.75508334935
41.8340000000001,2693.7712502598
41.835,2694.74516580581
41.836,2695.8978644093
41.8370000000002,2697.61432775796
41.8380000000002,2699.59942907967
41.8390000000002,2701.49097342929
41.8400000000001,2702.92541728537
41.8410000000001,2700.81274881284
41.8420000000001,2697.68807376628
41.8430000000001,2694.38826860101
41.8440000000001,2691.27290163076
41.845,2688.63502423168
41.846,2686.61449130982
41.8470000000002,2682.32050057906
41.8480000000002,2678.29304439266
41.8490000000002,2674.96167773733
41.8500000000001,2672.14203269881
41.8510000000001,2669.53760772355
41.8520000000001,2666.80419513237
41.8530000000001,2660.73944147246
41.854,2654.05124186081
41.855,2647.49879881206
41.8560000000002,2641.51798907696
41.8570000000002,2636.55350410785
41.8580000000002,2632.97024853105
41.8590000000002,2628.05924916009
41.8600000000001,2624.86591002073
41.8610000000001,2623.98611765107
41.8620000000001,2625.40504133075
41.8630000000001,2628.86047082351
41.864,2633.87737720028
41.865,2636.91171149808
41.8660000000002,2640.39192645945
41.8670000000002,2644.38662035258
41.8680000000002,2648.67979837853
41.8690000000001,2653.08094200469
41.8700000000001,2657.40592408595
41.8710000000001,2658.51089686589
41.8720000000001,2659.3416040613
41.873,2660.26782957098
41.874,2661.2636382614
41.875,2662.13951614164
41.8760000000002,2662.54641531042
41.8770000000002,2659.07983178608
41.8780000000002,2654.51061406198
41.8790000000001,2649.04668633769
41.8800000000001,2642.79655765124
41.8810000000001,2636.02314660454
41.8820000000001,2629.15175301108
41.883,2619.85320234209
41.884,2612.03742648815
41.8850000000002,2606.83959131926
41.8860000000002,2605.01838412194
41.8870000000002,2606.9863307409
41.8880000000001,2612.71693985478
41.8890000000001,2618.81670970849
41.8900000000001,2627.72897853507
41.8910000000001,2638.70879516133
41.8920000000001,2650.6717503065
41.893,2662.47303121508
41.894,2673.0694676231
41.8950000000002,2678.68712426813
41.8960000000002,2682.33463368195
41.8970000000002,2684.34532528023
41.8980000000001,2685.22629229078
41.8990000000001,2685.61546561748
41.9000000000001,2686.14403762586
41.9010000000001,2684.31085204162
41.902,2683.96150636645
41.903,2685.50818614211
41.9040000000002,2689.00766186477
41.9050000000002,2694.21876167033
41.9060000000002,2700.62340511997
41.9070000000002,2704.77958725263
41.9080000000001,2709.44964534984
41.9090000000001,2714.33115017029
41.9100000000001,2719.07399272235
41.9110000000001,2723.31328262388
41.912,2726.57685804073
41.913,2725.74513551144
41.9140000000002,2723.7731450051
41.9150000000002,2720.60810687159
41.9160000000002,2716.13487490782
41.9170000000001,2710.23259702577
41.9180000000001,2702.68356710504
41.9190000000001,2690.82667446594
41.9200000000001,2678.12850914074
41.921,2665.21877241794
41.922,2652.74792937772
41.923,2641.34542104655
41.9240000000002,2631.35195412853
41.9250000000002,2620.40243515492
41.9260000000002,2612.00996284225
41.9270000000001,2606.37984425983
41.9280000000001,2603.30004391684
41.9290000000001,2602.14723127553
41.9300000000001,2601.66306402573
41.931,2597.56803955992
41.932,2592.22403304371
41.9330000000002,2584.87172584533
41.9340000000002,2574.91090438024
41.9350000000002,2561.9850099911
41.9360000000001,2545.64880144134
41.9370000000001,2522.66716615364
41.9380000000001,2497.66672998269
41.9390000000001,2472.07787629291
41.9400000000001,2447.42405270794
41.941,2425.11141053963
41.942,2405.80431862995
41.9430000000002,2386.88983386648
41.9440000000002,2372.44109946858
41.9450000000002,2362.77688163852
41.9460000000001,2357.83406330972
41.9470000000001,2357.24197774513
41.9480000000001,2360.04179773709
41.9490000000001,2363.33153036481
41.95,2369.16834050813
41.951,2376.81917899448
41.9520000000002,2385.40104617554
41.9530000000002,2393.95108530884
41.9540000000002,2401.24932001275
41.9550000000002,2405.40900531354
41.9560000000001,2407.48911452415
41.9570000000001,2406.59296314516
41.9580000000001,2401.89325949228
41.9590000000001,2392.87742588149
41.96,2379.31537915909
41.961,2361.1321009555
41.9620000000002,2341.23430223362
41.9630000000002,2320.95974658484
41.9640000000002,2301.62911379281
41.9650000000001,2284.43712917375
41.9660000000001,2269.99347991017
41.9670000000001,2257.77472227986
41.9680000000001,2250.32059122526
41.9690000000001,2247.55971678718
41.97,2248.9748648899
41.971,2253.79685589638
41.9720000000002,2260.68342217698
41.9730000000002,2267.17723376144
41.9740000000002,2275.70094997048
41.9750000000001,2286.34704608312
41.9760000000001,2299.35360292077
41.9770000000001,2315.06582061374
41.9780000000001,2333.30155642546
41.979,2352.73614289402
41.98,2376.83371981237
41.9810000000002,2406.60407342918
41.9820000000002,2443.21316749803
41.9830000000002,2488.06370483016
41.9840000000002,2542.20219999859
41.9850000000001,2605.84408995688
41.9860000000001,2683.33773547913
41.9870000000001,2776.12627579969
41.9880000000001,2884.70539140118
41.989,3008.28643464524
41.99,3143.94220605076
41.9910000000002,3286.36143856557
41.9920000000002,3432.77585541279
41.9930000000002,3576.90861319778
41.9940000000001,3711.69508211142
41.9950000000001,3829.83843506523
41.9960000000001,3923.68418293227
41.9970000000001,3985.6248423979
41.998,4012.91694291579
41.999,4001.64342330539
42,3948.91890884797
42.0010000000002,3852.87904720075
42.0020000000002,3712.03111454589
42.0030000000002,3525.48223755207
42.0040000000001,3297.27620835881
42.0050000000001,3030.92086467313
42.0060000000001,2731.71151756564
42.0070000000001,2406.90618457724
42.008,2064.99945661995
42.009,1715.68328592865
42.0100000000002,1373.03364518094
42.0110000000002,1049.19488958259
42.0120000000002,755.381972195897
42.0130000000001,500.965586450452
42.0140000000001,292.033207096915
42.0150000000001,131.461777517397
42.0160000000001,22.5088947000814
42.0170000000001,-36.1145080858451
42.018,-47.6030581876705
42.019,-16.2343733182911
42.0200000000002,52.6273323348655
42.0210000000002,153.658762491355
42.0220000000002,285.084061342723
42.0230000000001,443.414078778915
42.0240000000001,624.965197399382
42.0250000000001,825.380718292764
42.0260000000001,1038.44234705104
42.027,1256.58471681615
42.028,1473.98756729329
42.0290000000002,1682.24830058534
42.0300000000002,1872.93157040348
42.0310000000002,2038.48874260809
42.0320000000002,2172.34496311753
42.0330000000001,2270.43332872074
42.0340000000001,2334.24926268362
42.0350000000001,2366.14858538427
42.0360000000001,2370.63184039597
42.037,2353.61526791087
42.038,2320.72309761277
42.0390000000002,2277.49904958529
42.0400000000002,2231.28755249895
42.0410000000002,2186.30288556736
42.0420000000001,2145.29168279174
42.0430000000001,2109.70965809213
42.0440000000001,2079.13871582064
42.0450000000001,2052.92570691807
42.046,2032.79706261108
42.047,2018.50799003122
42.048,2009.7127634755
42.0490000000002,2005.94959246641
42.0500000000002,2005.49405939251
42.0510000000002,2006.96216449681
42.0520000000001,2011.41958396751
42.0530000000001,2017.49663505395
42.0540000000001,2023.5972930145
42.0550000000001,2028.17244427982
42.056,2028.70059866397
42.057,2024.13536517469
42.0580000000002,2016.95725747176
42.0590000000002,2007.61051687301
42.0600000000002,1996.77973270005
42.0610000000001,1985.29676626157
42.0620000000001,1972.70571035188
42.0630000000001,1959.49599654516
42.0640000000001,1948.63986658719
42.0650000000001,1940.35275850543
42.066,1934.39929458509
42.067,1930.26931242047
42.0680000000002,1926.3818552915
42.0690000000002,1921.91410759332
42.0700000000002,1918.25521171578
42.0710000000001,1915.38394086392
42.0720000000001,1913.30194911834
42.0730000000001,1911.96421275201
42.0740000000001,1910.61848490459
42.075,1908.52330237105
42.076,1906.25745373044
42.0770000000002,1903.69952971523
42.0780000000002,1900.70908262004
42.0790000000002,1897.11214343716
42.0800000000002,1892.16800409391
42.0810000000001,1885.26215941801
42.0820000000001,1877.21477137293
42.0830000000001,1868.54407533721
42.0840000000001,1859.94214741746
42.085,1852.13364535495
42.086,1844.93423650548
42.0870000000002,1838.48904763648
42.0880000000002,1834.18536817961
42.0890000000002,1832.24687408567
42.0900000000001,1832.62680992442
42.0910000000001,1834.99622130343
42.0920000000001,1837.64154809315
42.0930000000001,1839.77700090375
42.0940000000001,1842.1640156584
42.095,1844.14718616008
42.096,1845.109924248
42.0970000000002,1844.57159258738
42.0980000000002,1841.04028547668
42.0990000000002,1834.59287347424
42.1000000000001,1827.12742261007
42.1010000000001,1819.25923423585
42.1020000000001,1811.65542271004
42.1030000000001,1804.97015824061
42.104,1798.58212630824
42.105,1793.05647069202
42.1060000000002,1790.22171707725
42.1070000000002,1790.34972735114
42.1080000000002,1793.41677768502
42.1090000000002,1799.12067370457
42.1100000000001,1805.72296388136
42.1110000000001,1812.70982059605
42.1120000000001,1820.807940761
42.1130000000001,1829.4711150114
42.114,1838.14628132168
42.115,1846.31895661125
42.1160000000002,1852.3109482611
42.1170000000002,1856.02932778306
42.1180000000002,1858.66789791343
42.1190000000001,1860.25722456394
42.1200000000001,1860.81742723349
42.1210000000001,1860.34435975019
42.1220000000001,1857.56323541076
42.123,1852.76392744352
42.124,1847.33663505004
42.125,1841.53338703195
42.1260000000002,1835.60304200145
42.1270000000002,1829.80001441326
42.1280000000002,1823.11590782293
42.1290000000001,1816.19030183285
42.1300000000001,1810.62047299278
42.1310000000001,1806.81022746311
42.1320000000001,1804.99488100306
42.133,1805.20406307505
42.134,1805.95408521041
42.1350000000002,1807.31398777274
42.1360000000002,1810.09523781004
42.1370000000002,1813.94823881685
42.1380000000001,1818.4669102036
42.1390000000001,1823.25449339185
42.1400000000001,1826.66442699012
42.1410000000001,1828.98374925919
42.1420000000001,1831.38239784077
42.143,1834.07409579963
42.144,1837.25737635199
42.1450000000002,1841.05724932142
42.1460000000002,1844.15100321485
42.1470000000002,1846.98291604519
42.1480000000001,1850.54607136911
42.1490000000001,1854.75031923504
42.1500000000001,1859.40901960098
42.1510000000001,1864.28677769264
42.152,1867.79917878546
42.153,1870.39224080842
42.1540000000002,1873.14175902754
42.1550000000002,1876.22736761694
42.1560000000002,1879.80122410728
42.1570000000002,1883.93772122753
42.1580000000001,1887.22323707719
42.1590000000001,1890.17969015026
42.1600000000001,1893.64191938678
42.1610000000001,1897.41392839975
42.162,1901.17700311462
42.163,1904.54112053369
42.1640000000002,1905.70630735274
42.1650000000002,1905.0842727855
42.1660000000002,1903.55292477051
42.1670000000001,1901.2248676314
42.1680000000001,1898.26316187279
42.1690000000001,1894.84350520466
42.1700000000001,1889.65587251594
42.171,1883.63578806383
42.172,1877.95378265072
42.173,1872.86192150092
42.1740000000002,1868.50503950144
42.1750000000002,1864.9229679946
42.1760000000002,1860.54826558072
42.1770000000001,1856.20043028413
42.1780000000001,1852.86291586191
42.1790000000001,1850.66813862597
42.1800000000001,1849.69085816075
42.181,1849.92932246334
42.182,1849.71110846803
42.1830000000002,1849.8522531179
42.1840000000002,1851.17785772966
42.1850000000002,1853.60782428534
42.1860000000001,1856.93232932409
42.1870000000001,1860.81428520281
42.1880000000001,1863.1847157108
42.1890000000001,1864.61211125372
42.1900000000001,1865.6830018044
42.191,1866.24865396865
42.192,1866.1960407614
42.1930000000002,1865.45425730431
42.1940000000002,1862.34769984911
42.1950000000002,1858.03346846486
42.1960000000001,1853.63853867624
42.1970000000001,1849.57592721914
42.1980000000001,1846.20464675013
42.1990000000001,1843.77094746946
42.2,1840.69810247413
42.201,1838.10719973648
42.2020000000002,1836.75054376838
42.2030000000002,1836.52076415972
42.2040000000002,1837.14232685365
42.2050000000002,1838.19851149493
42.2060000000001,1837.48321606223
42.2070000000001,1835.7359524577
42.2080000000001,1833.41725801947
42.2090000000001,1830.39639806566
42.21,1826.61634021807
42.211,1822.09913654431
42.2120000000002,1815.23065585381
42.2130000000002,1807.55529485592
42.2140000000002,1800.26369983893
42.2150000000001,1793.95755063827
42.2160000000001,1789.21429900076
42.2170000000001,1786.53208352938
42.2180000000001,1784.53595741185
42.2190000000001,1784.85523303028
42.22,1788.36614287793
42.221,1795.09507053264
42.2220000000002,1804.77436518446
42.2230000000002,1816.8466542985
42.2240000000002,1828.72315167962
42.2250000000001,1840.95678278209
42.2260000000001,1853.38841704669
42.2270000000001,1865.3281368129
42.2280000000001,1876.19480908201
42.229,1885.58401299399
42.23,1891.49460251264
42.2310000000002,1895.55598281599
42.2320000000002,1898.84411939651
42.2330000000002,1902.01624432603
42.2340000000002,1905.72114502054
42.2350000000001,1910.49149593952
42.2360000000001,1914.83659751194
42.2370000000001,1920.48203653029
42.2380000000001,1928.06401322232
42.239,1937.48979767708
42.24,1948.45071112531
42.2410000000002,1960.47341803242
42.2420000000002,1971.13236877217
42.2430000000002,1981.50512550871
42.2440000000001,1991.73391687112
42.2450000000001,2001.51106794938
42.2460000000001,2010.50855730703
42.2470000000001,2018.36069428479
42.248,2022.78492113496
42.249,2025.12901367571
42.25,2025.71967273019
42.2510000000002,2024.51646542022
42.2520000000002,2021.55542420952
42.2530000000002,2016.97231628757
42.2540000000001,2009.10800474576
42.2550000000001,2000.14567989317
42.2560000000001,1991.17842816334
42.2570000000001,1982.8808693252
42.258,1975.78887291771
42.259,1970.21017012284
42.2600000000002,1964.23219996177
42.2610000000002,1959.49468545822
42.2620000000002,1956.15090126796
42.2630000000001,1953.80807670043
42.2640000000001,1951.95060662112
42.2650000000001,1950.02740914481
42.2660000000001,1945.56050313358
42.2670000000001,1940.15008770077
42.268,1934.21804890731
42.269,1928.00328379998
42.2700000000002,1921.81611251041
42.2710000000002,1915.96267797247
42.2720000000002,1908.68058786416
42.2730000000001,1902.12744124665
42.2740000000001,1896.9054323363
42.2750000000001,1893.19235296117
42.2760000000001,1891.02209812246
42.277,1890.29841275792
42.278,1888.8126653398
42.2790000000002,1888.36420899475
42.2800000000002,1889.19198010887
42.2810000000002,1891.21777381479
42.2820000000002,1894.2608352825
42.2830000000001,1898.01265873094
42.2840000000001,1899.98237703283
42.2850000000001,1901.8031509009
42.2860000000001,1903.43437185766
42.287,1904.61778720162
42.288,1905.13359953562
42.2890000000002,1904.83418654514
42.2900000000002,1901.55806075649
42.2910000000002,1897.63950789162
42.2920000000001,1893.7174452572
42.2930000000001,1890.25370942687
42.2940000000001,1887.63569481171
42.2950000000001,1886.09708628297
42.296,1883.52334220909
42.297,1882.08337699153
42.298,1881.84851722938
42.2990000000002,1882.55427603142
42.3000000000002,1883.8045155787
42.3010000000002,1885.13602246578
42.3020000000001,1883.89247946464
42.3030000000001,1882.15875578044
42.3040000000001,1880.09264687803
42.3050000000001,1877.82136655022
42.306,1875.53056377636
42.307,1873.41655000854
42.3080000000002,1869.39400201493
42.3090000000002,1866.13728857727
42.3100000000002,1864.04557786277
42.3110000000001,1863.2945730075
42.3120000000001,1863.91787723899
42.3130000000001,1865.81401022873
42.3140000000001,1866.46832692123
42.3150000000001,1868.25564209212
42.316,1871.19582077056
42.317,1875.17912105181
42.3180000000002,1880.01326620924
42.3190000000002,1885.41598851202
42.3200000000002,1888.67920754879
42.3210000000001,1892.1077633626
42.3220000000001,1895.59290794786
42.3230000000001,1898.97621026819
42.3240000000001,1902.07979292644
42.325,1904.68135833744
42.326,1904.3529481283
42.3270000000002,1903.59801939292
42.3280000000002,1902.61978345612
42.3290000000002,1901.59215828891
42.3300000000002,1900.64830992321
42.3310000000001,1899.78472477987
42.3320000000001,1896.83533035464
42.3330000000001,1894.31297697695
42.3340000000001,1892.40990986512
42.335,1891.22873386903
42.336,1890.79665793906
42.3370000000002,1890.9579984538
42.3380000000002,1889.4743598333
42.3390000000002,1888.72906587836
42.3400000000001,1888.80851417612
42.3410000000001,1889.68723642808
42.3420000000001,1891.22175418229
42.3430000000001,1893.00182512965
42.3440000000001,1892.60239804759
42.345,1892.12739276186
42.346,1891.46792219726
42.3470000000002,1890.52380266026
42.3480000000002,1889.24836096106
42.3490000000002,1887.49048054937
42.3500000000001,1883.39854618753
42.3510000000001,1879.58907469221
42.3520000000001,1876.5231272412
42.3530000000001,1874.56215145933
42.354,1873.90903430307
42.355,1874.35079433002
42.3560000000002,1873.8150511499
42.3570000000002,1874.25571943838
42.3580000000002,1875.38071737783
42.3590000000002,1876.78493956534
42.3600000000001,1878.04722270469
42.3610000000001,1878.58145122012
42.3620000000001,1876.45005157971
42.3630000000001,1873.93793590207
42.364,1871.46409610635
42.365,1869.53454165305
42.3660000000002,1868.67912184401
42.3670000000002,1869.10555579154
42.3680000000002,1869.52867057391
42.3690000000001,1872.30952831736
42.3700000000001,1877.58432160291
42.3710000000001,1885.1867513594
42.3720000000001,1894.68217845199
42.373,1905.13161904189
42.374,1914.2160004426
42.375,1923.27030681755
42.3760000000002,1931.70217836759
42.3770000000002,1938.93866767017
42.3780000000002,1944.48498534016
42.3790000000001,1947.64254570754
42.3800000000001,1946.72168357384
42.3810000000001,1943.82284247092
42.3820000000001,1939.29912178398
42.383,1933.61202545849
42.384,1927.32077481946
42.3850000000002,1920.69835361148
42.3860000000002,1913.0053808208
42.3870000000002,1906.97777751266
42.3880000000001,1903.34695486804
42.3890000000001,1902.6076976552
42.3900000000001,1904.97320630499
42.3910000000001,1909.96650652705
42.3920000000001,1915.87904343531
42.393,1924.09672778672
42.394,1933.93037156879
42.3950000000002,1944.49055818374
42.3960000000002,1954.79999014173
42.3970000000002,1963.49455559927
42.3980000000001,1968.50874672363
42.3990000000001,1971.24490137868
42.4000000000001,1971.52751054039
42.4010000000001,1969.3671020756
42.402,1964.95013828268
42.403,1958.14960029795
42.4040000000002,1948.16315578454
42.4050000000002,1937.47691345039
42.4060000000002,1926.72443881241
42.4070000000002,1916.38834548594
42.4080000000001,1906.76843235474
42.4090000000001,1897.42273393529
42.4100000000001,1886.90055251129
42.4110000000001,1877.22893523394
42.412,1868.39708374658
42.413,1860.25985460369
42.4140000000002,1852.54768888238
42.4150000000002,1844.20057983262
42.4160000000002,1833.1481001444
42.4170000000001,1821.55224020002
42.4180000000001,1809.55455879917
42.4190000000001,1797.37646082427
42.4200000000001,1785.27257037076
42.421,1772.64410638116
42.422,1757.81257816504
42.423,1743.77877309468
42.4240000000002,1731.2150378641
42.4250000000002,1720.67663209118
42.4260000000002,1712.48121573984
42.4270000000001,1705.90162769434
42.4280000000001,1699.24938834538
42.4290000000001,1694.1761296168
42.4300000000001,1690.24680726667
42.431,1686.9929350152
42.432,1684.0515735786
42.4330000000002,1680.81767371341
42.4340000000002,1676.86925721727
42.4350000000002,1673.76197418376
42.4360000000001,1671.66817595936
42.4370000000001,1670.55703250666
42.4380000000001,1670.16309235218
42.4390000000001,1669.66988801874
42.4400000000001,1668.32398358434
42.441,1666.4555212981
42.442,1663.30564781847
42.4430000000002,1658.29182117655
42.4440000000002,1651.25331942035
42.4450000000002,1642.25519500219
42.4460000000001,1632.16930585099
42.4470000000001,1623.19693092151
42.4480000000001,1616.4047268528
42.4490000000001,1612.43186727273
42.45,1611.33161308625
42.451,1612.07542199254
42.4520000000002,1613.36358610524
42.4530000000002,1615.10723242903
42.4540000000002,1616.05750484514
42.4550000000002,1615.37312928959
42.4560000000001,1613.00912174003
42.4570000000001,1609.21542734622
42.4580000000001,1605.403421983
42.4590000000001,1606.06883635567
42.46,1614.42835891457
42.461,1633.33681698249
42.4620000000002,1664.7567722168
42.4630000000002,1708.57303042925
42.4640000000002,1763.53619392979
42.4650000000001,1829.75258338466
42.4660000000001,1905.07873767103
42.4670000000001,1987.29967869674
42.4680000000001,2074.75799127063
42.4690000000001,2166.03404677646
42.47,2261.20234784178
42.471,2363.39985298422
42.4720000000002,2474.65477684934
42.4730000000002,2596.4459757698
42.4740000000002,2728.78342505696
42.4750000000001,2868.62071019279
42.4760000000001,3010.55513866518
42.4770000000001,3148.33221420741
42.4780000000001,3271.95057007868
42.479,3369.92667078644
42.48,3430.58278266155
42.4810000000002,3442.67125646433
42.4820000000002,3398.04837086475
42.4830000000002,3294.1970100742
42.4840000000002,3131.62308061925
42.4850000000001,2915.25952727141
42.4860000000001,2654.04098521303
42.4870000000001,2359.17865321531
42.4880000000001,2044.33534618691
42.489,1725.5140863791
42.49,1416.62151514863
42.4910000000002,1129.53629512525
42.4920000000002,873.24332644616
42.4930000000002,652.501943615096
42.4940000000001,469.245618721014
42.4950000000001,323.921010052019
42.4960000000001,213.198614584346
42.4970000000001,131.986125299485
42.498,74.3673890457719
42.499,33.6705453438644
42.5,4.87857790326132
42.5010000000002,-13.8999212349184
42.5020000000002,-23.8463128721063
42.5030000000002,-24.2506342549309
42.5040000000001,-12.7801649710982
42.5050000000001,13.1030729912281
42.5060000000001,57.130046358058
42.5070000000001,124.127005975348
42.508,216.630659503796
42.509,335.382792427326
42.5100000000002,478.936483351584
42.5110000000002,642.628663817664
42.5120000000002,820.557930561321
42.5130000000001,1006.56485037481
42.5140000000001,1192.3886096412
42.5150000000001,1369.51770937339
42.5160000000001,1529.98273646973
42.5170000000001,1666.12747097358
42.518,1773.08885371147
42.519,1849.50669287767
42.5200000000002,1895.23466048441
42.5210000000002,1912.26059333762
42.5220000000002,1904.3655959138
42.5230000000001,1875.62883817533
42.5240000000001,1831.95198859344
42.5250000000001,1780.62327289563
42.5260000000001,1727.42743137185
42.527,1677.25808265799
42.528,1633.81017855632
42.5290000000002,1598.27568008241
42.5300000000002,1571.9321112505
42.5310000000002,1556.08849591771
42.5320000000002,1549.86388448419
42.5330000000001,1551.69764362483
42.5340000000001,1559.67888135862
42.5350000000001,1570.44863079532
42.5360000000001,1582.68566659798
42.537,1596.49610487309
42.538,1610.77440800246
42.5390000000002,1624.61631318124
42.5400000000002,1637.31040352184
42.5410000000002,1646.70625222366
42.5420000000001,1653.12002137878
42.5430000000001,1657.98042293146
42.5440000000001,1661.03408451268
42.5450000000001,1661.9925121605
42.546,1660.6583113661
42.547,1655.66667995876
42.548,1647.82154832913
42.5490000000002,1639.04538987791
42.5500000000002,1630.09235774421
42.5510000000002,1621.66993843491
42.5520000000001,1614.35946409878
42.5530000000001,1607.65611417746
42.5540000000001,1601.82710758807
42.5550000000001,1597.76857922741
42.556,1595.56832398092
42.557,1595.13565805496
42.5580000000002,1596.19963026382
42.5590000000002,1597.62344717131
42.5600000000002,1598.83668923367
42.5610000000001,1600.1211794248
42.5620000000001,1601.50697812872
42.5630000000001,1603.1387190087
42.5640000000001,1605.1716462196
42.5650000000001,1606.95985171338
42.566,1608.39433800829
42.567,1610.03842803258
42.5680000000002,1612.06208209725
42.5690000000002,1614.58937209339
42.5700000000002,1617.64240329651
42.5710000000001,1620.19298560094
42.5720000000001,1622.21955594932
42.5730000000001,1624.34123426792
42.5740000000001,1626.6804472204
42.575,1629.37284074301
42.576,1632.5049770723
42.5770000000002,1634.76780447639
42.5780000000002,1636.65848298466
42.5790000000002,1639.07209138993
42.5800000000002,1642.00862437113
42.5810000000001,1645.41184290176
42.5820000000001,1649.19298571154
42.5830000000001,1651.82202000573
42.5840000000001,1653.99651291039
42.585,1656.76998652978
42.586,1660.27181394012
42.5870000000002,1664.53423292836
42.5880000000002,1669.46428744285
42.5890000000002,1673.46354213246
42.5900000000001,1676.93740197208
42.5910000000001,1680.51829331754
42.5920000000001,1684.01236601917
42.5930000000001,1687.18785569165
42.5940000000001,1689.80287694551
42.595,1690.26039544435
42.596,1689.19711623232
42.5970000000002,1687.56251411791
42.5980000000002,1685.66073800339
42.5990000000002,1683.83244155599
42.6000000000001,1682.40498210857
42.6010000000001,1680.20863443688
42.6020000000001,1678.3236439287
42.6030000000001,1677.84782690317
42.604,1679.03792285866
42.605,1681.9985507812
42.6060000000002,1686.67063581633
42.6070000000002,1691.3548645532
42.6080000000002,1696.67278366334
42.6090000000002,1703.16875668004
42.6100000000001,1710.60851251529
42.6110000000001,1718.67280364803
42.6120000000001,1726.96548339989
42.6130000000001,1733.54057501824
42.614,1738.93729237475
42.615,1743.65519284867
42.6160000000002,1747.58471005705
42.6170000000002,1750.65851507934
42.6180000000002,1752.85031947486
42.6190000000001,1752.65597327083
42.6200000000001,1751.21357868437
42.6210000000001,1749.5635271069
42.6220000000001,1748.15058127561
42.623,1747.38830759009
42.624,1747.60407109762
42.625,1747.44590143232
42.6260000000002,1748.10481766364
42.6270000000002,1750.37225865881
42.6280000000002,1754.28852234955
42.6290000000001,1759.72259968513
42.6300000000001,1766.37998240771
42.6310000000001,1772.2538964928
42.6320000000001,1778.0489950808
42.633,1784.10217049937
42.634,1790.2040256488
42.6350000000002,1796.1700686902
42.6360000000002,1801.84119833287
42.6370000000002,1805.47151317958
42.6380000000001,1808.22843484459
42.6390000000001,1810.84390800289
42.6400000000001,1813.49732028472
42.6410000000001,1816.30119743197
42.6420000000001,1819.26390087502
42.643,1820.63129847617
42.644,1821.53973457707
42.6450000000002,1822.49440544259
42.6460000000002,1823.43474857011
42.6470000000002,1824.25361388039
42.6480000000001,1824.8177280368
42.6490000000001,1823.30022074437
42.6500000000001,1821.04549394909
42.6510000000001,1818.80069831289
42.652,1816.87283753978
42.653,1815.56588620776
42.6540000000002,1815.12895574907
42.6550000000002,1813.93930322933
42.6560000000002,1813.55685996836
42.6570000000002,1814.64062092808
42.6580000000001,1817.22197857918
42.6590000000001,1821.14333189093
42.6600000000001,1826.05896821959
42.6610000000001,1829.6354544456
42.662,1832.90309770762
42.663,1836.02944355444
42.6640000000002,1838.79202638104
42.6650000000002,1841.03366025618
42.6660000000002,1842.66697837131
42.6670000000001,1841.78003779429
42.6680000000001,1840.11918237683
42.6690000000001,1838.51531867591
42.6700000000001,1837.38172551671
42.671,1837.04091426481
42.672,1837.65328271153
42.673,1837.22301622889
42.6740000000002,1837.32586834531
42.6750000000002,1838.29557684748
42.6760000000002,1839.96195813742
42.6770000000001,1842.05992156601
42.6780000000001,1844.2619856889
42.6790000000001,1844.23236979519
42.6800000000001,1843.54208273551
42.681,1842.62340416668
42.682,1841.61133404336
42.6830000000002,1840.65030733047
42.6840000000002,1839.84295528316
42.6850000000002,1837.21298407759
42.6860000000001,1834.63906794585
42.6870000000001,1832.61317759621
42.6880000000001,1831.21650217435
42.6890000000001,1830.42339004009
42.6900000000001,1830.10217964795
42.691,1828.01203627954
42.692,1825.90943720835
42.6930000000002,1824.12947028935
42.6940000000002,1822.71746516067
42.6950000000002,1821.69519961848
42.6960000000001,1821.04238785504
42.6970000000001,1818.63532928712
42.6980000000001,1816.47638551817
42.6990000000001,1815.01741088926
42.7,1814.43361758821
42.701,1814.86087864474
42.7020000000002,1816.38368524073
42.7030000000002,1816.95690798325
42.7040000000002,1818.74040193913
42.7050000000002,1822.20793055708
42.7060000000001,1827.53793354066
42.7070000000001,1834.79352661879
42.7080000000001,1843.89065556698
42.7090000000001,1852.50286790584
42.71,1862.47452228637
42.711,1873.79435304011
42.7120000000002,1886.15983307014
42.7130000000002,1899.1806734537
42.7140000000002,1912.40761671597
42.7150000000001,1923.26309393209
42.7160000000001,1933.60754593564
42.7170000000001,1943.53847507667
42.7180000000001,1953.0653282388
42.7190000000001,1962.23592761077
42.72,1971.10212781515
42.721,1977.53394869082
42.7220000000002,1983.89319495006
42.7230000000002,1990.53259790004
42.7240000000002,1997.5822820213
42.7250000000001,2005.03538494633
42.7260000000001,2012.73043017113
42.7270000000001,2018.16545814771
42.7280000000001,2023.38873457353
42.729,2028.32337504882
42.73,2032.76204599189
42.7310000000002,2036.47245719146
42.7320000000002,2039.21510741656
42.7330000000002,2038.55688855539
42.7340000000002,2036.83698852381
42.7350000000001,2034.3006919444
42.7360000000001,2031.1726049277
42.7370000000001,2027.67414008344
42.7380000000001,2023.98437668774
42.739,2017.98298164802
42.74,2012.27878927405
42.7410000000002,2007.13968821248
42.7420000000002,2002.69693394609
42.7430000000002,1998.95162794856
42.7440000000001,1995.74291707915
42.7450000000001,1990.68694163968
42.7460000000001,1986.02927967147
42.7470000000001,1981.7830356336
42.748,1977.93102767087
42.749,1974.44743728777
42.75,1971.22432305784
42.7510000000002,1966.11016994761
42.7520000000002,1961.51146349493
42.7530000000002,1957.60706126695
42.7540000000001,1954.46142120429
42.7550000000001,1952.00730555473
42.7560000000001,1949.92882386144
42.7570000000001,1945.85283498782
42.758,1941.81138532397
42.759,1937.66246636461
42.7600000000002,1933.25436321549
42.7610000000002,1928.47879825722
42.7620000000002,1923.16310225415
42.7630000000001,1915.4007812761
42.7640000000001,1907.74581150852
42.7650000000001,1900.69778280919
42.7660000000001,1894.71983122636
42.7670000000001,1890.1790839786
42.768,1887.11415356281
42.769,1883.6485346241
42.7700000000002,1881.99539286806
42.7710000000002,1882.09692723586
42.7720000000002,1883.72148371962
42.7730000000001,1886.52321367357
42.7740000000001,1889.89029791519
42.7750000000001,1891.56833611069
42.7760000000001,1893.59008697631
42.777,1895.92298819875
42.778,1898.53186941732
42.7790000000002,1901.36196311723
42.7800000000002,1904.06552518702
42.7810000000002,1904.68103150725
42.7820000000002,1905.36883940824
42.7830000000001,1906.09751477213
42.7840000000001,1906.74358907955
42.7850000000001,1907.13538064755
42.7860000000001,1906.81248112152
42.787,1903.89528100429
42.788,1900.67731737358
42.7890000000002,1897.37663680945
42.7900000000002,1894.18719252704
42.7910000000002,1891.26030596623
42.7920000000001,1888.36121078052
42.7930000000001,1883.82045849733
42.7940000000001,1879.91486407769
42.7950000000001,1876.72134810199
42.796,1874.19308737547
42.797,1872.20443790232
42.798,1870.24521947011
42.7990000000002,1866.57344193969
42.8000000000002,1863.39070251088
42.8010000000002,1860.86634811349
42.8020000000001,1859.13608737406
42.8030000000001,1858.29079447207
42.8040000000001,1857.9755177977
42.8050000000001,1856.62436679046
42.806,1856.37548511594
42.807,1857.25972872386
42.8080000000002,1859.17284507677
42.8090000000002,1861.90426857719
42.8100000000002,1864.75464310968
42.8110000000001,1865.95485854474
42.8120000000001,1867.40176649412
42.8130000000001,1869.02574653428
42.8140000000001,1870.71835216455
42.8150000000001,1872.34288386006
42.816,1873.29219195724
42.817,1872.0123769473
42.8180000000002,1870.52602990916
42.8190000000002,1868.92674586068
42.8200000000002,1867.26842456634
42.8210000000001,1865.57749098594
42.8220000000001,1863.38118905683
42.8230000000001,1859.36216274135
42.8240000000001,1855.66328087055
42.825,1852.52262367983
42.826,1850.09885730537
42.8270000000002,1848.46045791962
42.8280000000002,1847.06502448654
42.8290000000002,1844.53570440774
42.8300000000002,1842.77266928985
42.8310000000001,1841.76306510147
42.8320000000001,1841.39243682458
42.8330000000001,1841.46827376466
42.8340000000001,1841.20014726841
42.835,1839.1425138645
42.836,1837.13665071231
42.8370000000002,1835.24767679168
42.8380000000002,1833.54176708759
42.8390000000002,1832.08556746557
42.8400000000001,1830.36091401449
42.8410000000001,1827.30630473972
42.8420000000001,1824.94508436037
42.8430000000001,1823.45971205706
42.8440000000001,1822.9020731152
42.845,1823.19094768282
42.846,1823.52777569257
42.8470000000002,1822.62554309532
42.8480000000002,1822.10266986784
42.8490000000002,1821.84028271379
42.8500000000001,1821.69819777605
42.8510000000001,1821.55607504327
42.8520000000001,1820.72135565467
42.8530000000001,1818.27094891114
42.854,1816.14648924657
42.855,1814.63027511551
42.8560000000002,1813.92788058041
42.8570000000002,1814.13635724761
42.8580000000002,1814.5864721366
42.8590000000002,1814.30196624814
42.8600000000001,1814.85477360891
42.8610000000001,1816.12500278697
42.8620000000001,1817.9145383153
42.8630000000001,1820.00740621518
42.864,1821.57069713744
42.865,1821.77221539355
42.8660000000002,1822.33627422215
42.8670000000002,1823.4789563279
42.8680000000002,1825.3726013476
42.8690000000001,1828.11060587034
42.8700000000001,1830.9980513601
42.8710000000001,1833.24814907773
42.8720000000001,1836.33405881709
42.873,1840.10189523924
42.874,1844.2871336689
42.875,1848.5800619382
42.8760000000002,1851.97393428794
42.8770000000002,1853.65956646061
42.8780000000002,1855.2435541618
42.8790000000001,1856.91862698536
42.8800000000001,1858.89422727803
42.8810000000001,1861.36317220654
42.8820000000001,1863.71934303903
42.883,1865.48435953889
42.884,1868.26515979267
42.8850000000002,1872.06542970567
42.8860000000002,1876.71229132457
42.8870000000002,1881.89095665476
42.8880000000001,1886.41893654078
42.8890000000001,1889.3739591907
42.8900000000001,1891.92887116462
42.8910000000001,1893.83325883307
42.8920000000001,1894.81085751827
42.893,1894.57701507879
42.894,1892.03838141403
42.8950000000002,1886.53164548406
42.8960000000002,1879.51912664891
42.8970000000002,1871.11855231061
42.8980000000001,1861.49216256856
42.8990000000001,1850.86155160216
42.9000000000001,1838.59769029691
42.9010000000001,1824.61357388012
42.902,1811.03901937686
42.903,1798.53656215726
42.9040000000002,1787.6420858896
42.9050000000002,1778.68425898639
42.9060000000002,1770.59473671275
42.9070000000002,1762.61031238032
42.9080000000001,1756.33467096043
42.9090000000001,1751.59162208952
42.9100000000001,1748.03193852266
42.9110000000001,1745.13877637029
42.912,1740.8694695011
42.913,1733.82982811703
42.9140000000002,1725.71197283512
42.9150000000002,1716.58351139008
42.9160000000002,1706.64097225697
42.9170000000001,1696.12522972917
42.9180000000001,1683.90582832702
42.9190000000001,1669.61331985662
42.9200000000001,1655.47098447505
42.921,1642.05442842692
42.922,1629.91484461923
42.923,1619.54427206581
42.9240000000002,1610.48589670212
42.9250000000002,1602.97371801449
42.9260000000002,1598.35033537056
42.9270000000001,1596.58085698082
42.9280000000001,1597.38502051945
42.9290000000001,1600.3111910973
42.9300000000001,1604.31996726148
42.931,1609.13379206123
42.932,1614.85750465507
42.9330000000002,1620.73545412325
42.9340000000002,1625.98871915955
42.9350000000002,1629.9511849264
42.9360000000001,1631.70181396506
42.9370000000001,1631.45045054552
42.9380000000001,1629.96435319818
42.9390000000001,1627.41318224614
42.9400000000001,1624.08158831155
42.941,1620.39869372962
42.942,1616.17870761615
42.9430000000002,1612.35956578285
42.9440000000002,1610.58953120478
42.9450000000002,1611.39405088404
42.9460000000001,1614.99247320054
42.9470000000001,1621.28334888228
42.9480000000001,1628.76553559751
42.9490000000001,1637.09985621297
42.95,1647.22512691079
42.951,1659.11196524983
42.9520000000002,1673.06155486994
42.9530000000002,1689.8121097661
42.9540000000002,1709.32053783608
42.9550000000002,1733.39527415021
42.9560000000001,1765.35071294165
42.9570000000001,1807.30287244708
42.9580000000001,1861.06673845101
42.9590000000001,1927.92247877548
42.96,2007.28792704844
42.961,2099.32113726854
42.9620000000002,2204.52552995766
42.9630000000002,2321.72535025184
42.9640000000002,2449.23026106375
42.9650000000001,2584.90048343929
42.9660000000001,2724.96324613889
42.9670000000001,2866.56039909776
42.9680000000001,3006.92451730384
42.9690000000001,3141.22614095787
42.97,3263.40702127404
42.971,3366.21303490226
42.9720000000002,3440.27466244692
42.9730000000002,3477.53486558962
42.9740000000002,3471.32159953148
42.9750000000001,3415.47438030334
42.9760000000001,3306.27559351513
42.9770000000001,3143.23562740761
42.9780000000001,2928.29553840411
42.979,2668.78817499785
42.98,2376.04433662641
42.9810000000002,2062.72924297264
42.9820000000002,1742.52952191116
42.9830000000002,1428.78998715204
42.9840000000002,1131.99655706143
42.9850000000001,861.822042087171
42.9860000000001,625.538683693663
42.9870000000001,426.363749524468
42.9880000000001,264.707428401564
42.989,138.875816888427
42.99,44.6748043664591
42.9910000000002,-20.5641976094013
42.9920000000002,-58.4752557434155
42.9930000000002,-70.6712829813995
42.9940000000001,-57.7882419420648
42.9950000000001,-19.6955535084866
42.9960000000001,42.7452452581078
42.9970000000001,130.389609159078
42.998,243.809724483744
42.999,381.499976619667
43,540.424288510156
43.0010000000002,715.970054693837
43.0020000000002,900.798011575199
43.0030000000002,1088.62531713193
43.0040000000001,1273.13918607779
43.0050000000001,1447.36470285124
43.0060000000001,1605.00699068666
43.0070000000001,1740.915070076
43.008,1850.02266543221
43.009,1931.11248502583
43.0100000000002,1985.02408773828
43.0110000000002,2013.40340589267
43.0120000000002,2019.19985437275
43.0130000000001,2006.29290608887
43.0140000000001,1977.62092873521
43.0150000000001,1938.56955419394
43.0160000000001,1894.52621663971
43.0170000000001,1849.59110454878
43.018,1807.1341961897
43.019,1769.68160133253
43.0200000000002,1737.30930762793
43.0210000000002,1711.93493634469
43.0220000000002,1694.8554270961
43.0230000000001,1685.97750629952
43.0240000000001,1684.73266863254
43.0250000000001,1690.18239675465
43.0260000000001,1699.23207562057
43.027,1711.91902872839
43.028,1727.94433120462
43.0290000000002,1745.97560347645
43.0300000000002,1764.67004961707
43.0310000000002,1782.78496867561
43.0320000000002,1797.07027127686
43.0330000000001,1808.63316307128
43.0340000000001,1818.28922431841
43.0350000000001,1825.9513117845
43.0360000000001,1831.68021011578
43.037,1835.68261808111
43.038,1836.1433269585
43.0390000000002,1835.25495388678
43.0400000000002,1834.57998863698
43.0410000000002,1834.54084255793
43.0420000000001,1835.33174038459
43.0430000000001,1836.94100521774
43.0440000000001,1837.65201179914
43.0450000000001,1838.19559180798
43.046,1839.12739528185
43.047,1840.39965369505
43.048,1841.88080643896
43.0490000000002,1843.32229089471
43.0500000000002,1843.22767628746
43.0510000000002,1841.66033676774
43.0520000000001,1839.02160471861
43.0530000000001,1835.61893985238
43.0540000000001,1831.93168071243
43.0550000000001,1828.5097615131
43.056,1824.72686909441
43.057,1821.50167532737
43.0580000000002,1819.90585224072
43.0590000000002,1820.65282313838
43.0600000000002,1824.23292596014
43.0610000000001,1830.75842616678
43.0620000000001,1838.39022560262
43.0630000000001,1847.32583170927
43.0640000000001,1857.32761002517
43.0650000000001,1867.65844669493
43.066,1877.58038130142
43.067,1886.42385167316
43.0680000000002,1891.71500380269
43.0690000000002,1894.71189966761
43.0700000000002,1896.21572274566
43.0710000000001,1896.69006646362
43.0720000000001,1896.71045677204
43.0730000000001,1896.85109764188
43.0740000000001,1895.4943166785
43.075,1894.74961673176
43.076,1895.61749436217
43.0770000000002,1898.31443450468
43.0780000000002,1902.80630539999
43.0790000000002,1908.83219900254
43.0800000000002,1913.90595312464
43.0810000000001,1919.2783712476
43.0820000000001,1925.30640340478
43.0830000000001,1931.90861799189
43.0840000000001,1939.02114958765
43.085,1946.5553361219
43.086,1952.28577460366
43.0870000000002,1957.81098825681
43.0880000000002,1963.70643393381
43.0890000000002,1970.05925057146
43.0900000000001,1976.86943510241
43.0910000000001,1984.02087581691
43.0920000000001,1989.12523550923
43.0930000000001,1993.81553929086
43.0940000000001,1998.55437718643
43.095,2003.37841535856
43.096,2008.29304228443
43.0970000000002,2013.24853726401
43.0980000000002,2015.90184780576
43.0990000000002,2018.17666999487
43.1000000000001,2020.71094870962
43.1010000000001,2023.75642597956
43.1020000000001,2027.5284820835
43.1030000000001,2032.16404586673
43.104,2035.40186622206
43.105,2039.34091100456
43.1060000000002,2044.58748266314
43.1070000000002,2051.29256985414
43.1080000000002,2059.45818103271
43.1090000000002,2068.90024570422
43.1100000000001,2076.90507560834
43.1110000000001,2085.2186617827
43.1120000000001,2093.9880704293
43.1130000000001,2103.01868521123
43.114,2112.09976855259
43.115,2121.00482596434
43.1160000000002,2127.11720431208
43.1170000000002,2132.57009841817
43.1180000000002,2137.90980471628
43.1190000000001,2143.43712078106
43.1200000000001,2149.41993916979
43.1210000000001,2156.02223041541
43.1220000000001,2160.82160624169
43.123,2166.13065678809
43.124,2172.38611468758
43.125,2179.68323572607
43.1260000000002,2188.00129498898
43.1270000000002,2197.18919391068
43.1280000000002,2204.46994242575
43.1290000000001,2212.0625659765
43.1300000000001,2220.23816081585
43.1310000000001,2229.04546075579
43.1320000000001,2238.48481597233
43.133,2248.46353168269
43.134,2256.20036796341
43.1350000000002,2264.05198618232
43.1360000000002,2272.23782742099
43.1370000000002,2280.72975178802
43.1380000000001,2289.39558674479
43.1390000000001,2297.97634451617
43.1400000000001,2303.44503218322
43.1410000000001,2308.15941403414
43.1420000000001,2312.27568329522
43.143,2315.85230752405
43.144,2318.96756145119
43.1450000000002,2321.68795464588
43.1460000000002,2321.30524877635
43.1470000000002,2320.78281757753
43.1480000000001,2320.7043794411
43.1490000000001,2321.52935240254
43.1500000000001,2323.61933502453
43.1510000000001,2327.16475654596
43.152,2329.28557932971
43.153,2332.87055620877
43.1540000000002,2338.08599732509
43.1550000000002,2344.89604690375
43.1560000000002,2353.10158588862
43.1570000000002,2362.32440074523
43.1580000000001,2369.06481871312
43.1590000000001,2375.94835120973
43.1600000000001,2382.84127509213
43.1610000000001,2389.61349528795
43.162,2396.1385477071
43.163,2402.22018305434
43.1640000000002,2404.76136322381
43.1650000000002,2406.81710159051
43.1660000000002,2408.73082188276
43.1670000000001,2410.84198822514
43.1680000000001,2413.44126326936
43.1690000000001,2416.61449979107
43.1700000000001,2417.51696048143
43.171,2419.28219285501
43.172,2422.17945713696
43.173,2426.33376588789
43.1740000000002,2431.70198425137
43.1750000000002,2437.90611416645
43.1760000000002,2441.69543263374
43.1770000000001,2445.77722229589
43.1780000000001,2450.05179738224
43.1790000000001,2454.39461366723
43.1800000000001,2458.67308086415
43.181,2462.55879997924
43.182,2463.19276378808
43.1830000000002,2463.64982004856
43.1840000000002,2464.32769571017
43.1850000000002,2465.62471762386
43.1860000000001,2467.89115595558
43.1870000000001,2471.13652004962
43.1880000000001,2472.82986054811
43.1890000000001,2476.06461356049
43.1900000000001,2481.07995854103
43.191,2487.93111061878
43.192,2496.48275220677
43.1930000000002,2506.13070058109
43.1940000000002,2513.82816122034
43.1950000000002,2522.18231734819
43.1960000000001,2531.07656059656
43.1970000000001,2540.39995379375
43.1980000000001,2550.06594103207
43.1990000000001,2559.68024023556
43.2,2566.70174026939
43.201,2574.25020413454
43.2020000000002,2582.73767449874
43.2030000000002,2592.50007121496
43.2040000000002,2603.74149889394
43.2050000000002,2616.10803663527
43.2060000000001,2627.01714842304
43.2070000000001,2639.22696329277
43.2080000000001,2652.66883681283
43.2090000000001,2667.12671763821
43.21,2682.26604186755
43.211,2697.23727158546
43.2120000000002,2709.23304370699
43.2130000000002,2720.8554616412
43.2140000000002,2732.07345684673
43.2150000000001,2742.84283071774
43.2160000000001,2753.08921770311
43.2170000000001,2762.21859588686
43.2180000000001,2767.82439719187
43.2190000000001,2772.79196376439
43.22,2777.38680347054
43.221,2781.86865277797
43.2220000000002,2786.48889447896
43.2230000000002,2790.95160459762
43.2240000000002,2793.27776047864
43.2250000000001,2796.6197410614
43.2260000000001,2801.38778936886
43.2270000000001,2807.76976954874
43.2280000000001,2815.66924253133
43.229,2824.09901716881
43.23,2830.26438509061
43.2310000000002,2836.2291460411
43.2320000000002,2841.32976734881
43.2330000000002,2844.84541565417
43.2340000000002,2846.11187998313
43.2350000000001,2844.00220809341
43.2360000000001,2836.26001871015
43.2370000000001,2825.93387729723
43.2380000000001,2813.78858369397
43.239,2800.77309517847
43.24,2787.90318591328
43.2410000000002,2775.45547434745
43.2420000000002,2762.28882248603
43.2430000000002,2751.88156878044
43.2440000000001,2744.84327486392
43.2450000000001,2741.40190812545
43.2460000000001,2741.41156971018
43.2470000000001,2743.67158982241
43.248,2745.62644548601
43.249,2749.33398036976
43.25,2754.2536305738
43.2510000000002,2759.78792566099
43.2520000000002,2765.32168216443
43.2530000000002,2769.47951641907
43.2540000000001,2769.98580160472
43.2550000000001,2769.33437846217
43.2560000000001,2767.65582417585
43.2570000000001,2765.18964232781
43.258,2762.26980237348
43.259,2758.46122841596
43.2600000000002,2752.53655618687
43.2610000000002,2747.78445855722
43.2620000000002,2744.88513213763
43.2630000000001,2744.27237016242
43.2640000000001,2746.06119568628
43.2650000000001,2749.13414247925
43.2660000000001,2751.39762150062
43.2670000000001,2754.92407814383
43.268,2759.17472243355
43.269,2763.54390021915
43.2700000000002,2767.47359427292
43.2710000000002,2769.604980093
43.2720000000002,2768.28087245171
43.2730000000001,2766.34718030537
43.2740000000001,2764.31584193653
43.2750000000001,2762.68689663883
43.2760000000001,2761.84184167909
43.277,2760.95758131571
43.278,2758.63348866762
43.2790000000002,2757.45266462494
43.2800000000002,2757.35814849312
43.2810000000002,2758.15172819926
43.2820000000002,2759.59229084294
43.2830000000001,2760.42975153415
43.2840000000001,2759.33389453911
43.2850000000001,2759.13872664526
43.2860000000001,2760.28450830973
43.287,2763.10214608847
43.288,2767.71506616387
43.2890000000002,2772.86346296931
43.2900000000002,2776.97212462213
43.2910000000002,2782.12263414969
43.2920000000001,2787.81838062472
43.2930000000001,2793.45246275152
43.2940000000001,2798.44884972542
43.2950000000001,2801.22823896342
43.296,2800.5896016194
43.297,2799.37402593618
43.298,2798.24028344322
43.2990000000002,2797.85945169005
43.3000000000002,2798.77800905202
43.3010000000002,2800.09523814388
43.3020000000001,2800.86495389483
43.3030000000001,2803.43095725569
43.3040000000001,2807.54955404033
43.3050000000001,2812.72129336192
43.306,2818.31699682039
43.307,2822.46516174939
43.3080000000002,2823.83023779379
43.3090000000002,2824.73242366816
43.3100000000002,2825.43388464136
43.3110000000001,2826.25297791423
43.3120000000001,2827.46252449561
43.3130000000001,2827.88351749354
43.3140000000001,2826.69800842897
43.3150000000001,2826.19810250676
43.316,2826.25017816362
43.317,2826.50884919479
43.3180000000002,2826.51028431356
43.3190000000002,2824.42829932858
43.3200000000002,2819.26098461618
43.3210000000001,2813.37469326142
43.3220000000001,2807.16396301608
43.3230000000001,2801.11569683514
43.3240000000001,2795.73179454067
43.325,2790.04894747507
43.326,2783.83186436027
43.3270000000002,2779.66064488684
43.3280000000002,2777.78521112444
43.3290000000002,2778.16532549749
43.3300000000002,2780.49943764072
43.3310000000001,2782.84623729272
43.3320000000001,2784.17658194975
43.3330000000001,2786.26427068757
43.3340000000001,2788.83543049379
43.335,2791.59610559248
43.336,2794.24736964018
43.3370000000002,2795.03181348019
43.3380000000002,2793.39119407747
43.3390000000002,2791.44181166867
43.3400000000001,2789.34221690721
43.3410000000001,2787.22008769472
43.3420000000001,2785.17451625393
43.3430000000001,2781.7976039288
43.3440000000001,2776.98886022473
43.345,2773.06060742528
43.346,2770.3609631726
43.3470000000002,2769.10367828579
43.3480000000002,2769.35038616769
43.3490000000002,2769.49639917333
43.3500000000001,2769.26811663167
43.3510000000001,2770.52220775899
43.3520000000001,2773.16501188644
43.3530000000001,2776.98302053198
43.354,2781.68521189285
43.355,2785.40039906134
43.3560000000002,2787.87779794252
43.3570000000002,2790.94352080769
43.3580000000002,2794.61591452546
43.3590000000002,2798.8417688688
43.3600000000001,2803.49652967011
43.3610000000001,2806.81764769659
43.3620000000001,2808.76088434807
43.3630000000001,2811.15410007899
43.364,2814.0568665246
43.365,2817.46777395754
43.3660000000002,2821.34648593035
43.3670000000002,2824.00593662455
43.3680000000002,2825.65101870849
43.3690000000001,2828.19277934365
43.3700000000001,2831.74583736352
43.3710000000001,2836.24732605935
43.3720000000001,2841.44922787419
43.373,2845.28558386562
43.374,2847.60904144151
43.375,2849.7663784306
43.3760000000002,2851.42778024408
43.3770000000002,2852.25342161864
43.3780000000002,2851.97289311113
43.3790000000001,2848.76392626885
43.3800000000001,2843.14026876449
43.3810000000001,2837.1571759851
43.3820000000001,2831.32496681985
43.383,2826.06743950723
43.384,2821.65073854226
43.3850000000002,2816.39076072522
43.3860000000002,2810.68952144249
43.3870000000002,2806.01763545597
43.3880000000001,2802.08034315278
43.3890000000001,2798.37958087663
43.3900000000001,2794.30819406586
43.3910000000001,2787.37244967502
43.3920000000001,2777.71033676401
43.393,2766.90148547558
43.394,2755.12590700233
43.3950000000002,2742.63609944048
43.3960000000002,2729.6977268989
43.3970000000002,2714.36255897669
43.3980000000001,2697.51507691689
43.3990000000001,2681.37313020438
43.4000000000001,2666.41609599363
43.4010000000001,2652.93881675985
43.402,2641.00826412941
43.403,2627.96949498919
43.4040000000002,2614.28669736116
43.4050000000002,2601.84531284991
43.4060000000002,2590.76143160482
43.4070000000002,2581.03856064475
43.4080000000001,2572.51313428103
43.4090000000001,2562.44737975508
43.4100000000001,2551.27513189752
43.4110000000001,2540.55156852425
43.412,2530.27779346431
43.413,2520.49745554374
43.4140000000002,2511.31985575987
43.4150000000002,2501.40013745257
43.4160000000002,2491.95907173831
43.4170000000001,2484.31452692076
43.4180000000001,2478.49290611939
43.4190000000001,2474.31358424417
43.4200000000001,2471.47732685896
43.421,2468.67474495223
43.422,2466.6551906935
43.423,2465.69673207864
43.4240000000002,2465.08871913893
43.4250000000002,2463.99719100095
43.4260000000002,2461.63058519062
43.4270000000001,2456.29477882984
43.4280000000001,2448.84207769805
43.4290000000001,2439.98898727356
43.4300000000001,2429.81664137897
43.431,2418.61582248943
43.432,2406.95280721271
43.4330000000002,2393.96628925367
43.4340000000002,2382.00368558691
43.4350000000002,2373.27087924436
43.4360000000001,2368.64711798742
43.4370000000001,2368.49843815174
43.4380000000001,2372.60618552625
43.4390000000001,2378.10237021021
43.4400000000001,2385.38868436222
43.441,2394.80730678556
43.442,2405.85178731267
43.4430000000002,2418.57434409619
43.4440000000002,2433.79215532399
43.4450000000002,2451.00719118862
43.4460000000001,2473.94498782998
43.4470000000001,2506.31262689235
43.4480000000001,2550.38737522806
43.4490000000001,2607.55307432389
43.45,2677.98632991681
43.451,2758.59224895204
43.4520000000002,2848.83703597826
43.4530000000002,2947.22521171409
43.4540000000002,3051.25437831039
43.4550000000002,3158.89539160909
43.4560000000001,3268.93216640716
43.4570000000001,3378.9249326133
43.4580000000001,3490.40906317215
43.4590000000001,3603.91724254262
43.46,3717.5229238293
43.461,3826.80782341063
43.4620000000002,3924.3551742102
43.4630000000002,3997.81927956274
43.4640000000002,4036.50238508735
43.4650000000001,4028.5117087312
43.4660000000001,3962.37836584515
43.4670000000001,3829.90995941264
43.4680000000001,3627.9506077681
43.4690000000001,3357.43437683448
43.47,3029.39023899771
43.471,2659.62353031297
43.4720000000002,2266.85440667411
43.4730000000002,1871.19685934613
43.4740000000002,1491.74853089084
43.4750000000001,1142.44448801568
43.4760000000001,836.516018313304
43.4770000000001,581.321862204253
43.4780000000001,378.736614866747
43.479,226.970225031771
43.48,122.114416416584
43.4810000000002,57.6938719559972
43.4820000000002,31.8350292633154
43.4830000000002,43.1589292360899
43.4840000000002,90.9596304358893
43.4850000000001,175.256987252565
43.4860000000001,295.826678495148
43.4870000000001,449.130823816002
43.4880000000001,633.394404221378
43.489,843.256808946225
43.49,1070.25902541755
43.4910000000002,1304.11213000232
43.4920000000002,1533.75811364911
43.4930000000002,1746.57029339207
43.4940000000001,1935.46452480868
43.4950000000001,2094.66268329135
43.4960000000001,2220.60417954697
43.4970000000001,2312.48289149739
43.498,2371.87064178902
43.499,2400.04118940883
43.5,2403.40501372633
43.5010000000002,2387.57242917081
43.5020000000002,2357.48616192925
43.5030000000002,2317.62597197395
43.5040000000001,2271.88407289797
43.5050000000001,2221.45468289261
43.5060000000001,2171.2400723509
43.5070000000001,2124.30035190819
43.508,2082.67621706451
43.509,2047.84503328505
43.5100000000002,2020.68081795313
43.5110000000002,1999.19312007505
43.5120000000002,1985.36008574654
43.5130000000001,1978.97762376689
43.5140000000001,1978.86139654789
43.5150000000001,1983.51034459273
43.5160000000001,1991.32191351336
43.5170000000001,1998.27871401009
43.518,2005.89389919817
43.519,2013.84155095295
43.5200000000002,2021.4525528832
43.5210000000002,2028.2132268269
43.5220000000002,2033.7677627583
43.5230000000001,2035.07359656534
43.5240000000001,2035.36938935231
43.5250000000001,2035.31158618045
43.5260000000001,2034.93045184494
43.527,2034.18915355626
43.528,2033.04921703643
43.5290000000002,2028.77291945188
43.5300000000002,2024.54763598879
43.5310000000002,2020.94443198773
43.5320000000002,2017.85861388638
43.5330000000001,2014.95155121215
43.5340000000001,2011.71744583914
43.5350000000001,2005.73581886763
43.5360000000001,1998.23146108057
43.537,1989.26543352489
43.538,1978.81210918956
43.5390000000002,1966.95756965711
43.5400000000002,1953.87130239031
43.5410000000002,1938.49862125577
43.5420000000001,1922.10534528083
43.5430000000001,1905.60946023458
43.5440000000001,1889.96404779372
43.5450000000001,1876.11628408042
43.546,1864.84879052811
43.547,1855.23987357622
43.548,1848.63567573366
43.5490000000002,1845.40684647676
43.5500000000002,1845.592275608
43.5510000000002,1848.95156847177
43.5520000000001,1854.93388371788
43.5530000000001,1860.70319390995
43.5540000000001,1867.35108523576
43.5550000000001,1874.24479457494
43.556,1880.66072686558
43.557,1886.00274928154
43.5580000000002,1889.8483775031
43.5590000000002,1889.58323553045
43.5600000000002,1887.92264587235
43.5610000000001,1885.34463137839
43.5620000000001,1882.18800776522
43.5630000000001,1878.72376750529
43.5640000000001,1875.1071752567
43.5650000000001,1868.99363388123
43.566,1863.04108955559
43.567,1857.42708113806
43.5680000000002,1852.13295321717
43.5690000000002,1847.09551728145
43.5700000000002,1842.26380213837
43.5710000000001,1835.33669292937
43.5720000000001,1829.07893926255
43.5730000000001,1824.01924826233
43.5740000000001,1820.61707986493
43.575,1819.2340650877
43.576,1820.05227460414
43.5770000000002,1820.71394947896
43.5780000000002,1823.63138040046
43.5790000000002,1828.61558900726
43.5800000000002,1835.25613701876
43.5810000000001,1843.00323462082
43.5820000000001,1851.20507593972
43.5830000000001,1857.01142952984
43.5840000000001,1862.56892993045
43.585,1867.74117000352
43.586,1872.42196917826
43.5870000000002,1876.52028550045
43.5880000000002,1879.85264335576
43.5890000000002,1880.08139329919
43.5900000000001,1879.68481858883
43.5910000000001,1878.77975320043
43.5920000000001,1877.45130232451
43.5930000000001,1875.80085151986
43.5940000000001,1873.86406146036
43.595,1869.72849726264
43.596,1866.23667978659
43.5970000000002,1863.92331682785
43.5980000000002,1863.19334275463
43.5990000000002,1864.25824470804
43.6000000000001,1866.93773806855
43.6010000000001,1868.921110273
43.6020000000001,1872.17579912606
43.6030000000001,1876.28594695141
43.604,1880.71321560895
43.605,1884.91048148616
43.6060000000002,1888.24430549022
43.6070000000002,1888.5208324766
43.6080000000002,1887.99203107408
43.6090000000002,1886.95531527935
43.6100000000001,1885.74358792841
43.6110000000001,1884.64615079738
43.6120000000001,1883.62857935
43.6130000000001,1880.90182753424
43.614,1878.63373717251
43.615,1876.81742821775
43.6160000000002,1875.35238302188
43.6170000000002,1874.13655115506
43.6180000000002,1872.90452599456
43.6190000000001,1870.01098972612
43.6200000000001,1867.98439824138
43.6210000000001,1867.36690713029
43.6220000000001,1868.62094124734
43.623,1872.02505048576
43.624,1877.30717657119
43.625,1882.45979919143
43.6260000000002,1889.08220088945
43.6270000000002,1896.48592705701
43.6280000000002,1903.76964712711
43.6290000000001,1909.97336379852
43.6300000000001,1913.93487154067
43.6310000000001,1913.42506947718
43.6320000000001,1910.39332177779
43.633,1905.18208977485
43.634,1898.40570127747
43.6350000000002,1890.85718011649
43.6360000000002,1883.04472871431
43.6370000000002,1874.17938244343
43.6380000000001,1867.04365853903
43.6390000000001,1862.22591009962
43.6400000000001,1859.97490744645
43.6410000000001,1860.21339516902
43.6420000000001,1862.2124519517
43.643,1863.90306525188
43.644,1866.84160186041
43.6450000000002,1870.61699371091
43.6460000000002,1874.8014623594
43.6470000000002,1878.98758645955
43.6480000000001,1882.38713263514
43.6490000000001,1883.18702146663
43.6500000000001,1883.36204803589
43.6510000000001,1882.99280239666
43.652,1882.16343321575
43.653,1880.94955045686
43.6540000000002,1878.94862762632
43.6550000000002,1874.74659592439
43.6560000000002,1870.52519313635
43.6570000000002,1866.48792564817
43.6580000000001,1862.72252443322
43.6590000000001,1859.1929735012
43.6600000000001,1855.26192799049
43.6610000000001,1849.34302474954
43.662,1843.30332030774
43.663,1837.14184641026
43.6640000000002,1830.86454302406
43.6650000000002,1824.51751167482
43.6660000000002,1817.68647780852
43.6670000000001,1809.26456285717
43.6680000000001,1801.56041763082
43.6690000000001,1795.02253430166
43.6700000000001,1789.98687618127
43.671,1786.62719047639
43.672,1784.37915633226
43.673,1781.85093080867
43.6740000000002,1780.72340502107
43.6750000000002,1780.75678170888
43.6760000000002,1781.61315686313
43.6770000000001,1782.93115658081
43.6780000000001,1783.82064909914
43.6790000000001,1782.96296249921
43.6800000000001,1782.28517851874
43.681,1782.0623171774
43.682,1782.59149408216
43.6830000000002,1784.13439112435
43.6840000000002,1786.25100774602
43.6850000000002,1787.93819991131
43.6860000000001,1791.05368214037
43.6870000000001,1795.5591342699
43.6880000000001,1801.23200651269
43.6890000000001,1807.71546672584
43.6900000000001,1813.94523417417
43.691,1818.55183493249
43.692,1823.1412526258
43.6930000000002,1827.71168752766
43.6940000000002,1832.33395613188
43.6950000000002,1837.14934083852
43.6960000000001,1841.68648145122
43.6970000000001,1845.28653955046
43.6980000000001,1850.03597164391
43.6990000000001,1856.29182559871
43.7,1864.25001178564
43.701,1873.9207574496
43.7020000000002,1884.43245068293
43.7030000000002,1894.62738156907
43.7040000000002,1905.84365396614
43.7050000000002,1917.6853794755
43.7060000000001,1929.62837594631
43.7070000000001,1941.07236612787
43.7080000000001,1950.67313877393
43.7090000000001,1957.12763841666
43.71,1961.80359564466
43.711,1964.61127968135
43.7120000000002,1965.57084728951
43.7130000000002,1964.81628455222
43.7140000000002,1961.82222375932
43.7150000000001,1956.23041287538
43.7160000000001,1950.1831333595
43.7170000000001,1944.22927419837
43.7180000000001,1938.78494510478
43.7190000000001,1934.09210597676
43.72,1929.40992326491
43.721,1924.00221160898
43.7220000000002,1919.34919530834
43.7230000000002,1915.29706666775
43.7240000000002,1911.58986464737
43.7250000000001,1907.93071372057
43.7260000000001,1903.22945416996
43.7270000000001,1896.75128415786
43.7280000000001,1890.12494947212
43.729,1883.62205362284
43.73,1877.56430244791
43.7310000000002,1872.28296490864
43.7320000000002,1867.23271314983
43.7330000000002,1862.15060006447
43.7340000000002,1858.77815969621
43.7350000000001,1857.26390927129
43.7360000000001,1857.52134089326
43.7370000000001,1859.23157990044
43.7380000000001,1861.01545443688
43.739,1861.83094435097
43.74,1862.60917056787
43.7410000000002,1862.92715745515
43.7420000000002,1862.42348278537
43.7430000000002,1860.85194264
43.7440000000001,1857.22052415235
43.7450000000001,1851.25734727109
43.7460000000001,1844.73806296871
43.7470000000001,1838.15281371759
43.748,1831.94684504272
43.749,1826.45151286134
43.75,1820.90505325215
43.7510000000002,1815.04788262883
43.7520000000002,1810.30421957113
43.7530000000002,1806.6396225794
43.7540000000001,1803.91133752723
43.7550000000001,1801.92691709804
43.7560000000001,1799.53069620814
43.7570000000001,1796.39745758268
43.758,1794.00300825709
43.759,1792.53869499768
43.7600000000002,1792.14657103087
43.7610000000002,1792.87356516104
43.7620000000002,1793.6343963143
43.7630000000001,1794.10684699162
43.7640000000001,1795.4874727591
43.7650000000001,1797.58030508387
43.7660000000001,1800.1068074732
43.7670000000001,1802.76875391548
43.768,1804.2581282938
43.769,1804.37961248304
43.7700000000002,1804.58381254298
43.7710000000002,1805.09184228722
43.7720000000002,1806.10251847183
43.7730000000001,1807.74374544528
43.7740000000001,1808.94361991425
43.7750000000001,1809.63647357032
43.7760000000001,1811.08070721497
43.777,1813.1442581952
43.778,1815.57598819592
43.7790000000002,1818.06769255974
43.7800000000002,1819.20337187894
43.7810000000002,1818.85617177796
43.7820000000002,1818.34510861774
43.7830000000001,1817.83387217132
43.7840000000001,1817.48394845562
43.7850000000001,1817.41144862206
43.7860000000001,1816.50350160865
43.787,1814.85527069846
43.788,1813.70517346029
43.7890000000002,1812.99170351434
43.7900000000002,1812.53067227124
43.7910000000002,1812.06331706101
43.7920000000001,1810.14621453865
43.7930000000001,1806.77891172433
43.7940000000001,1803.20370978116
43.7950000000001,1799.60760133494
43.796,1796.21227209879
43.797,1793.24255946302
43.798,1789.69663506374
43.7990000000002,1786.00231694065
43.8000000000002,1783.55114249951
43.8010000000002,1782.51258176354
43.8020000000001,1782.89283332772
43.8030000000001,1784.54191581734
43.8040000000001,1785.94324261508
43.8050000000001,1787.09004284045
43.806,1788.89353502184
43.807,1791.15856003672
43.8080000000002,1793.64607619142
43.8090000000002,1796.08766325258
43.8100000000002,1796.94590818717
43.8110000000001,1796.37329624796
43.8120000000001,1795.42127582702
43.8130000000001,1794.14206098458
43.8140000000001,1792.58945003835
43.8150000000001,1790.81469266371
43.816,1787.6051915003
43.817,1783.48666911052
43.8180000000002,1779.71374057465
43.8190000000002,1776.52116055725
43.8200000000002,1774.05334187347
43.8210000000001,1772.35100547931
43.8220000000001,1770.08196208848
43.8230000000001,1767.65671617033
43.8240000000001,1766.06070794663
43.825,1765.29983755242
43.826,1765.32958210215
43.8270000000002,1766.0709288008
43.8280000000002,1766.14060492492
43.8290000000002,1766.04614016793
43.8300000000002,1766.78472687754
43.8310000000001,1768.40386143922
43.8320000000001,1770.85481210848
43.8330000000001,1773.98629270651
43.8340000000001,1776.27426885844
43.835,1778.10448295599
43.836,1780.22267469124
43.8370000000002,1782.51473095975
43.8380000000002,1784.87025304365
43.8390000000002,1787.21291819898
43.8400000000001,1788.21899372701
43.8410000000001,1788.66824596383
43.8420000000001,1789.6364134763
43.8430000000001,1791.32940159976
43.8440000000001,1793.8279386617
43.845,1797.05450469858
43.846,1799.45689230077
43.8470000000002,1801.46711394915
43.8480000000002,1803.59205710872
43.8490000000002,1805.50198272339
43.8500000000001,1806.86736212579
43.8510000000001,1807.44226062028
43.8520000000001,1805.81048746761
43.8530000000001,1802.94057522284
43.854,1800.0487699743
43.855,1797.70212079329
43.8560000000002,1796.4570625446
43.8570000000002,1796.76906786037
43.8580000000002,1797.57773864982
43.8590000000002,1799.83530018686
43.8600000000001,1804.19319826401
43.8610000000001,1810.29403567
43.8620000000001,1817.50241055774
43.8630000000001,1824.99306503255
43.864,1830.50503532185
43.865,1834.16046386385
43.8660000000002,1836.11052704488
43.8670000000002,1836.00852587698
43.8680000000002,1833.69974158482
43.8690000000001,1829.22975053455
43.8700000000001,1821.42533964292
43.8710000000001,1811.71343945204
43.8720000000001,1801.40922255824
43.873,1791.16185507236
43.874,1781.51866674511
43.875,1772.87280419609
43.8760000000002,1763.89269722577
43.8770000000002,1755.73595106639
43.8780000000002,1749.12450933898
43.8790000000001,1743.91497852613
43.8800000000001,1739.74441249711
43.8810000000001,1736.06164185706
43.8820000000001,1730.28875347589
43.883,1723.0564137271
43.884,1714.87153956295
43.8850000000002,1705.6886081684
43.8860000000002,1695.60432241495
43.8870000000002,1684.81092752181
43.8880000000001,1671.16395033924
43.8890000000001,1656.49797198955
43.8900000000001,1642.45378919842
43.8910000000001,1629.85469272726
43.8920000000001,1619.33616725141
43.893,1611.19010918902
43.894,1603.18389780555
43.8950000000002,1596.28808717399
43.8960000000002,1590.74935391337
43.8970000000002,1586.01073140865
43.8980000000001,1581.51277241785
43.8990000000001,1576.81893782535
43.9000000000001,1570.57583836772
43.9010000000001,1563.92429295372
43.902,1557.43615209126
43.903,1551.2823912919
43.9040000000002,1545.57298447927
43.9050000000002,1540.33997851125
43.9060000000002,1534.8010262385
43.9070000000002,1529.86112963132
43.9080000000001,1525.52131591966
43.9090000000001,1521.38283640779
43.9100000000001,1517.06840159458
43.9110000000001,1512.36992837437
43.912,1506.61763729993
43.913,1501.1540322736
43.9140000000002,1496.57417136442
43.9150000000002,1493.12677475022
43.9160000000002,1490.91964528988
43.9170000000001,1489.91147812177
43.9180000000001,1489.14557429736
43.9190000000001,1489.43680672062
43.9200000000001,1490.59237869707
43.921,1492.06909679661
43.922,1493.38400659778
43.923,1494.28264214668
43.9240000000002,1493.42547608907
43.9250000000002,1492.8082310861
43.9260000000002,1493.74948071158
43.9270000000001,1497.38580272236
43.9280000000001,1504.86520573412
43.9290000000001,1517.21912346344
43.9300000000001,1533.50444335532
43.931,1556.13984752467
43.932,1586.33271612238
43.9330000000002,1624.94689525943
43.9340000000002,1673.00543355877
43.9350000000002,1731.79247197002
43.9360000000001,1801.18109223465
43.9370000000001,1884.55920523503
43.9380000000001,1983.97467214959
43.9390000000001,2100.5208819768
43.9400000000001,2234.12527336121
43.941,2383.04081100207
43.942,2541.86996726262
43.9430000000002,2706.18726468108
43.9440000000002,2868.13882063829
43.9450000000002,3017.73161781176
43.9460000000001,3143.78182546155
43.9470000000001,3234.85262285524
43.9480000000001,3278.74382534118
43.9490000000001,3268.5103239335
43.95,3198.87593382164
43.951,3067.99000642197
43.9520000000002,2878.08948441732
43.9530000000002,2635.54528877467
43.9540000000002,2348.88423642452
43.9550000000002,2033.04815655002
43.9560000000001,1703.66579068738
43.9570000000001,1376.85351112662
43.9580000000001,1068.03379019943
43.9590000000001,790.585294616429
43.96,553.041088735093
43.961,363.245921421294
43.9620000000002,223.134903845402
43.9630000000002,129.928571338614
43.9640000000002,76.8450033147104
43.9650000000001,54.1197762418013
43.9660000000001,48.7881463747081
43.9670000000001,51.324374662164
43.9680000000001,52.4313835881599
43.9690000000001,45.6628185898396
43.97,28.4928053005924
43.971,2.64064176421935
43.9720000000002,-27.8962673558353
43.9730000000002,-52.7613742998448
43.9740000000002,-61.6266728215127
43.9750000000001,-44.60696732358
43.9760000000001,6.1264562784427
43.9770000000001,94.9255932711065
43.9780000000001,220.150504197136
43.979,379.143776392343
43.98,563.71308212511
43.9810000000002,762.678914391236
43.9820000000002,963.473305006363
43.9830000000002,1153.77378535718
43.9840000000002,1321.31258767795
43.9850000000001,1460.26976484224
43.9860000000001,1566.62644197683
43.9870000000001,1639.70879362453
43.9880000000001,1681.75697515639
43.989,1697.08757590309
43.99,1689.39146126414
43.9910000000002,1666.28464479088
43.9920000000002,1633.1361571338
43.9930000000002,1594.31683189589
43.9940000000001,1553.11578568823
43.9950000000001,1511.85925926525
43.9960000000001,1470.3058557495
43.9970000000001,1431.93117950695
43.998,1398.02868663533
43.999,1369.75369261919
44,1348.09760651495
44.0010000000002,1333.714330347
44.0020000000002,1324.71369164719
44.0030000000002,1323.43583945989
44.0040000000001,1329.04707416227
44.0050000000001,1340.05175664867
44.0060000000001,1354.53782464817
44.0070000000001,1370.38643459842
44.008,1383.34172888436
44.009,1395.25474213412
44.0100000000002,1405.30319365993
44.0110000000002,1413.03424306053
44.0120000000002,1418.38105210575
44.0130000000001,1421.47510503369
44.0140000000001,1420.66944306486
44.0150000000001,1419.22431181344
44.0160000000001,1417.65003457606
44.0170000000001,1416.15569365368
44.018,1414.70062048763
44.019,1412.99957880353
44.0200000000002,1409.47500756601
44.0210000000002,1405.39015785715
44.0220000000002,1400.95667176382
44.0230000000001,1396.50185051113
44.0240000000001,1392.38757169252
44.0250000000001,1388.83715407454
44.0260000000001,1384.97273310336
44.027,1381.76772650305
44.028,1379.48129893262
44.0290000000002,1378.33150016568
44.0300000000002,1378.44309355311
44.0310000000002,1379.71024707866
44.0320000000002,1380.94291507177
44.0330000000001,1382.7448578607
44.0340000000001,1385.08290150534
44.0350000000001,1387.93196822785
44.0360000000001,1391.22650958736
44.037,1394.70877644467
44.038,1397.11189384515
44.0390000000002,1399.15465956477
44.0400000000002,1400.95009350169
44.0410000000002,1402.72068895167
44.0420000000001,1404.73241422599
44.0430000000001,1407.01119147537
44.0440000000001,1408.3463419343
44.0450000000001,1410.44962918146
44.046,1413.48562649797
44.047,1417.48734552849
44.048,1422.35443021334
44.0490000000002,1427.58805071065
44.0500000000002,1431.41690281489
44.0510000000002,1435.4764528508
44.0520000000001,1439.59048264131
44.0530000000001,1443.559539009
44.0540000000001,1447.20382884201
44.0550000000001,1450.10539725875
44.056,1450.85965173082
44.057,1451.32762759931
44.0580000000002,1451.77808326163
44.0590000000002,1452.44664658113
44.0600000000002,1453.49677459897
44.0610000000001,1454.69106437568
44.0620000000001,1454.73404783706
44.0630000000001,1455.23847726724
44.0640000000001,1456.27675351784
44.0650000000001,1457.87947973047
44.066,1460.0555327118
44.067,1462.47333097992
44.0680000000002,1463.91779816557
44.0690000000002,1466.13940517497
44.0700000000002,1469.37789010788
44.0710000000001,1473.80034880976
44.0720000000001,1479.4552210426
44.0730000000001,1485.87102876493
44.0740000000001,1491.60327777872
44.075,1498.00894701313
44.076,1504.84003360871
44.0770000000002,1511.7819238345
44.0780000000002,1518.50449947594
44.0790000000002,1524.31713158443
44.0800000000002,1527.8737087636
44.0810000000001,1530.7768357519
44.0820000000001,1533.24153731486
44.0830000000001,1535.51915962351
44.0840000000001,1537.84455745787
44.085,1539.96952064921
44.086,1540.90617198018
44.0870000000002,1542.30716068268
44.0880000000002,1544.29593773715
44.0890000000002,1546.90430384814
44.0900000000001,1550.09715324926
44.0910000000001,1553.36024234352
44.0920000000001,1555.61291609353
44.0930000000001,1558.44297618234
44.0940000000001,1562.04223231352
44.095,1566.56380172413
44.096,1572.07528476754
44.0970000000002,1578.04640773649
44.0980000000002,1583.3218555587
44.0990000000002,1589.17544995256
44.1000000000001,1595.36570412496
44.1010000000001,1601.54040014048
44.1020000000001,1607.28326385971
44.1030000000001,1611.67854865888
44.104,1613.48542916819
44.105,1614.05350622882
44.1060000000002,1613.51058384691
44.1070000000002,1612.10189871868
44.1080000000002,1610.15935611793
44.1090000000002,1607.53248193006
44.1100000000001,1603.76472828819
44.1110000000001,1600.75549740401
44.1120000000001,1598.95112218406
44.1130000000001,1598.63296095504
44.114,1599.8909847827
44.115,1602.06029263971
44.1160000000002,1604.08727917822
44.1170000000002,1607.18002645867
44.1180000000002,1611.1232346415
44.1190000000001,1615.65182255341
44.1200000000001,1620.48498410902
44.1210000000001,1624.75503831161
44.1220000000001,1627.48558473227
44.123,1630.10111531476
44.124,1632.7294129704
44.125,1635.49907140567
44.1260000000002,1638.5008722215
44.1270000000002,1641.11217656791
44.1280000000002,1642.55443162099
44.1290000000001,1644.29286851121
44.1300000000001,1646.37545724815
44.1310000000001,1648.76252299699
44.1320000000001,1651.33205033602
44.133,1653.20321941205
44.134,1653.4690863331
44.1350000000002,1653.53637327791
44.1360000000002,1653.47988397257
44.1370000000002,1653.37332458711
44.1380000000001,1653.26944179264
44.1390000000001,1652.441095464
44.1400000000001,1650.22241311403
44.1410000000001,1648.1988881671
44.1420000000001,1646.5650209137
44.143,1645.45731059731
44.144,1644.93823435897
44.1450000000002,1644.2116953242
44.1460000000002,1642.60660139855
44.1470000000002,1641.59693411903
44.1480000000001,1641.25847061264
44.1490000000001,1641.58286880562
44.1500000000001,1642.46098867937
44.1510000000001,1642.87111418664
44.152,1642.00202001249
44.153,1641.09691621238
44.1540000000002,1640.05676744319
44.1550000000002,1638.76132218957
44.1560000000002,1637.08437394301
44.1570000000002,1634.0817510896
44.1580000000001,1629.25143037299
44.1590000000001,1624.14567467235
44.1600000000001,1619.09110365776
44.1610000000001,1614.43707102317
44.162,1610.51975598376
44.163,1606.76850458286
44.1640000000002,1603.04556624689
44.1650000000002,1600.9962784219
44.1660000000002,1600.87976066045
44.1670000000001,1602.79232017769
44.1680000000001,1606.65802093555
44.1690000000001,1611.35403375649
44.1700000000001,1616.23478040558
44.171,1622.36394283656
44.172,1629.53521218211
44.173,1637.51868652736
44.1740000000002,1646.08406856587
44.1750000000002,1654.10256935519
44.1760000000002,1661.17628035566
44.1770000000001,1668.65212573631
44.1780000000001,1676.70078517094
44.1790000000001,1685.47096645289
44.1800000000001,1695.05282552526
44.181,1704.49898864712
44.182,1713.57139417957
44.1830000000002,1723.56929747618
44.1840000000002,1734.53440839971
44.1850000000002,1746.42554940158
44.1860000000001,1759.12523242713
44.1870000000001,1771.46673824532
44.1880000000001,1783.13273614403
44.1890000000001,1795.28613060254
44.1900000000001,1807.88348170522
44.191,1820.80123906287
44.192,1833.82059462517
44.1930000000002,1845.61089402552
44.1940000000002,1855.76542548881
44.1950000000002,1865.26231091074
44.1960000000001,1873.93417988471
44.1970000000001,1881.61420992384
44.1980000000001,1888.16028300788
44.1990000000001,1892.42435813705
44.2,1894.41686987128
44.201,1895.55173528873
44.2020000000002,1896.16288326275
44.2030000000002,1896.54716194113
44.2040000000002,1896.9087564714
44.2050000000002,1896.23294830044
44.2060000000001,1894.5436462565
44.2070000000001,1892.97354797227
44.2080000000001,1891.44400816871
44.2090000000001,1889.75522116533
44.21,1887.62414823289
44.211,1883.6198754081
44.2120000000002,1877.62636672136
44.2130000000002,1870.77080974603
44.2140000000002,1863.22727055595
44.2150000000001,1855.24289324134
44.2160000000001,1847.10667249296
44.2170000000001,1837.96370338041
44.2180000000001,1828.31232102018
44.2190000000001,1819.66855780431
44.22,1812.43177189409
44.221,1806.85560094267
44.2220000000002,1803.02348962053
44.2230000000002,1799.67617141454
44.2240000000002,1796.87152110645
44.2250000000001,1795.54392541911
44.2260000000001,1795.57138498114
44.2270000000001,1796.76494624642
44.2280000000001,1798.88181980913
44.229,1800.44125369837
44.23,1801.50282416961
44.2310000000002,1803.01276450313
44.2320000000002,1804.9640149721
44.2330000000002,1807.3166149384
44.2340000000002,1809.973995042
44.2350000000001,1811.52715108459
44.2360000000001,1812.18256048164
44.2370000000001,1812.88960306313
44.2380000000001,1813.62198693205
44.239,1814.30622505344
44.24,1814.82779458164
44.2410000000002,1813.75523334523
44.2420000000002,1811.46723901955
44.2430000000002,1809.05904994097
44.2440000000001,1806.72351077195
44.2450000000001,1804.64582873284
44.2460000000001,1802.98014624126
44.2470000000001,1800.4883578837
44.248,1797.82370320023
44.249,1796.16210734102
44.25,1795.67995049143
44.2510000000002,1796.4370882016
44.2520000000002,1798.36936731284
44.2530000000002,1799.9040321878
44.2540000000001,1801.47257934218
44.2550000000001,1803.915520693
44.2560000000001,1807.11251768031
44.2570000000001,1810.88107522941
44.258,1814.99072335418
44.259,1817.73721108504
44.2600000000002,1819.6513945205
44.2610000000002,1821.64779679336
44.2620000000002,1823.75716451824
44.2630000000001,1825.98935648105
44.2640000000001,1828.32634119353
44.2650000000001,1829.22879571244
44.2660000000001,1829.49284444304
44.2670000000001,1830.16757664326
44.268,1831.39518506567
44.269,1833.23905964727
44.2700000000002,1835.67253650645
44.2710000000002,1837.04488323348
44.2720000000002,1838.1013964071
44.2730000000001,1839.7127096676
44.2740000000001,1841.85502216076
44.2750000000001,1844.42551831949
44.2760000000001,1847.2471482901
44.277,1848.51759259635
44.278,1848.96314361062
44.2790000000002,1849.40687598897
44.2800000000002,1849.87864239224
44.2810000000002,1850.38758589169
44.2820000000002,1850.91349299863
44.2830000000001,1849.80357794151
44.2840000000001,1848.03149594329
44.2850000000001,1846.57145058923
44.2860000000001,1845.61142786556
44.287,1845.26956398293
44.288,1845.57058476921
44.2890000000002,1844.79993979061
44.2900000000002,1843.91631128227
44.2910000000002,1843.73208463269
44.2920000000001,1844.28148029402
44.2930000000001,1845.53004369433
44.2940000000001,1847.37163238467
44.2950000000001,1847.97568956703
44.296,1848.31262172454
44.297,1849.12031946024
44.298,1850.40635785382
44.2990000000002,1852.10816831371
44.3000000000002,1854.08063433575
44.3010000000002,1854.41770335225
44.3020000000001,1854.10276047865
44.3030000000001,1853.78911276213
44.3040000000001,1853.46483267297
44.3050000000001,1853.10021893628
44.306,1852.65161073217
44.307,1850.38731843043
44.3080000000002,1847.58319189826
44.3090000000002,1845.11878846801
44.3100000000002,1843.2549456727
44.3110000000001,1842.20293559217
44.3120000000001,1842.09429525598
44.3130000000001,1841.30608391026
44.3140000000001,1841.13275991641
44.3150000000001,1842.2498310157
44.316,1844.66303492115
44.317,1848.26607671019
44.3180000000002,1852.85544009383
44.3190000000002,1856.49775451391
44.3200000000002,1860.30927276566
44.3210000000001,1864.76671802536
44.3220000000001,1869.80951845246
44.3230000000001,1875.3571184765
44.3240000000001,1881.30560431906
44.325,1885.8191728648
44.326,1890.25198328574
44.3270000000002,1895.19888849514
44.3280000000002,1900.7008240907
44.3290000000002,1906.7220058439
44.3300000000002,1913.14663962389
44.3310000000001,1918.04721094384
44.3320000000001,1922.78048227273
44.3330000000001,1927.85615971687
44.3340000000001,1933.30051320933
44.335,1939.12082861335
44.336,1945.30148820132
44.3370000000002,1950.03966063156
44.3380000000002,1954.88805136951
44.3390000000002,1960.39541115489
44.3400000000001,1966.55928723045
44.3410000000001,1973.22575444396
44.3420000000001,1980.08084402358
44.3430000000001,1984.90149480765
44.3440000000001,1988.8387812604
44.345,1991.97256248801
44.346,1993.98829237139
44.3470000000002,1994.62854078025
44.3480000000002,1993.74245135753
44.3490000000002,1989.49743276061
44.3500000000001,1983.81276751338
44.3510000000001,1977.59845015384
44.3520000000001,1971.43100204335
44.3530000000001,1965.83033487947
44.354,1961.17137436863
44.355,1955.64243875953
44.3560000000002,1951.09273093906
44.3570000000002,1947.88362032022
44.3580000000002,1945.78343434629
44.3590000000002,1944.34295976585
44.3600000000001,1942.94065447468
44.3610000000001,1938.41176373354
44.3620000000001,1932.31578464538
44.3630000000001,1924.86728367977
44.364,1916.03555782972
44.365,1905.85822158119
44.3660000000002,1894.36382345537
44.3670000000002,1878.55449955312
44.3680000000002,1861.06430123335
44.3690000000001,1842.89165878699
44.3700000000001,1824.74147316869
44.3710000000001,1807.32771488598
44.3720000000001,1791.27331003809
44.373,1774.14120342735
44.374,1758.90002380017
44.375,1746.56589156765
44.3760000000002,1737.66405417603
44.3770000000002,1732.4671459522
44.3780000000002,1730.91940830943
44.3790000000001,1730.6998771748
44.3800000000001,1733.12312207912
44.3810000000001,1737.64479788153
44.3820000000001,1743.36534866612
44.383,1749.39122611648
44.384,1754.9845923843
44.3850000000002,1758.73244219717
44.3860000000002,1761.79126913092
44.3870000000002,1764.1066208075
44.3880000000001,1765.49675472266
44.3890000000001,1765.75533050678
44.3900000000001,1764.67689866539
44.3910000000001,1761.24036011043
44.3920000000001,1756.72748297509
44.393,1751.08840819677
44.394,1744.21728217357
44.3950000000002,1736.17084497388
44.3960000000002,1727.27427735048
44.3970000000002,1716.9546757164
44.3980000000001,1707.74215984678
44.3990000000001,1700.60439632605
44.4000000000001,1696.20816609839
44.4010000000001,1694.89233570277
44.402,1696.62082818377
44.403,1698.96644644907
44.4040000000002,1703.73858370568
44.4050000000002,1710.61377592431
44.4060000000002,1719.27969805218
44.4070000000002,1729.70435541332
44.4080000000001,1742.28439327062
44.4090000000001,1755.49994773932
44.4100000000001,1773.58152702096
44.4110000000001,1798.87329354237
44.412,1833.93400663949
44.413,1881.32119916431
44.4140000000002,1943.27432246629
44.4150000000002,2019.07444146093
44.4160000000002,2112.11892733465
44.4170000000001,2222.30028034266
44.4180000000001,2348.19325361247
44.4190000000001,2487.03962332158
44.4200000000001,2634.80749438208
44.421,2784.32269639373
44.422,2932.45570369466
44.423,3073.46802876668
44.4240000000002,3201.59178312965
44.4250000000002,3311.32994471177
44.4260000000002,3397.5697684655
44.4270000000001,3453.69154371001
44.4280000000001,3478.21476451492
44.4290000000001,3467.86966143024
44.4300000000001,3419.72526723082
44.431,3331.25737874831
44.432,3200.47448109251
44.4330000000002,3024.51358017825
44.4340000000002,2806.63639298448
44.4350000000002,2550.2118655547
44.4360000000001,2261.27915893048
44.4370000000001,1948.72081411251
44.4380000000001,1623.86362796757
44.4390000000001,1298.04333368633
44.4400000000001,987.60787027408
44.441,706.018088270218
44.442,464.332347326067
44.4430000000002,269.881666496409
44.4440000000002,125.272317694913
44.4450000000002,26.7026186671176
44.4460000000001,-29.3525781261472
44.4470000000001,-51.1434027713167
44.4480000000001,-47.8634743061124
44.4490000000001,-27.8065507852553
44.45,2.98080111472169
44.451,40.2167863920172
44.4520000000002,87.361640888831
44.4530000000002,148.722337548701
44.4540000000002,230.078886546358
44.4550000000002,336.931101360015
44.4560000000001,472.508556179417
44.4570000000001,635.105358524577
44.4580000000001,823.0288091203
44.4590000000001,1028.69109966791
44.46,1241.4819812678
44.461,1449.26511614554
44.4620000000002,1639.8658889305
44.4630000000002,1801.56487298646
44.4640000000002,1929.80007243788
44.4650000000001,2021.90319242063
44.4660000000001,2078.95945343362
44.4670000000001,2105.13659290891
44.4680000000001,2106.28978960728
44.4690000000001,2087.66509235055
44.47,2058.12052462901
44.471,2023.41021158902
44.4720000000002,1987.69905975609
44.4730000000002,1953.54991051323
44.4740000000002,1921.85854744797
44.4750000000001,1891.36616697562
44.4760000000001,1864.51098299946
44.4770000000001,1841.66090583995
44.4780000000001,1823.30619468601
44.479,1810.02924373185
44.48,1801.87019433
44.4810000000002,1797.26018967934
44.4820000000002,1798.70868952426
44.4830000000002,1805.63242372836
44.4840000000002,1816.86307871155
44.4850000000001,1830.85991300529
44.4860000000001,1845.39693120564
44.4870000000001,1857.13423584019
44.4880000000001,1868.1953232132
44.489,1878.10714259777
44.49,1886.69506269208
44.4910000000002,1894.05486954629
44.4920000000002,1899.84090364482
44.4930000000002,1902.62319575983
44.4940000000001,1905.73040494811
44.4950000000001,1909.43661332257
44.4960000000001,1913.68302640166
44.4970000000001,1918.16321932395
44.498,1921.95781560203
44.499,1923.21453774107
44.5,1923.67398376701
44.5010000000002,1923.41955830616
44.5020000000002,1922.62858836944
44.5030000000002,1921.5225364986
44.5040000000001,1919.98868024798
44.5050000000001,1917.08567869318
44.5060000000001,1914.16573391278
44.5070000000001,1911.78793310245
44.508,1910.50939988069
44.509,1910.75129000654
44.5100000000002,1912.35712554105
44.5110000000002,1914.14142491547
44.5120000000002,1916.88303770603
44.5130000000001,1920.51593236914
44.5140000000001,1924.94021613994
44.5150000000001,1929.9936222063
44.5160000000001,1935.01556429903
44.5170000000001,1938.61822552779
44.518,1941.93381183223
44.519,1945.18968049434
44.5200000000002,1948.71386093207
44.5210000000002,1952.82331328483
44.5220000000002,1957.08847593766
44.5230000000001,1960.35177885049
44.5240000000001,1964.43758042264
44.5250000000001,1969.31331158436
44.5260000000001,1974.79167247345
44.527,1980.57409285105
44.528,1985.56511440966
44.5290000000002,1988.28053391065
44.5300000000002,1990.69458935317
44.5310000000002,1992.91779789004
44.5320000000002,1995.09844155523
44.5330000000001,1997.40104674966
44.5340000000001,1999.21944882181
44.5350000000001,1999.60196366811
44.5360000000001,2000.76536870583
44.537,2003.03890643763
44.538,2006.62906358085
44.5390000000002,2011.59947235879
44.5400000000002,2017.09052276189
44.5410000000002,2021.89878129994
44.5420000000001,2027.78677313599
44.5430000000001,2034.7322502159
44.5440000000001,2042.62900189533
44.5450000000001,2051.27680155346
44.546,2059.55027266991
44.547,2066.14086866905
44.548,2072.70689059157
44.5490000000002,2079.17418347521
44.5500000000002,2085.44533673094
44.5510000000002,2091.39610313416
44.5520000000001,2095.99251024319
44.5530000000001,2098.20301561957
44.5540000000001,2099.95769799502
44.5550000000001,2101.47741962917
44.556,2102.96211796043
44.557,2104.56263629965
44.5580000000002,2105.43081317446
44.5590000000002,2104.78311416005
44.5600000000002,2104.64692391119
44.5610000000001,2105.29385939619
44.5620000000001,2106.91627561948
44.5630000000001,2109.60820728796
44.5640000000001,2112.38717464484
44.5650000000001,2114.42290689017
44.566,2117.56174383275
44.567,2121.911158617
44.5680000000002,2127.48446639459
44.5690000000002,2134.18284191797
44.5700000000002,2140.77964497803
44.5710000000001,2146.30517663581
44.5720000000001,2152.35153924417
44.5730000000001,2158.81163495651
44.5740000000001,2165.5012362333
44.575,2172.16042659371
44.576,2177.41549005375
44.5770000000002,2180.36890944987
44.5780000000002,2182.7243131417
44.5790000000002,2184.65068919649
44.5800000000002,2186.38906359102
44.5810000000001,2188.22910836182
44.5820000000001,2189.37281959711
44.5830000000001,2189.61219832588
44.5840000000001,2191.1180246642
44.585,2194.33867328612
44.586,2199.5036011326
44.5870000000002,2206.56474505601
44.5880000000002,2214.03929608722
44.5890000000002,2220.93916898505
44.5900000000001,2228.44224361839
44.5910000000001,2236.09581278696
44.5920000000001,2243.45678473504
44.5930000000001,2250.16626553127
44.5940000000001,2254.81090764712
44.595,2257.02719329742
44.596,2258.86947482143
44.5970000000002,2260.9576633875
44.5980000000002,2263.89878168615
44.5990000000002,2268.16156525002
44.6000000000001,2272.71290811503
44.6010000000001,2277.24459979305
44.6020000000001,2283.35927365414
44.6030000000001,2290.88607607894
44.604,2299.45826374186
44.605,2308.57949371271
44.6060000000002,2316.37169237872
44.6070000000002,2322.15550535455
44.6080000000002,2327.47437343804
44.6090000000002,2332.46325725322
44.6100000000001,2337.32493954918
44.6110000000001,2342.25104019873
44.6120000000001,2345.94306499792
44.6130000000001,2348.28198111979
44.614,2351.03557884811
44.615,2354.29972386146
44.6160000000002,2358.01239851828
44.6170000000002,2361.96891164475
44.6180000000002,2364.38370210284
44.6190000000001,2364.90315141406
44.6200000000001,2365.17870906497
44.6210000000001,2365.41906627815
44.6220000000001,2365.87066594736
44.623,2366.7624157553
44.624,2366.73352736736
44.625,2365.91916620355
44.6260000000002,2366.17006051429
44.6270000000002,2367.74456607202
44.6280000000002,2370.7450782846
44.6290000000001,2375.09775485082
44.6300000000001,2378.99357024337
44.6310000000001,2382.22757669776
44.6320000000001,2386.19136302338
44.633,2390.77096534972
44.634,2395.76762596371
44.6350000000002,2400.88265324459
44.6360000000002,2404.09990979636
44.6370000000002,2405.2462616756
44.6380000000001,2405.71657479108
44.6390000000001,2405.53569488528
44.6400000000001,2404.77727417513
44.6410000000001,2403.56081931417
44.6420000000001,2400.3767139414
44.643,2395.79727923314
44.644,2391.85558349168
44.6450000000002,2389.18295445718
44.6460000000002,2388.29736034848
44.6470000000002,2389.52489207065
44.6480000000001,2391.25455922417
44.6490000000001,2393.82819606037
44.6500000000001,2398.68881187714
44.6510000000001,2405.81291745764
44.652,2415.06942691958
44.653,2426.24311458524
44.6540000000002,2437.29529803243
44.6550000000002,2448.47802391497
44.6560000000002,2461.13544364415
44.6570000000002,2475.20610369116
44.6580000000001,2490.45788545929
44.6590000000001,2506.44365920303
44.6600000000001,2520.68671167897
44.6610000000001,2533.08776924334
44.662,2544.5752672634
44.663,2554.9170018521
44.6640000000002,2564.08175612534
44.6650000000002,2572.28817497913
44.6660000000002,2578.11982695176
44.6670000000001,2583.03513389349
44.6680000000001,2589.46835217309
44.6690000000001,2598.48971042013
44.6700000000001,2610.82362738136
44.671,2626.65337912254
44.672,2643.5827371095
44.673,2661.41889293014
44.6740000000002,2680.22404989856
44.6750000000002,2698.5542907308
44.6760000000002,2714.90564278278
44.6770000000001,2727.95753808367
44.6780000000001,2734.79849908674
44.6790000000001,2736.04276360218
44.6800000000001,2733.48587609387
44.681,2728.21037280638
44.682,2721.54431965542
44.6830000000002,2714.80494300863
44.6840000000002,2707.02900123623
44.6850000000002,2699.98898569805
44.6860000000001,2695.46381885022
44.6870000000001,2693.62755866669
44.6880000000001,2694.24465781503
44.6890000000001,2696.78718561901
44.6900000000001,2698.49215234112
44.691,2699.89003671562
44.692,2701.94760665112
44.6930000000002,2704.63858736848
44.6940000000002,2707.9664171742
44.6950000000002,2711.86090090335
44.6960000000001,2713.92939836191
44.6970000000001,2715.05303797157
44.6980000000001,2716.12800625274
44.6990000000001,2716.83718407736
44.7,2716.77383459323
44.701,2715.52665269643
44.7020000000002,2710.57829505859
44.7030000000002,2703.20415582487
44.7040000000002,2694.96424373323
44.7050000000002,2686.58822277081
44.7060000000001,2678.88359914505
44.7070000000001,2672.60006377088
44.7080000000001,2666.0813514434
44.7090000000001,2661.13400244293
44.71,2659.17627885078
44.711,2660.33690650469
44.7120000000002,2664.4227060011
44.7130000000002,2670.95768911355
44.7140000000002,2676.96075716459
44.7150000000001,2683.26114897792
44.7160000000001,2690.43252589298
44.7170000000001,2698.12907508493
44.7180000000001,2706.01113323338
44.7190000000001,2713.72126583571
44.72,2718.50145135418
44.721,2721.69631796932
44.7220000000002,2724.23585306421
44.7230000000002,2726.13553043049
44.7240000000002,2727.39401423686
44.7250000000001,2727.99489944693
44.7260000000001,2725.49663683428
44.7270000000001,2721.79158698351
44.7280000000001,2718.22116407763
44.729,2715.24272318104
44.73,2713.23477783938
44.7310000000002,2712.4374304521
44.7320000000002,2710.41663187003
44.7330000000002,2709.07285455463
44.7340000000002,2709.38219235396
44.7350000000001,2711.29911831283
44.7360000000001,2714.59383030171
44.7370000000001,2718.87787745564
44.7380000000001,2721.07981858474
44.739,2722.83636694625
44.74,2724.86415082604
44.7410000000002,2727.10406587391
44.7420000000002,2729.52326076756
44.7430000000002,2732.10995691777
44.7440000000001,2732.26328867322
44.7450000000001,2732.26038824235
44.7460000000001,2733.28732381163
44.7470000000001,2735.69954060697
44.748,2739.70431190004
44.749,2745.30848882827
44.75,2749.62601762499
44.7510000000002,2754.58850487243
44.7520000000002,2760.71076711852
44.7530000000002,2767.60838294766
44.7540000000001,2774.72242547366
44.7550000000001,2781.36594473689
44.7560000000001,2784.0633125618
44.7570000000001,2784.610937463
44.758,2783.56161068708
44.759,2780.97106467106
44.7600000000002,2777.06103940125
44.7610000000002,2772.19605303748
44.7620000000002,2764.06942779986
44.7630000000001,2755.78748913819
44.7640000000001,2748.90096900615
44.7650000000001,2744.19702982712
44.7660000000001,2742.19374637862
44.7670000000001,2743.05429224899
44.768,2743.74618126032
44.769,2746.35443808002
44.7700000000002,2751.01562695264
44.7710000000002,2757.07485155296
44.7720000000002,2763.72296106294
44.7730000000001,2770.08860470378
44.7740000000001,2772.47107641529
44.7750000000001,2772.9640162248
44.7760000000001,2772.06102087756
44.777,2769.94022572763
44.778,2766.92440577716
44.7790000000002,2763.40504516174
44.7800000000002,2756.85324409313
44.7810000000002,2750.49341246981
44.7820000000002,2745.4517437469
44.7830000000001,2742.19375209484
44.7840000000001,2740.93657875923
44.7850000000001,2741.62432636215
44.7860000000001,2741.00605641772
44.787,2741.55359837822
44.788,2743.45405939102
44.7890000000002,2746.34771163835
44.7900000000002,2749.77260758562
44.7910000000002,2753.19792066489
44.7920000000001,2753.1278372937
44.7930000000001,2752.11007180909
44.7940000000001,2750.50940716579
44.7950000000001,2748.40001036539
44.796,2745.91821591464
44.797,2743.24389070991
44.798,2737.63301183117
44.7990000000002,2732.44844892681
44.8000000000002,2728.62940197356
44.8010000000002,2726.7006177071
44.8020000000001,2727.01912701926
44.8030000000001,2729.7207395418
44.8040000000001,2731.73636177159
44.8050000000001,2735.94066121785
44.806,2742.44472270646
44.807,2750.87147260542
44.8080000000002,2760.65181223513
44.8090000000002,2771.073156529
44.8100000000002,2778.35962901202
44.8110000000001,2785.03715042378
44.8120000000001,2790.99743194644
44.8130000000001,2795.97181675053
44.8140000000001,2799.75840732791
44.8150000000001,2802.22494378507
44.816,2800.28104664777
44.817,2797.38188317598
44.8180000000002,2794.19420746725
44.8190000000002,2791.21469637441
44.8200000000002,2788.89534005523
44.8210000000001,2787.59799291
44.8220000000001,2784.51107744003
44.8230000000001,2783.2223626805
44.8240000000001,2784.15514248263
44.825,2787.35957039575
44.826,2792.61604040679
44.8270000000002,2799.44267949629
44.8280000000002,2804.09023002495
44.8290000000002,2809.26900093777
44.8300000000002,2814.53310709943
44.8310000000001,2819.32865082771
44.8320000000001,2823.13049789978
44.8330000000001,2825.49308638479
44.8340000000001,2822.99501455845
44.835,2819.11921972891
44.836,2814.2239005234
44.8370000000002,2808.67299596111
44.8380000000002,2802.79924795428
44.8390000000002,2796.79381063854
44.8400000000001,2787.64028916545
44.8410000000001,2779.02911220379
44.8420000000001,2771.24061470329
44.8430000000001,2764.35172808588
44.8440000000001,2758.26566969029
44.845,2752.6216311543
44.846,2743.61991679749
44.8470000000002,2734.86438906297
44.8480000000002,2726.52853822401
44.8490000000002,2718.74184734144
44.8500000000001,2711.5489417349
44.8510000000001,2704.65922361998
44.8520000000001,2693.96234905393
44.8530000000001,2683.43175218529
44.854,2673.30646796882
44.855,2663.76152674738
44.8560000000002,2654.88132019693
44.8570000000002,2646.36605354246
44.8580000000002,2634.28808691774
44.8590000000002,2622.68186801546
44.8600000000001,2611.92550458664
44.8610000000001,2602.35391310089
44.8620000000001,2594.21644999819
44.8630000000001,2587.35902023472
44.864,2578.87801720708
44.865,2572.02444807083
44.8660000000002,2566.76492327724
44.8670000000002,2562.88440414128
44.8680000000002,2560.07163535127
44.8690000000001,2557.7987578067
44.8700000000001,2554.32555575335
44.8710000000001,2551.69722166508
44.8720000000001,2549.57022553746
44.873,2547.47252999413
44.874,2544.95035971757
44.875,2541.51927728734
44.8760000000002,2536.14844809428
44.8770000000002,2530.92127795026
44.8780000000002,2525.8916751871
44.8790000000001,2520.98371361436
44.8800000000001,2516.05709597222
44.8810000000001,2510.69257800895
44.8820000000001,2503.29201031696
44.883,2496.33024240886
44.884,2489.87925497928
44.8850000000002,2483.92397139778
44.8860000000002,2478.44233291188
44.8870000000002,2473.06141804306
44.8880000000001,2465.79927006839
44.8890000000001,2460.08630971911
44.8900000000001,2456.66029642289
44.8910000000001,2456.26692757966
44.8920000000001,2459.65206983559
44.893,2467.06772956906
44.894,2477.03630517664
44.8950000000002,2493.65813745409
44.8960000000002,2518.22976890243
44.8970000000002,2552.08723560986
44.8980000000001,2596.59383522697
44.8990000000001,2652.53823443431
44.9000000000001,2718.98841677438
44.9010000000001,2799.67200606254
44.902,2894.8407221602
44.903,3003.72222496655
44.9040000000002,3124.39501654349
44.9050000000002,3253.24809328111
44.9060000000002,3384.38304844192
44.9070000000002,3515.93899961829
44.9080000000001,3643.07082022525
44.9090000000001,3760.91546189355
44.9100000000001,3864.97894663703
44.9110000000001,3950.80684570912
44.912,4013.47446319978
44.913,4053.25663413007
44.9140000000002,4068.14388665129
44.9150000000002,4056.01433188518
44.9160000000002,4014.38635773832
44.9170000000001,3939.70858975231
44.9180000000001,3827.10074988602
44.9190000000001,3676.31400703915
44.9200000000001,3485.35546793961
44.921,3253.6836845269
44.922,2982.95696566096
44.923,2676.9331464421
44.9240000000002,2341.46238009711
44.9250000000002,1989.50734037687
44.9260000000002,1633.81041566938
44.9270000000001,1288.29611266921
44.9280000000001,966.922391099773
44.9290000000001,681.801895090108
44.9300000000001,442.093790457565
44.931,258.090073433498
44.932,134.363127927346
44.9330000000002,72.0378682924454
44.9340000000002,69.1347973720928
44.9350000000002,120.418797319757
44.9360000000001,218.192374874788
44.9370000000001,357.484419306813
44.9380000000001,530.385403912281
44.9390000000001,728.670287486225
44.9400000000001,944.078997522933
44.941,1167.73251558905
44.942,1390.54987450252
44.9430000000002,1607.66765335217
44.9440000000002,1812.60242083653
44.9450000000002,1999.6524296316
44.9460000000001,2164.16908802004
44.9470000000001,2302.00145793757
44.9480000000001,2410.10303488273
44.9490000000001,2490.58143224463
44.95,2544.77262470112
44.951,2575.11367158074
44.9520000000002,2584.82379693652
44.9530000000002,2576.71135348022
44.9540000000002,2553.44276995386
44.9550000000002,2520.97345592603
44.9560000000001,2482.76273885613
44.9570000000001,2441.74463981111
44.9580000000001,2400.33993798525
44.9590000000001,2359.6195491057
44.96,2320.21060509056
44.961,2285.82259763012
44.9620000000002,2257.66686477085
44.9630000000002,2236.52965183904
44.9640000000002,2222.74950015727
44.9650000000001,2215.15100361426
44.9660000000001,2212.25799650293
44.9670000000001,2215.72448634981
44.9680000000001,2224.3707470327
44.9690000000001,2236.68021047979
44.97,2251.01090103656
44.971,2264.56988290486
44.9720000000002,2275.25189463091
44.9730000000002,2285.0345183672
44.9740000000002,2293.39457286536
44.9750000000001,2299.97623350025
44.9760000000001,2304.61948946511
44.9770000000001,2306.06004879476
44.9780000000001,2303.78777957875
44.979,2300.95708580463
44.98,2297.88480783552
44.9810000000002,2294.64997065643
44.9820000000002,2291.1624121073
44.9830000000002,2286.14780824353
44.9840000000002,2278.79565681687
44.9850000000001,2271.28390829272
44.9860000000001,2263.75548797764
44.9870000000001,2256.31864958168
44.9880000000001,2249.06777410084
44.989,2241.37621246489
44.99,2232.68727371491
44.9910000000002,2224.56732693585
44.9920000000002,2217.61736917286
44.9930000000002,2212.41166165773
44.9940000000001,2209.36284890562
44.9950000000001,2208.00817620299
44.9960000000001,2207.52933879778
44.9970000000001,2208.65808892956
44.998,2211.3123033862
44.999,2215.3210286963
45,2220.3728045986
45.0010000000002,2225.13864829503
45.0020000000002,2228.49487005043
45.0030000000002,2231.29246493848
45.0040000000001,2233.28627389898
45.0050000000001,2234.30950159695
45.0060000000001,2234.25958054565
45.0070000000001,2231.92019102629
45.008,2226.95264315268
45.009,2221.3233829685
45.0100000000002,2215.33850109152
45.0110000000002,2209.24877953167
45.0120000000002,2203.24365167304
45.0130000000001,2196.17397151488
45.0140000000001,2187.92741981191
45.0150000000001,2180.59511225306
45.0160000000001,2174.42811291117
45.0170000000001,2169.55849744984
45.018,2166.01858558856
45.019,2162.50221861513
45.0200000000002,2158.78298150947
45.0210000000002,2156.65182701525
45.0220000000002,2156.21279904019
45.0230000000001,2157.45854061663
45.0240000000001,2160.26979629393
45.0250000000001,2163.16577283923
45.0260000000001,2165.77298758036
45.027,2169.5530417212
45.028,2174.39132095918
45.0290000000002,2180.08532013054
45.0300000000002,2186.35620989664
45.0310000000002,2191.55310951434
45.0320000000002,2195.33066018866
45.0330000000001,2199.13699821249
45.0340000000001,2202.91508391691
45.0350000000001,2206.57319755224
45.0360000000001,2209.99187168763
45.037,2211.6680287451
45.038,2211.58759022015
45.0390000000002,2211.44900085863
45.0400000000002,2211.48108967461
45.0410000000002,2211.88208855045
45.0420000000001,2212.80725171599
45.0430000000001,2212.96001068179
45.0440000000001,2212.56361995681
45.0450000000001,2213.29384109605
45.046,2215.25858890818
45.047,2218.36802484764
45.048,2222.33072042343
45.0490000000002,2225.26764442845
45.0500000000002,2226.86444195605
45.0510000000002,2228.16274142464
45.0520000000001,2228.84659674613
45.0530000000001,2228.64439531354
45.0540000000001,2227.38802493064
45.0550000000001,2223.6196760696
45.056,2217.83450374946
45.057,2211.95863849439
45.0580000000002,2206.68433205782
45.0590000000002,2202.66608995981
45.0600000000002,2200.42858257893
45.0610000000001,2198.81546182004
45.0620000000001,2198.32901795793
45.0630000000001,2200.3558584252
45.0640000000001,2204.72778565785
45.0650000000001,2211.00472111164
45.066,2218.5386153378
45.067,2225.0622808666
45.0680000000002,2230.30387048849
45.0690000000002,2235.05648317356
45.0700000000002,2238.97234209906
45.0710000000001,2241.79336610549
45.0720000000001,2243.36127062963
45.0730000000001,2242.10074109751
45.0740000000001,2238.63710974605
45.075,2234.54409150825
45.076,2230.23181581899
45.0770000000002,2226.05971974622
45.0780000000002,2222.31006244717
45.0790000000002,2217.62827392735
45.0800000000002,2212.79044835858
45.0810000000001,2209.27099194897
45.0820000000001,2207.31512004999
45.0830000000001,2207.03646482468
45.0840000000001,2208.41143532903
45.085,2209.68650934996
45.086,2211.33398272602
45.0870000000002,2214.39824551903
45.0880000000002,2218.71781247683
45.0890000000002,2224.00582308199
45.0900000000001,2229.86269831148
45.0910000000001,2234.15329927668
45.0920000000001,2237.1887512152
45.0930000000001,2239.83983104161
45.0940000000001,2241.92120911023
45.095,2243.25930619066
45.096,2243.70464681284
45.0970000000002,2241.43174109844
45.0980000000002,2237.30348223799
45.0990000000002,2232.67757223166
45.1000000000001,2227.87137909307
45.1010000000001,2223.15164338152
45.1020000000001,2218.70172798554
45.1030000000001,2212.82877271154
45.104,2206.54082551868
45.105,2201.11719564593
45.1060000000002,2196.73631582497
45.1070000000002,2193.47717906198
45.1080000000002,2191.32150708572
45.1090000000002,2188.32777561984
45.1100000000001,2185.42459942199
45.1110000000001,2183.7094152355
45.1120000000001,2183.20021785397
45.1130000000001,2183.78002914184
45.114,2185.1775928375
45.115,2185.11416981204
45.1160000000002,2184.24228625484
45.1170000000002,2183.24712438031
45.1180000000002,2181.83936101515
45.1190000000001,2179.725981104
45.1200000000001,2176.65389755649
45.1210000000001,2170.58971409906
45.1220000000001,2162.73204992356
45.123,2154.3686078754
45.124,2145.97003898278
45.125,2138.00357684431
45.1260000000002,2130.86923766123
45.1270000000002,2122.96016762917
45.1280000000002,2115.76554174744
45.1290000000001,2110.46081722041
45.1300000000001,2107.20521345637
45.1310000000001,2105.98523520194
45.1320000000001,2106.63889006854
45.133,2106.96527744456
45.134,2108.06170496895
45.1350000000002,2110.69160661359
45.1360000000002,2114.75265850434
45.1370000000002,2120.06395660038
45.1380000000001,2126.35598983544
45.1390000000001,2131.32426782679
45.1400000000001,2136.05653654262
45.1410000000001,2141.19319776918
45.1420000000001,2146.57533094095
45.143,2152.01914757668
45.144,2157.34027505832
45.1450000000002,2160.41529217832
45.1460000000002,2162.71300009357
45.1470000000002,2165.2249761913
45.1480000000001,2168.23085367918
45.1490000000001,2171.96681413791
45.1500000000001,2176.58740858549
45.1510000000001,2180.1387502251
45.152,2184.23305345607
45.153,2189.72246814793
45.1540000000002,2196.65771811235
45.1550000000002,2204.97008914288
45.1560000000002,2214.48714202521
45.1570000000002,2222.91607846954
45.1580000000001,2231.69808558777
45.1590000000001,2241.43888189985
45.1600000000001,2252.01081041595
45.1610000000001,2263.16855549161
45.162,2274.53755887488
45.163,2283.56331702736
45.1640000000002,2291.47740305221
45.1650000000002,2298.56849711873
45.1660000000002,2304.48735299301
45.1670000000001,2308.87763566869
45.1680000000001,2311.41718075067
45.1690000000001,2309.77143728807
45.1700000000001,2305.69250034273
45.171,2300.05824476487
45.172,2293.26268868857
45.173,2285.71904402869
45.1740000000002,2277.8047159956
45.1750000000002,2267.69050098321
45.1760000000002,2257.52947711651
45.1770000000001,2248.23689924053
45.1780000000001,2240.04418011761
45.1790000000001,2233.00892503462
45.1800000000001,2227.03026060349
45.181,2219.73027652355
45.182,2212.85854510544
45.1830000000002,2206.91991989123
45.1840000000002,2201.91836956105
45.1850000000002,2197.83432218796
45.1860000000001,2194.61626678253
45.1870000000001,2190.0033866582
45.1880000000001,2185.94264768036
45.1890000000001,2183.00574900632
45.1900000000001,2181.22051505556
45.191,2180.47509524943
45.192,2180.50693465825
45.1930000000002,2178.737629153
45.1940000000002,2176.8282578143
45.1950000000002,2174.98910948734
45.1960000000001,2173.02366894658
45.1970000000001,2170.74988198547
45.1980000000001,2168.02328918667
45.1990000000001,2162.52964205565
45.2,2156.49083420147
45.201,2150.64518816609
45.2020000000002,2145.36874924407
45.2030000000002,2140.97105404475
45.2040000000002,2137.63701939314
45.2050000000002,2133.12670029053
45.2060000000001,2129.62462630394
45.2070000000001,2127.4790560499
45.2080000000001,2126.54764589039
45.2090000000001,2126.54584170715
45.21,2127.08894567586
45.211,2125.45607870438
45.2120000000002,2123.64719730579
45.2130000000002,2121.91875116782
45.2140000000002,2120.28234622004
45.2150000000001,2118.77520223265
45.2160000000001,2117.43646314537
45.2170000000001,2113.93574096273
45.2180000000001,2110.78759107158
45.2190000000001,2108.51574915216
45.22,2107.29679875555
45.221,2107.19038866592
45.2220000000002,2108.13105736489
45.2230000000002,2107.52396700633
45.2240000000002,2107.74364000348
45.2250000000001,2108.98632526192
45.2260000000001,2111.13536834144
45.2270000000001,2113.98342336024
45.2280000000001,2117.24504734097
45.229,2118.13601953397
45.23,2119.03979104423
45.2310000000002,2120.10680322399
45.2320000000002,2121.29589234685
45.2330000000002,2122.55818262381
45.2340000000002,2123.83780580153
45.2350000000001,2122.62527518016
45.2360000000001,2121.62265703268
45.2370000000001,2121.17272700239
45.2380000000001,2121.37766195018
45.239,2122.20663486433
45.24,2123.48279036448
45.2410000000002,2122.44216719386
45.2420000000002,2121.50534520256
45.2430000000002,2120.64861277541
45.2440000000001,2119.7184246033
45.2450000000001,2118.56718244656
45.2460000000001,2117.08374900315
45.2470000000001,2112.71337477793
45.248,2108.37295725051
45.249,2104.52615589755
45.25,2101.54718519188
45.2510000000002,2099.71135367115
45.2520000000002,2099.13030172787
45.2530000000002,2097.17191244911
45.2540000000001,2096.51692860822
45.2550000000001,2097.04826132876
45.2560000000001,2098.44911047128
45.2570000000001,2100.27026765702
45.258,2101.9509103502
45.259,2100.49797968402
45.2600000000002,2098.39198972941
45.2610000000002,2095.65641262761
45.2620000000002,2092.39249165749
45.2630000000001,2088.77576396335
45.2640000000001,2084.93878899166
45.2650000000001,2078.68379523311
45.2660000000001,2073.07539649933
45.2670000000001,2068.58730920457
45.268,2065.54982659161
45.269,2064.13390182011
45.2700000000002,2064.2161313798
45.2710000000002,2063.31216299768
45.2720000000002,2063.91099494403
45.2730000000001,2065.90590291629
45.2740000000001,2069.04349195907
45.2750000000001,2072.95971213933
45.2760000000001,2077.05333044895
45.277,2078.63918408042
45.278,2079.96132146662
45.2790000000002,2080.88536242468
45.2800000000002,2081.2836307636
45.2810000000002,2081.05800947488
45.2820000000002,2079.95042227629
45.2830000000001,2075.81074573749
45.2840000000001,2071.31333423829
45.2850000000001,2066.76367873712
45.2860000000001,2062.39069065825
45.287,2058.33145787341
45.288,2054.38743350896
45.2890000000002,2048.44306781359
45.2900000000002,2043.02248260632
45.2910000000002,2038.25939830999
45.2920000000001,2034.22490512346
45.2930000000001,2030.96456966079
45.2940000000001,2028.25078319628
45.2950000000001,2024.15079263091
45.296,2021.36340947599
45.297,2020.25204244728
45.298,2021.07781446922
45.2990000000002,2023.96286899687
45.3000000000002,2028.54413865051
45.3010000000002,2032.65207795584
45.3020000000001,2038.45293387994
45.3030000000001,2045.64911452516
45.3040000000001,2053.76407058316
45.3050000000001,2062.20814988159
45.306,2070.00679696697
45.307,2074.73525285105
45.3080000000002,2078.47572783212
45.3090000000002,2081.22200308483
45.3100000000002,2083.10114228378
45.3110000000001,2084.37148783738
45.3120000000001,2085.00889503181
45.3130000000001,2083.66361404498
45.3140000000001,2083.21936011212
45.3150000000001,2084.25783415222
45.316,2087.13721916565
45.317,2091.94283597729
45.3180000000002,2098.04720789847
45.3190000000002,2103.28706905756
45.3200000000002,2109.4045179243
45.3210000000001,2115.81496750471
45.3220000000001,2121.81337257955
45.3230000000001,2126.67582944194
45.3240000000001,2129.30179448088
45.325,2127.60647622059
45.326,2123.71325352088
45.3270000000002,2117.84218056335
45.3280000000002,2110.35873752142
45.3290000000002,2101.73213138384
45.3300000000002,2091.98018996723
45.3310000000001,2080.04512791391
45.3320000000001,2068.79081800937
45.3330000000001,2058.86831242761
45.3340000000001,2050.73767441553
45.335,2044.64638876957
45.336,2040.03370894105
45.3370000000002,2035.02789553538
45.3380000000002,2031.96017343362
45.3390000000002,2030.8329618742
45.3400000000001,2031.5242727058
45.3410000000001,2033.77676100933
45.3420000000001,2036.45372070192
45.3430000000001,2037.04402966463
45.3440000000001,2038.01362056245
45.345,2039.42798137068
45.346,2041.38807327472
45.3470000000002,2043.97461192341
45.3480000000002,2046.31931116109
45.3490000000002,2046.14074944458
45.3500000000001,2046.48379215031
45.3510000000001,2047.78099961097
45.3520000000001,2050.37291875775
45.3530000000001,2054.39813271571
45.354,2058.95106295023
45.355,2061.98286809005
45.3560000000002,2065.36905636349
45.3570000000002,2068.67695402521
45.3580000000002,2071.44297533017
45.3590000000002,2073.29544761268
45.3600000000001,2073.57941865861
45.3610000000001,2071.71263212881
45.3620000000001,2069.44893757219
45.3630000000001,2067.09332952516
45.364,2064.87611269735
45.365,2062.94260256495
45.3660000000002,2061.01365808834
45.3670000000002,2058.89726488021
45.3680000000002,2057.60677521796
45.3690000000001,2056.81001667329
45.3700000000001,2056.07366957179
45.3710000000001,2055.03844077827
45.3720000000001,2053.13722956671
45.373,2050.21886008174
45.374,2047.8465067906
45.375,2046.28654313799
45.3760000000002,2045.62589553207
45.3770000000002,2045.7381854083
45.3780000000002,2045.62661974966
45.3790000000001,2044.16550727732
45.3800000000001,2042.7874012372
45.3810000000001,2041.40391063533
45.3820000000001,2040.15641500027
45.383,2039.53871730982
45.384,2039.58712238849
45.3850000000002,2040.67692132598
45.3860000000002,2046.53995619387
45.3870000000002,2059.12078595183
45.3880000000001,2080.16821157324
45.3890000000001,2111.02761838206
45.3900000000001,2151.62443431051
45.3910000000001,2201.39406695336
45.3920000000001,2262.15753432395
45.393,2333.60702792191
45.394,2415.23707392213
45.3950000000002,2506.52713509325
45.3960000000002,2606.19464096774
45.3970000000002,2713.27894345353
45.3980000000001,2829.39615780191
45.3990000000001,2954.20406765248
45.4000000000001,3086.65422642216
45.4010000000001,3224.59153574323
45.402,3363.50564905616
45.403,3497.52878991862
45.4040000000002,3621.5737407349
45.4050000000002,3727.45921248741
45.4060000000002,3805.99501987547
45.4070000000002,3847.74028996384
45.4080000000001,3843.00346415073
45.4090000000001,3784.24918346756
45.4100000000001,3669.05512494835
45.4110000000001,3496.84065699564
45.412,3270.85651075309
45.413,2998.17754109467
45.4140000000002,2688.24681583109
45.4150000000002,2353.51903231587
45.4160000000002,2010.02373998889
45.4170000000001,1672.07915939176
45.4180000000001,1352.50323914186
45.4190000000001,1061.52901805512
45.4200000000001,805.117180738513
45.421,586.484228746525
45.422,407.987012414061
45.423,268.14609803942
45.4240000000002,164.174385443228
45.4250000000002,93.0379770215353
45.4260000000002,51.2953570979503
45.4270000000001,37.4510575756595
45.4280000000001,53.3318735283757
45.4290000000001,100.144790869669
45.4300000000001,179.219601127279
45.431,291.11976554471
45.432,433.716814067564
45.4330000000002,603.549847704684
45.4340000000002,796.682790285213
45.4350000000002,1005.50589363773
45.4360000000001,1220.79720761598
45.4370000000001,1432.65652033867
45.4380000000001,1630.45607543463
45.4390000000001,1805.93240816549
45.4400000000001,1954.78938594464
45.441,2073.84139708985
45.442,2162.41710569813
45.4430000000002,2222.04007097597
45.4440000000002,2254.74010554761
45.4450000000002,2264.61811684721
45.4460000000001,2257.81641562262
45.4470000000001,2238.91313203431
45.4480000000001,2211.92199184944
45.4490000000001,2180.14529920594
45.45,2144.99229119135
45.451,2108.5321168309
45.4520000000002,2073.99521377541
45.4530000000002,2042.87312506907
45.4540000000002,2016.31462202473
45.4550000000002,1995.12569416039
45.4560000000001,1978.38286343498
45.4570000000001,1966.33044960229
45.4580000000001,1960.36765677891
45.4590000000001,1959.9509308165
45.46,1964.17076567705
45.461,1971.89884207007
45.4620000000002,1980.3442786274
45.4630000000002,1988.86324523517
45.4640000000002,1998.4782425529
45.4650000000001,2008.54111768192
45.4660000000001,2018.46867727603
45.4670000000001,2027.76900520478
45.4680000000001,2034.24535151226
45.4690000000001,2038.28867104173
45.47,2041.74798648923
45.471,2044.46849180101
45.4720000000002,2046.20093846285
45.4730000000002,2046.70879349768
45.4740000000002,2044.30011157586
45.4750000000001,2039.51486267235
45.4760000000001,2034.24428236427
45.4770000000001,2028.90212044996
45.4780000000001,2023.82511624975
45.479,2019.2469688502
45.48,2014.25048449598
45.4810000000002,2008.92885927093
45.4820000000002,2004.38522816003
45.4830000000002,2000.91433507658
45.4840000000002,1998.73665934403
45.4850000000001,1997.92752577599
45.4860000000001,1997.55446359502
45.4870000000001,1997.19186898646
45.4880000000001,1997.31307429999
45.489,1997.90809570606
45.49,1998.94381915272
45.4910000000002,2000.28981454588
45.4920000000002,2000.73890160769
45.4930000000002,1999.91534697462
45.4940000000001,1998.35706779511
45.4950000000001,1996.11198418088
45.4960000000001,1993.30129073495
45.4970000000001,1990.0591601468
45.498,1985.15836104333
45.499,1979.11879965244
45.5,1973.23553518966
45.5010000000002,1967.88063944102
45.5020000000002,1963.40055557081
45.5030000000002,1960.08673881135
45.5040000000001,1956.56054577307
45.5050000000001,1953.7050742718
45.5060000000001,1952.90914050477
45.5070000000001,1954.28687766566
45.508,1957.74778964376
45.509,1963.00569617122
45.5100000000002,1968.00189922776
45.5110000000002,1972.99970570278
45.5120000000002,1978.73699052981
45.5130000000001,1984.87634932036
45.5140000000001,1991.07162762778
45.5150000000001,1997.00395374555
45.5160000000001,2000.8161952054
45.5170000000001,2003.1724425475
45.518,2005.2809699273
45.519,2007.43915596082
45.5200000000002,2009.92790816254
45.5210000000002,2012.95221840612
45.5220000000002,2014.96377216742
45.5230000000001,2016.82226910407
45.5240000000001,2019.59671098463
45.5250000000001,2023.28868447486
45.5260000000001,2027.75294219267
45.527,2032.71662948749
45.528,2036.12961198836
45.5290000000002,2038.60009751796
45.5300000000002,2040.96111854994
45.5310000000002,2043.15562915944
45.5320000000002,2045.12772139707
45.5330000000001,2046.81484389615
45.5340000000001,2046.42426056602
45.5350000000001,2044.9766371798
45.5360000000001,2043.59360778443
45.537,2042.50786766348
45.538,2041.90138447772
45.5390000000002,2041.88882200013
45.5400000000002,2040.77240441421
45.5410000000002,2039.68048466316
45.5420000000001,2039.6591752984
45.5430000000001,2040.83233637041
45.5440000000001,2043.18997218674
45.5450000000001,2046.57428804376
45.546,2048.92806888897
45.547,2051.07520053778
45.548,2053.65832229393
45.5490000000002,2056.50290833162
45.5500000000002,2059.41330773751
45.5510000000002,2062.19497123179
45.5520000000001,2062.89940617089
45.5530000000001,2062.69822738925
45.5540000000001,2062.56917306713
45.5550000000001,2062.75877089491
45.556,2063.47014541825
45.557,2064.82269981524
45.5580000000002,2065.03542133298
45.5590000000002,2065.37904138831
45.5600000000002,2066.67786043282
45.5610000000001,2068.95951590852
45.5620000000001,2072.15343218065
45.5630000000001,2076.10744281411
45.5640000000001,2078.80763602607
45.5650000000001,2081.44310987293
45.566,2084.74475918144
45.567,2088.76480886592
45.5680000000002,2093.49860620979
45.5690000000002,2098.85996060209
45.5700000000002,2102.82503443311
45.5710000000001,2106.63119064807
45.5720000000001,2110.88241851707
45.5730000000001,2115.48713127557
45.5740000000001,2120.27752758189
45.575,2125.02298562119
45.576,2127.54936940926
45.5770000000002,2129.19086928468
45.5780000000002,2130.6237448649
45.5790000000002,2131.94293387094
45.5800000000002,2133.23000766326
45.5810000000001,2134.52695117935
45.5820000000001,2133.85228425511
45.5830000000001,2132.81767221249
45.5840000000001,2132.16308863032
45.585,2131.96336599799
45.586,2132.17141425903
45.5870000000002,2132.6175145149
45.5880000000002,2130.99946322413
45.5890000000002,2128.79605239735
45.5900000000001,2126.56430880018
45.5910000000001,2124.33725272585
45.5920000000001,2122.15923006679
45.5930000000001,2120.07687825182
45.5940000000001,2116.02331434923
45.595,2111.91533845798
45.596,2108.5873715983
45.5970000000002,2106.26882192227
45.5980000000002,2105.03243305479
45.5990000000002,2104.75623706206
45.6000000000001,2102.97541420222
45.6010000000001,2101.19352715617
45.6020000000001,2099.66303981358
45.6030000000001,2098.11373417409
45.604,2096.26340225982
45.605,2093.85623786563
45.6060000000002,2088.51385813517
45.6070000000002,2082.19670566641
45.6080000000002,2075.68281823764
45.6090000000002,2069.3534057193
45.6100000000001,2063.54980875716
45.6110000000001,2058.49886797234
45.6120000000001,2052.04768620263
45.6130000000001,2046.23137247806
45.614,2041.52764795842
45.615,2037.86705983546
45.6160000000002,2035.05569522953
45.6170000000002,2032.81684270185
45.6180000000002,2028.61579816072
45.6190000000001,2024.39261779385
45.6200000000001,2020.64318428152
45.6210000000001,2017.55322638576
45.6220000000001,2015.31384069245
45.623,2014.07140395505
45.624,2011.65047675103
45.625,2010.28737189868
45.6260000000002,2010.47804259234
45.6270000000002,2012.2603310232
45.6280000000002,2015.52678180566
45.6290000000001,2020.03794602666
45.6300000000001,2023.18998763509
45.6310000000001,2026.95467569865
45.6320000000001,2031.53614410779
45.633,2036.83327831996
45.634,2042.71429256856
45.6350000000002,2049.01034008982
45.6360000000002,2053.22300042817
45.6370000000002,2057.58728722903
45.6380000000001,2062.4621499569
45.6390000000001,2067.94410057453
45.6400000000001,2074.10345995338
45.6410000000001,2080.97492039777
45.6420000000001,2086.22700822255
45.643,2092.33036669369
45.644,2099.69409488968
45.6450000000002,2108.39264143569
45.6460000000002,2118.33469590549
45.6470000000002,2129.2432730838
45.6480000000001,2138.31920008359
45.6490000000001,2147.58053913731
45.6500000000001,2156.87367036086
45.6510000000001,2165.83862495949
45.652,2174.12838051659
45.653,2181.45079097347
45.6540000000002,2185.21741890618
45.6550000000002,2187.99505697124
45.6560000000002,2190.22616248484
45.6570000000002,2192.22749549643
45.6580000000001,2194.25042526405
45.6590000000001,2196.41678609611
45.6600000000001,2196.26612018737
45.6610000000001,2196.34166731663
45.662,2196.7420851812
45.663,2197.35306718676
45.6640000000002,2197.98035282346
45.6650000000002,2198.38915589914
45.6660000000002,2195.89538163679
45.6670000000001,2193.10492884288
45.6680000000001,2190.23709836483
45.6690000000001,2187.42932159331
45.6700000000001,2184.74205646449
45.671,2182.11110911032
45.672,2176.86853902793
45.673,2171.54317290816
45.6740000000002,2166.08421867326
45.6750000000002,2160.36535387485
45.6760000000002,2154.2495116218
45.6770000000001,2147.59290126845
45.6780000000001,2137.97460039826
45.6790000000001,2128.245592089
45.6800000000001,2118.8819924422
45.681,2110.33658398006
45.682,2102.97587384227
45.6830000000002,2096.92788224104
45.6840000000002,2089.87461034161
45.6850000000002,2084.35419617987
45.6860000000001,2080.31238662988
45.6870000000001,2077.51161835024
45.6880000000001,2075.5994742192
45.6890000000001,2074.0561166766
45.6900000000001,2070.24126775306
45.691,2066.54367192635
45.692,2063.05884658458
45.6930000000002,2059.90867089573
45.6940000000002,2057.20810025233
45.6950000000002,2054.86057117938
45.6960000000001,2050.65407391328
45.6970000000001,2047.12837467189
45.6980000000001,2044.35896072194
45.6990000000001,2042.29343769054
45.7,2040.79455850684
45.701,2039.489275716
45.7020000000002,2036.08252415417
45.7030000000002,2033.10337493777
45.7040000000002,2030.77122388371
45.7050000000002,2029.28536435839
45.7060000000001,2028.79932319799
45.7070000000001,2029.14977663515
45.7080000000001,2028.23551062951
45.7090000000001,2028.56045195267
45.71,2030.14875875832
45.711,2032.86847397956
45.7120000000002,2036.47136183993
45.7130000000002,2040.36171020039
45.7140000000002,2042.19631045338
45.7150000000001,2044.2877451644
45.7160000000001,2046.61609534742
45.7170000000001,2049.13393548651
45.7180000000001,2051.76977412849
45.7190000000001,2054.11012880048
45.72,2054.10447479794
45.721,2054.20705567742
45.7220000000002,2054.50741727226
45.7230000000002,2055.01264222378
45.7240000000002,2055.67256256269
45.7250000000001,2056.05315824404
45.7260000000001,2054.21772115101
45.7270000000001,2052.65959651428
45.7280000000001,2051.57093661464
45.729,2051.07493387806
45.73,2051.22435045785
45.7310000000002,2051.61163585436
45.7320000000002,2050.38156986569
45.7330000000002,2049.93180786528
45.7340000000002,2050.3512471474
45.7350000000001,2051.63276048937
45.7360000000001,2053.69595210649
45.7370000000001,2055.9814105419
45.7380000000001,2056.6183614727
45.739,2057.90017734246
45.74,2059.87211998273
45.7410000000002,2062.47295938172
45.7420000000002,2065.53249183436
45.7430000000002,2068.31821785283
45.7440000000001,2068.85460009057
45.7450000000001,2069.1873341632
45.7460000000001,2069.21031734716
45.7470000000001,2068.80181410346
45.748,2067.86490326692
45.749,2065.86329412444
45.75,2061.28495863255
45.7510000000002,2056.63368531054
45.7520000000002,2052.36203547107
45.7530000000002,2048.87672734361
45.7540000000001,2046.48922556593
45.7550000000001,2044.83792082704
45.7560000000001,2042.44817418335
45.7570000000001,2041.52129356126
45.758,2042.03569279035
45.759,2043.78729570712
45.7600000000002,2046.42966974836
45.7610000000002,2048.9539312132
45.7620000000002,2049.47835030833
45.7630000000001,2049.88889789403
45.7640000000001,2050.10684272438
45.7650000000001,2050.08345362517
45.7660000000001,2049.79776178212
45.7670000000001,2048.64328663483
45.768,2045.30242867026
45.769,2042.03584133154
45.7700000000002,2039.10781590421
45.7710000000002,2036.69838076653
45.7720000000002,2034.89535019859
45.7730000000001,2033.06494237364
45.7740000000001,2029.91104114321
45.7750000000001,2027.51152411699
45.7760000000001,2025.96862494183
45.777,2025.29989375139
45.778,2025.44791322033
45.7790000000002,2025.63253758227
45.7800000000002,2024.56965762325
45.7810000000002,2024.21060317278
45.7820000000002,2024.59473694702
45.7830000000001,2025.69301296229
45.7840000000001,2027.42299569167
45.7850000000001,2028.98955802135
45.7860000000001,2029.26210335117
45.787,2030.17239544899
45.788,2031.82646905727
45.7890000000002,2034.27411500292
45.7900000000002,2037.51473197561
45.7910000000002,2040.79906067475
45.7920000000001,2043.13369379422
45.7930000000001,2046.39792672259
45.7940000000001,2050.6351282836
45.7950000000001,2055.76553521035
45.796,2061.59456167757
45.797,2067.09910952034
45.798,2071.10193602056
45.7990000000002,2075.18868379424
45.8000000000002,2079.20619605626
45.8010000000002,2082.98128911359
45.8020000000001,2086.36465840323
45.8030000000001,2088.50114525631
45.8040000000001,2088.64145006441
45.8050000000001,2088.80424688593
45.806,2089.35464111888
45.807,2090.61835053037
45.8080000000002,2092.84774708243
45.8090000000002,2095.39311829341
45.8100000000002,2097.60817035738
45.8110000000001,2101.2740166085
45.8120000000001,2106.35202525147
45.8130000000001,2112.61257267742
45.8140000000001,2119.67383113265
45.8150000000001,2126.22195759872
45.816,2131.12244351728
45.817,2135.69191793111
45.8180000000002,2139.63369473497
45.8190000000002,2142.63289042128
45.8200000000002,2144.3827166797
45.8210000000001,2143.73036157017
45.8220000000001,2139.91983449388
45.8230000000001,2134.70909209389
45.8240000000001,2128.33807509403
45.825,2121.09377999468
45.826,2113.29896632777
45.8270000000002,2104.2696825583
45.8280000000002,2093.71209094988
45.8290000000002,2083.90948612369
45.8300000000002,2075.31245215421
45.8310000000001,2068.11342067495
45.8320000000001,2062.17852609031
45.8330000000001,2055.78440665261
45.8340000000001,2047.4302659833
45.835,2038.5871983606
45.836,2028.88263052742
45.8370000000002,2018.0385147362
45.8380000000002,2005.91402550096
45.8390000000002,1991.08422515259
45.8400000000001,1972.92436078431
45.8410000000001,1954.37163721831
45.8420000000001,1936.53138129107
45.8430000000001,1920.4731157761
45.8440000000001,1907.01658143288
45.845,1895.3529912223
45.846,1884.93159461001
45.8470000000002,1877.20306046766
45.8480000000002,1871.62997285572
45.8490000000002,1867.48514189985
45.8500000000001,1864.04991699557
45.8510000000001,1860.08399115265
45.8520000000001,1855.41647104295
45.8530000000001,1851.12649862198
45.854,1847.30618165013
45.855,1844.04266734402
45.8560000000002,1841.3845669427
45.8570000000002,1838.79235718408
45.8580000000002,1836.48367139972
45.8590000000002,1835.04910443963
45.8600000000001,1834.02561180284
45.8610000000001,1832.88487997372
45.8620000000001,1831.22957193743
45.8630000000001,1828.39877540781
45.864,1824.95630983874
45.865,1822.11039235621
45.8660000000002,1820.18583350392
45.8670000000002,1819.3574926464
45.8680000000002,1819.62012247173
45.8690000000001,1819.9310804744
45.8700000000001,1820.2227910481
45.8710000000001,1821.3506332029
45.8720000000001,1823.04953493064
45.873,1825.13745837506
45.874,1827.6590492428
45.875,1829.79300548492
45.8760000000002,1832.44334487245
45.8770000000002,1838.32622278102
45.8780000000002,1849.08862536706
45.8790000000001,1866.45475198648
45.8800000000001,1892.07009049318
45.8810000000001,1926.08567120179
45.8820000000001,1969.77902466855
45.883,2025.38650559128
45.884,2093.35415900459
45.8850000000002,2173.63146780276
45.8860000000002,2265.73408684317
45.8870000000002,2367.62437644608
45.8880000000001,2478.50502443385
45.8890000000001,2598.47117168911
45.8900000000001,2726.1132866327
45.8910000000001,2859.56692211593
45.8920000000001,2996.31334186704
45.893,3131.70856047111
45.894,3261.48018674332
45.8950000000002,3380.92548054435
45.8960000000002,3482.69022948331
45.8970000000002,3558.08760794497
45.8980000000001,3597.6511487846
45.8990000000001,3590.78294989932
45.9000000000001,3529.8238574832
45.9010000000001,3410.60127673012
45.902,3231.55795300026
45.903,2995.68028333114
45.9040000000002,2710.82010970361
45.9050000000002,2388.07783684863
45.9060000000002,2043.69941838006
45.9070000000002,1696.52723865266
45.9080000000001,1364.04940343844
45.9090000000001,1061.32551705636
45.9100000000001,799.23864097025
45.9110000000001,582.14044034145
45.912,410.691404590649
45.913,281.515490503409
45.9140000000002,186.929553534197
45.9150000000002,117.866016024311
45.9160000000002,65.9305448249736
45.9170000000001,23.8651093499013
45.9180000000001,-10.1911019377424
45.9190000000001,-33.6694146962479
45.9200000000001,-41.7842418197192
45.921,-27.9261082158082
45.922,14.6248446957203
45.923,89.650381682015
45.9240000000002,199.883918904578
45.9250000000002,344.822373586017
45.9260000000002,519.214675790002
45.9270000000001,714.61213040601
45.9280000000001,920.552726886236
45.9290000000001,1124.65524873219
45.9300000000001,1317.41923518721
45.931,1491.72269238958
45.932,1642.10766198342
45.9330000000002,1765.75529694671
45.9340000000002,1862.16508602058
45.9350000000002,1931.17694499073
45.9360000000001,1975.81472818952
45.9370000000001,1999.87201606475
45.9380000000001,2006.27998490721
45.9390000000001,1997.75246824259
45.9400000000001,1976.80822414564
45.941,1944.48323348429
45.942,1904.24571610986
45.9430000000002,1860.01037583994
45.9440000000002,1814.99422265866
45.9450000000002,1772.34696576886
45.9460000000001,1734.86957813079
45.9470000000001,1703.10262980013
45.9480000000001,1679.43786090701
45.9490000000001,1665.32146715951
45.95,1660.28468914423
45.951,1663.02626450707
45.9520000000002,1671.71019581713
45.9530000000002,1682.38139221058
45.9540000000002,1694.61273475791
45.9550000000002,1708.01733856665
45.9560000000001,1721.44803987
45.9570000000001,1734.0719107517
45.9580000000001,1745.35810025182
45.9590000000001,1752.86350585761
45.96,1758.30807584681
45.961,1762.93791256942
45.9620000000002,1766.73677087664
45.9630000000002,1769.58148886772
45.9640000000002,1771.33754997372
45.9650000000001,1770.10294094815
45.9660000000001,1767.39273215463
45.9670000000001,1764.45638982232
45.9680000000001,1761.64659357482
45.9690000000001,1759.21639517733
45.97,1757.29160891759
45.971,1754.67864849053
45.9720000000002,1751.89866532773
45.9730000000002,1749.5621440785
45.9740000000002,1747.85725333795
45.9750000000001,1746.9404023352
45.9760000000001,1746.87872183783
45.9770000000001,1746.66022337907
45.9780000000001,1746.45539710572
45.979,1746.66559435161
45.98,1747.43809847278
45.9810000000002,1748.88401431653
45.9820000000002,1750.9979345605
45.9830000000002,1752.62836578449
45.9840000000002,1753.86164524212
45.9850000000001,1754.97452547737
45.9860000000001,1756.03305309448
45.9870000000001,1757.1201256425
45.9880000000001,1758.26481865413
45.989,1757.99435123696
45.99,1757.10919012038
45.9910000000002,1756.18079150508
45.9920000000002,1755.36335972671
45.9930000000002,1754.80728092805
45.9940000000001,1754.62578970034
45.9950000000001,1753.1041221395
45.9960000000001,1751.73023716442
45.9970000000001,1751.27391385359
45.998,1751.86482173534
45.999,1753.53481971475
46,1756.21811647998
46.0010000000002,1757.94504730508
46.0020000000002,1760.09764121777
46.0030000000002,1763.2057727204
46.0040000000001,1767.18846957146
46.0050000000001,1771.87825146231
46.0060000000001,1777.03092936101
46.0070000000001,1780.58453312919
46.008,1783.7676813509
46.009,1787.04723468934
46.0100000000002,1790.44504115997
46.0110000000002,1793.98534777945
46.0120000000002,1797.6780515867
46.0130000000001,1799.71653801221
46.0140000000001,1801.65378781225
46.0150000000001,1804.16556658749
46.0160000000001,1807.446293415
46.0170000000001,1811.59161353788
46.018,1816.56117042822
46.019,1820.30837336819
46.0200000000002,1824.20878407516
46.0210000000002,1828.53771091231
46.0220000000002,1833.06689749028
46.0230000000001,1837.48226709776
46.0240000000001,1841.40491879111
46.0250000000001,1842.54309229992
46.0260000000001,1842.28427470274
46.027,1840.97062861707
46.028,1838.63155567573
46.0290000000002,1835.35045178963
46.0300000000002,1831.2547071266
46.0310000000002,1824.60556824389
46.0320000000002,1817.45784333349
46.0330000000001,1810.71872738447
46.0340000000001,1804.96463307444
46.0350000000001,1800.73209991836
46.0360000000001,1798.46554784908
46.037,1796.53366268029
46.038,1796.9886784668
46.0390000000002,1800.40566870593
46.0400000000002,1806.81924671437
46.0410000000002,1815.99578955503
46.0420000000001,1827.42155483811
46.0430000000001,1838.36040492294
46.0440000000001,1849.83344797374
46.0450000000001,1861.37117945633
46.046,1872.19957812113
46.047,1881.58439499923
46.048,1888.89467154763
46.0490000000002,1891.65910194367
46.0500000000002,1891.67300620123
46.0510000000002,1889.46863461326
46.0520000000001,1885.52586713996
46.0530000000001,1880.44485904024
46.0540000000001,1874.85931093057
46.0550000000001,1867.31582410887
46.056,1860.42155161637
46.057,1855.03884057129
46.0580000000002,1851.61468695417
46.0590000000002,1850.35685872177
46.0600000000002,1851.22395976909
46.0610000000001,1851.89639957439
46.0620000000001,1854.12522697877
46.0630000000001,1857.87074433933
46.0640000000001,1862.85141255381
46.0650000000001,1868.74867084429
46.066,1875.22231297029
46.067,1879.82156927895
46.0680000000002,1884.48129850869
46.0690000000002,1889.33861112451
46.0700000000002,1894.35959226911
46.0710000000001,1899.44837271407
46.0720000000001,1904.41550494072
46.0730000000001,1906.78815016098
46.0740000000001,1908.59717476984
46.075,1909.8991039859
46.076,1910.62011156894
46.0770000000002,1910.68802299674
46.0780000000002,1910.04254534685
46.0790000000002,1906.37331151156
46.0800000000002,1902.21175549725
46.0810000000001,1898.05375940489
46.0820000000001,1894.31538923222
46.0830000000001,1891.35494492536
46.0840000000001,1889.40777845825
46.085,1886.17854287167
46.086,1884.2237349112
46.0870000000002,1883.7186155734
46.0880000000002,1884.64241512744
46.0890000000002,1886.83383309494
46.0900000000001,1889.99949164509
46.0910000000001,1891.32531012974
46.0920000000001,1893.08419168524
46.0930000000001,1895.18641825653
46.0940000000001,1897.50802650156
46.095,1899.88986386458
46.096,1902.08348292024
46.0970000000002,1901.47829219796
46.0980000000002,1900.48792194554
46.0990000000002,1899.260018935
46.1000000000001,1897.96865894569
46.1010000000001,1896.81535618864
46.1020000000001,1895.92768838325
46.1030000000001,1893.1949444647
46.104,1891.39890546322
46.105,1890.95460827443
46.1060000000002,1892.11378058962
46.1070000000002,1894.9118005545
46.1080000000002,1899.01111715782
46.1090000000002,1901.69763814043
46.1100000000001,1904.93261957134
46.1110000000001,1908.2600016484
46.1120000000001,1911.16027478214
46.1130000000001,1913.14424905424
46.114,1913.67835302789
46.115,1910.3915831856
46.1160000000002,1905.87772591251
46.1170000000002,1900.68740738883
46.1180000000002,1895.49465950757
46.1190000000001,1891.01014911432
46.1200000000001,1887.68807975339
46.1210000000001,1883.92514230577
46.1220000000001,1882.52663727625
46.123,1883.8419384624
46.124,1887.93060909284
46.125,1894.58375579596
46.1260000000002,1903.14718393067
46.1270000000002,1911.03252441076
46.1280000000002,1920.13571316646
46.1290000000001,1930.20185954728
46.1300000000001,1941.03418962286
46.1310000000001,1952.51512600958
46.1320000000001,1964.33046167471
46.133,1974.50324160327
46.134,1985.51612082585
46.1350000000002,1997.60693669902
46.1360000000002,2010.85640693289
46.1370000000002,2025.14375622285
46.1380000000001,2039.82866795806
46.1390000000001,2052.47441743073
46.1400000000001,2064.92560014976
46.1410000000001,2076.82975566892
46.1420000000001,2087.85295614477
46.143,2097.74954441107
46.144,2106.06644250343
46.1450000000002,2110.99106914093
46.1460000000002,2115.14608540115
46.1470000000002,2119.10147356092
46.1480000000001,2123.37729378538
46.1490000000001,2128.3400802487
46.1500000000001,2133.74256745933
46.1510000000001,2137.66629139856
46.152,2142.11235233659
46.153,2146.78643481834
46.1540000000002,2151.24396631324
46.1550000000002,2154.98957525566
46.1560000000002,2157.1634981162
46.1570000000002,2155.75343730675
46.1580000000001,2153.01289867746
46.1590000000001,2149.31053990542
46.1600000000001,2145.11150335786
46.1610000000001,2140.89128868532
46.162,2136.59488942267
46.163,2130.83697873248
46.1640000000002,2126.04198216965
46.1650000000002,2122.41860588594
46.1660000000002,2119.98998496829
46.1670000000001,2118.63763636874
46.1680000000001,2117.66823270353
46.1690000000001,2115.27915886302
46.1700000000001,2113.59853087363
46.171,2112.76692541751
46.172,2112.89319053854
46.173,2114.00287156902
46.1740000000002,2115.46044567943
46.1750000000002,2115.49951854004
46.1760000000002,2116.0484021331
46.1770000000001,2116.9376308813
46.1780000000001,2117.91869035289
46.1790000000001,2118.72195043886
46.1800000000001,2118.55138429874
46.181,2115.83152977844
46.182,2112.81659700663
46.1830000000002,2109.91596975345
46.1840000000002,2107.56137231141
46.1850000000002,2106.1284246117
46.1860000000001,2105.26136020209
46.1870000000001,2103.67602725525
46.1880000000001,2103.52577449223
46.1890000000001,2104.87917570757
46.1900000000001,2107.6519518843
46.191,2111.64937243785
46.192,2115.97090949575
46.1930000000002,2119.06677590707
46.1940000000002,2122.92180463338
46.1950000000002,2127.61149369171
46.1960000000001,2133.16065349388
46.1970000000001,2139.49876388072
46.1980000000001,2145.73147614019
46.1990000000001,2150.30692626957
46.2,2155.01554782225
46.201,2159.62639952612
46.2020000000002,2163.83683854905
46.2030000000002,2167.33016724438
46.2040000000002,2169.08865732344
46.2050000000002,2167.78870214224
46.2060000000001,2165.65032776206
46.2070000000001,2163.05830453402
46.2080000000001,2160.43170620871
46.2090000000001,2158.16434981633
46.21,2155.77394193658
46.211,2152.36687134482
46.2120000000002,2150.23060487806
46.2130000000002,2149.55764477875
46.2140000000002,2150.35054927687
46.2150000000001,2152.45123662292
46.2160000000001,2154.75269274732
46.2170000000001,2155.92997954417
46.2180000000001,2157.88299895921
46.2190000000001,2160.61995948766
46.22,2164.13574557473
46.221,2168.40127738432
46.2220000000002,2172.47431604984
46.2230000000002,2175.31127600465
46.2240000000002,2178.91027354238
46.2250000000001,2183.31734241963
46.2260000000001,2188.44688784265
46.2270000000001,2194.08645710212
46.2280000000001,2199.01826390784
46.229,2202.04110264243
46.23,2204.91801141546
46.2310000000002,2207.62949029542
46.2320000000002,2210.17624194057
46.2330000000002,2212.58685035035
46.2340000000002,2213.96500181157
46.2350000000001,2213.61341536726
46.2360000000001,2213.69673099552
46.2370000000001,2214.52971776569
46.2380000000001,2216.27584825155
46.239,2218.90379353345
46.24,2221.17793071868
46.2410000000002,2221.98528819892
46.2420000000002,2222.87168916672
46.2430000000002,2223.56277271946
46.2440000000001,2223.76199653952
46.2450000000001,2223.21603912894
46.2460000000001,2220.73714833559
46.2470000000001,2215.69846983904
46.248,2210.28480323832
46.249,2205.06576702707
46.25,2200.60824865591
46.2510000000002,2197.38771375298
46.2520000000002,2194.62043802656
46.2530000000002,2191.86264444236
46.2540000000001,2191.07154480238
46.2550000000001,2192.30123587936
46.2560000000001,2195.40771562435
46.2570000000001,2200.08723644162
46.258,2204.78458836574
46.259,2208.57232604247
46.2600000000002,2213.02691614417
46.2610000000002,2218.05158582518
46.2620000000002,2223.5219762098
46.2630000000001,2229.26230119789
46.2640000000001,2233.85797835153
46.2650000000001,2236.64700325219
46.2660000000001,2239.28329650326
46.2670000000001,2241.76543895348
46.268,2244.07463219136
46.269,2246.19595830444
46.2700000000002,2246.93644596609
46.2710000000002,2246.06460054867
46.2720000000002,2245.57298658961
46.2730000000001,2245.83776112345
46.2740000000001,2247.11777521385
46.2750000000001,2249.49284114314
46.2760000000001,2251.59814869414
46.277,2252.90391226545
46.278,2254.76237811922
46.2790000000002,2256.85847865736
46.2800000000002,2258.79831756236
46.2810000000002,2260.19296319756
46.2820000000002,2259.48894657071
46.2830000000001,2256.4677399049
46.2840000000001,2253.01462846347
46.2850000000001,2249.68905679478
46.2860000000001,2247.13032343696
46.287,2245.96401467343
46.288,2245.40549123484
46.2890000000002,2245.76663504003
46.2900000000002,2248.85902243465
46.2910000000002,2254.6871173383
46.2920000000001,2262.87782451578
46.2930000000001,2272.72366150379
46.2940000000001,2281.94422870777
46.2950000000001,2289.58938853834
46.296,2296.41507984821
46.297,2301.91202929186
46.298,2305.80964539923
46.2990000000002,2308.13255113304
46.3000000000002,2307.83722257194
46.3010000000002,2305.69450024097
46.3020000000001,2304.16955042795
46.3030000000001,2304.33646399345
46.3040000000001,2307.08360200827
46.3050000000001,2312.96855045046
46.306,2320.71558045633
46.307,2330.25705202066
46.3080000000002,2342.48988649013
46.3090000000002,2356.58388594997
46.3100000000002,2371.42994365723
46.3110000000001,2385.79300506027
46.3120000000001,2397.05091607538
46.3130000000001,2404.53566059281
46.3140000000001,2409.12808149884
46.3150000000001,2410.71675898815
46.316,2409.45131110388
46.317,2405.68439803396
46.3180000000002,2398.42073323685
46.3190000000002,2388.6191662666
46.3200000000002,2378.3788816772
46.3210000000001,2368.42387945172
46.3220000000001,2359.29727059603
46.3230000000001,2351.33545433571
46.3240000000001,2343.09889062303
46.325,2335.0505117472
46.326,2328.60692271915
46.3270000000002,2323.76168056778
46.3280000000002,2320.3325323929
46.3290000000002,2317.96488347605
46.3300000000002,2314.35230243598
46.3310000000001,2309.48311655274
46.3320000000001,2304.53549574973
46.3330000000001,2299.38282599613
46.3340000000001,2293.92282698368
46.335,2288.06586888929
46.336,2279.5576069627
46.3370000000002,2269.01313794851
46.3380000000002,2258.54624198967
46.3390000000002,2248.88379713576
46.3400000000001,2240.7038518826
46.3410000000001,2234.48413963417
46.3420000000001,2228.02515910138
46.3430000000001,2221.91179102314
46.3440000000001,2217.83002555356
46.345,2215.78251589669
46.346,2215.56961527402
46.3470000000002,2216.78593259419
46.3480000000002,2216.97122186741
46.3490000000002,2216.28420444915
46.3500000000001,2215.59681118566
46.3510000000001,2214.66639346208
46.3520000000001,2213.36473779734
46.3530000000001,2211.71733038361
46.354,2208.76941196398
46.355,2205.68791455846
46.3560000000002,2203.54271383123
46.3570000000002,2202.40183603147
46.3580000000002,2202.08884178669
46.3590000000002,2202.24007050954
46.3600000000001,2201.58271807581
46.3610000000001,2200.55856797783
46.3620000000001,2199.205650508
46.3630000000001,2196.93250045938
46.364,2193.2856697497
46.365,2188.12709895408
46.3660000000002,2180.70277491328
46.3670000000002,2172.70110144636
46.3680000000002,2165.69768162402
46.3690000000001,2160.51955496966
46.3700000000001,2157.74659175702
46.3710000000001,2157.61682329005
46.3720000000001,2158.36542070348
46.373,2160.77276477472
46.374,2165.32299514431
46.375,2171.54517519835
46.3760000000002,2179.07272016976
46.3770000000002,2187.82826960523
46.3780000000002,2196.16749158464
46.3790000000001,2206.26304106075
46.3800000000001,2220.64033551314
46.3810000000001,2241.10342719537
46.3820000000001,2269.46039132755
46.383,2307.31242039899
46.384,2353.93114599462
46.3850000000002,2411.50887268299
46.3860000000002,2481.58126377901
46.3870000000002,2564.34779659957
46.3880000000001,2659.599222287
46.3890000000001,2766.76340051346
46.3900000000001,2883.00395057225
46.3910000000001,3008.38752485586
46.3920000000001,3142.01832439102
46.393,3281.31226915065
46.394,3422.56666050965
46.3950000000002,3560.81229100854
46.3960000000002,3687.88406049619
46.3970000000002,3797.97443687164
46.3980000000001,3884.11200118636
46.3990000000001,3938.36932076525
46.4000000000001,3953.29827439202
46.4010000000001,3922.6755373036
46.402,3840.24681493112
46.403,3705.8333471954
46.4040000000002,3521.58478757079
46.4050000000002,3291.83023350932
46.4060000000002,3023.54211254082
46.4070000000002,2725.81874187127
46.4080000000001,2407.1624470036
46.4090000000001,2080.31333249049
46.4100000000001,1757.08010461939
46.4110000000001,1447.51564180673
46.412,1159.99311855122
46.413,900.861825852489
46.4140000000002,672.367859008711
46.4150000000002,478.615540396835
46.4160000000002,321.4348212762
46.4170000000001,200.972844202216
46.4180000000001,116.802282551608
46.4190000000001,68.3129654211065
46.4200000000001,52.9023234854604
46.421,71.897033072791
46.422,125.644893687195
46.423,213.438380696193
46.4240000000002,333.684857729296
46.4250000000002,483.524987816577
46.4260000000002,656.516613304143
46.4270000000001,848.634223744774
46.4280000000001,1053.52901724116
46.4290000000001,1263.36482070064
46.4300000000001,1469.95060781096
46.431,1665.40786525934
46.432,1840.73743596805
46.4330000000002,1992.46235066812
46.4340000000002,2117.84762868038
46.4350000000002,2215.55391465648
46.4360000000001,2286.00299595899
46.4370000000001,2331.06350414444
46.4380000000001,2351.50036856464
46.4390000000001,2352.85905833353
46.4400000000001,2339.66479166666
46.441,2315.83017814163
46.442,2284.91203241863
46.4430000000002,2250.00155265172
46.4440000000002,2211.4548892984
46.4450000000002,2173.62541536368
46.4460000000001,2139.01622576055
46.4470000000001,2109.21776260311
46.4480000000001,2085.3422984699
46.4490000000001,2067.99635385227
46.45,2054.80106825562
46.451,2047.93053789293
46.4520000000002,2047.27977219314
46.4530000000002,2051.85321319243
46.4540000000002,2060.37335086661
46.4550000000002,2071.45189498194
46.4560000000001,2080.90754356146
46.4570000000001,2090.77851829827
46.4580000000001,2100.86998742341
46.4590000000001,2110.60191290446
46.46,2119.51433380646
46.461,2127.26449037625
46.4620000000002,2130.56583508225
46.4630000000002,2132.74174129994
46.4640000000002,2134.30015101801
46.4650000000001,2135.11611315213
46.4660000000001,2134.96898011396
46.4670000000001,2133.64326381863
46.4680000000001,2128.47515853281
46.4690000000001,2122.2517029776
46.47,2115.7631680846
46.471,2109.49660044185
46.4720000000002,2103.89144052795
46.4730000000002,2099.27920530093
46.4740000000002,2094.06160236296
46.4750000000001,2089.85383111795
46.4760000000001,2087.1235530419
46.4770000000001,2086.07041031066
46.4780000000001,2086.71880388566
46.479,2088.8590232478
46.48,2090.5691174538
46.4810000000002,2092.31268416789
46.4820000000002,2093.9428122346
46.4830000000002,2095.29388941439
46.4840000000002,2096.22943934098
46.4850000000001,2096.58243126591
46.4860000000001,2094.4290241063
46.4870000000001,2091.04392630308
46.4880000000001,2086.84411824022
46.489,2082.33301465362
46.49,2078.12426629707
46.4910000000002,2074.82956422965
46.4920000000002,2070.68064843088
46.4930000000002,2068.43220635448
46.4940000000001,2068.68792704878
46.4950000000001,2071.65546533769
46.4960000000001,2077.20926924884
46.4970000000001,2084.86682091099
46.498,2091.2172331428
46.499,2098.20589532033
46.5,2105.13716571879
46.5010000000002,2111.20254928347
46.5020000000002,2115.70639071181
46.5030000000002,2118.16543839005
46.5040000000001,2115.78705859247
46.5050000000001,2111.65175868215
46.5060000000001,2106.52303010025
46.5070000000001,2101.23062304676
46.508,2096.59430432755
46.509,2093.28660778904
46.5100000000002,2089.17862880273
46.5110000000002,2087.33342434228
46.5120000000002,2087.95910470365
46.5130000000001,2090.94398193944
46.5140000000001,2095.91714099074
46.5150000000001,2102.27382813296
46.5160000000001,2106.8588925684
46.5170000000001,2111.88248329633
46.518,2117.0829870679
46.519,2122.23731248861
46.5200000000002,2127.16365821297
46.5210000000002,2131.60991082974
46.5220000000002,2132.97124002188
46.5230000000001,2133.91136770314
46.5240000000001,2134.53295012477
46.5250000000001,2134.85742407026
46.5260000000001,2134.84600866679
46.527,2134.29878894285
46.528,2130.784817598
46.5290000000002,2127.09090957655
46.5300000000002,2123.55817550223
46.5310000000002,2120.5251420753
46.5320000000002,2118.30967428417
46.5330000000001,2117.00755404238
46.5340000000001,2114.50902877559
46.5350000000001,2113.61149022573
46.5360000000001,2114.51402889842
46.537,2117.19260535891
46.538,2121.40913938581
46.5390000000002,2126.53917958257
46.5400000000002,2129.83407165009
46.5410000000002,2133.42524588521
46.5420000000001,2137.06963647526
46.5430000000001,2140.56684314671
46.5440000000001,2143.80186676008
46.5450000000001,2146.51758660291
46.546,2146.67112181666
46.547,2147.05748315468
46.548,2148.09572758491
46.5490000000002,2150.07615609751
46.5500000000002,2153.10389768782
46.5510000000002,2156.78981980856
46.5520000000001,2158.79377306795
46.5530000000001,2161.21782333679
46.5540000000001,2163.75209482861
46.5550000000001,2166.01550117617
46.556,2167.64961594182
46.557,2168.0890202915
46.5580000000002,2165.31760677092
46.5590000000002,2161.99418507496
46.5600000000002,2158.66232454792
46.5610000000001,2155.90515822064
46.5620000000001,2154.25917770208
46.5630000000001,2153.76967703278
46.5640000000001,2152.75342458115
46.5650000000001,2153.68622840544
46.566,2156.49824254862
46.567,2160.81320925877
46.5680000000002,2166.01860129628
46.5690000000002,2170.97566712241
46.5700000000002,2173.11911874799
46.5710000000001,2174.28616458051
46.5720000000001,2174.26272012424
46.5730000000001,2172.99948426548
46.5740000000001,2170.61986991768
46.575,2166.96255959311
46.576,2160.65658001901
46.5770000000002,2154.58100667398
46.5780000000002,2149.35482540538
46.5790000000002,2145.4148173748
46.5800000000002,2142.969401641
46.5810000000001,2141.51191416314
46.5820000000001,2139.11419104859
46.5830000000001,2137.88618833938
46.5840000000001,2137.65358386624
46.585,2138.18163134583
46.586,2139.2396996031
46.5870000000002,2140.12735256484
46.5880000000002,2139.1029654018
46.5890000000002,2138.62826725087
46.5900000000001,2139.00658146631
46.5910000000001,2140.45949667333
46.5920000000001,2143.06328215365
46.5930000000001,2146.14036651335
46.5940000000001,2147.79751934991
46.595,2150.01774742872
46.596,2152.50269399466
46.5970000000002,2154.84872247754
46.5980000000002,2156.62158582034
46.5990000000002,2156.82725984382
46.6000000000001,2153.68334174599
46.6010000000001,2149.49875386783
46.6020000000001,2144.59728185587
46.6030000000001,2139.35692029107
46.604,2134.14501862161
46.605,2128.60982778093
46.6060000000002,2121.50460421606
46.6070000000002,2115.24883008204
46.6080000000002,2110.00928226716
46.6090000000002,2105.76917776771
46.6100000000001,2102.37193647825
46.6110000000001,2098.90323549688
46.6120000000001,2093.7966975243
46.6130000000001,2089.22683364332
46.614,2085.38052303051
46.615,2082.46558732246
46.6160000000002,2080.68193773556
46.6170000000002,2079.46299709345
46.6180000000002,2077.63619209258
46.6190000000001,2077.48088516589
46.6200000000001,2079.10092950093
46.6210000000001,2082.39640119353
46.6220000000001,2087.07973565558
46.623,2091.96426548572
46.624,2095.38394586269
46.625,2099.10627412601
46.6260000000002,2102.96297556344
46.6270000000002,2106.82538509258
46.6280000000002,2110.62584004408
46.6290000000001,2113.57166923217
46.6300000000001,2114.65784917522
46.6310000000001,2116.23717442781
46.6320000000001,2118.70962803165
46.633,2122.37978986446
46.634,2127.41881854761
46.6350000000002,2133.01759642688
46.6360000000002,2138.06626084929
46.6370000000002,2144.50774096929
46.6380000000001,2152.27068528914
46.6390000000001,2161.16234325181
46.6400000000001,2170.9084950597
46.6410000000001,2180.33692728512
46.6420000000001,2188.24495827362
46.643,2196.51666498488
46.644,2205.2134944284
46.6450000000002,2214.36767893149
46.6460000000002,2223.95511775891
46.6470000000002,2232.97538488557
46.6480000000001,2240.41888280495
46.6490000000001,2248.10361847255
46.6500000000001,2255.93415133595
46.6510000000001,2263.68516725203
46.652,2271.03049147926
46.653,2276.65163729545
46.6540000000002,2279.43483504662
46.6550000000002,2281.14014253524
46.6560000000002,2281.82263828292
46.6570000000002,2281.58174360522
46.6580000000001,2280.55308454522
46.6590000000001,2277.90803167696
46.6600000000001,2273.14208171743
46.6610000000001,2268.46071590649
46.662,2264.2504957852
46.663,2260.76684308358
46.6640000000002,2258.11434575569
46.6650000000002,2255.23687637671
46.6660000000002,2251.38887737868
46.6670000000001,2248.31790445318
46.6680000000001,2246.00502685649
46.6690000000001,2244.35686287941
46.6700000000001,2243.23240971695
46.671,2241.42958894733
46.672,2238.29919190226
46.673,2235.6653222425
46.6740000000002,2233.70961230391
46.6750000000002,2232.55786743097
46.6760000000002,2232.24940829334
46.6770000000001,2231.63556567803
46.6780000000001,2230.11449759108
46.6790000000001,2229.33114180174
46.6800000000001,2229.22570838066
46.681,2229.62296760771
46.682,2230.25520402223
46.6830000000002,2229.67797208184
46.6840000000002,2227.22162926023
46.6850000000002,2224.49621560298
46.6860000000001,2221.59300476733
46.6870000000001,2218.63127409802
46.6880000000001,2215.74387617571
46.6890000000001,2211.8995120254
46.6900000000001,2206.95186396754
46.691,2202.82752459228
46.692,2199.83007566056
46.6930000000002,2198.12244619735
46.6940000000002,2197.70574811638
46.6950000000002,2197.22193506201
46.6960000000001,2196.20339263598
46.6970000000001,2196.06385368104
46.6980000000001,2196.61950175137
46.6990000000001,2197.60095941253
46.7,2198.69033657894
46.701,2198.32488920154
46.7020000000002,2196.1593625988
46.7030000000002,2193.81043650849
46.7040000000002,2191.49633137615
46.7050000000002,2189.48844184447
46.7060000000001,2188.08721967419
46.7070000000001,2186.2990551681
46.7080000000001,2184.39491395717
46.7090000000001,2184.30112325376
46.71,2186.30145190491
46.711,2190.42612110805
46.7120000000002,2196.43014563806
46.7130000000002,2202.470035178
46.7140000000002,2207.95096388759
46.7150000000001,2213.79083015627
46.7160000000001,2219.39744246205
46.7170000000001,2224.17599575045
46.7180000000001,2227.61593576771
46.7190000000001,2227.98583480387
46.72,2225.33759061951
46.721,2221.45524098497
46.7220000000002,2216.86585172428
46.7230000000002,2212.15263270096
46.7240000000002,2207.87675168616
46.7250000000001,2203.09693544107
46.7260000000001,2198.4107746711
46.7270000000001,2195.62513471772
46.7280000000001,2194.95849702934
46.729,2196.37744668525
46.73,2199.62686748883
46.7310000000002,2202.84867203785
46.7320000000002,2205.87961605527
46.7330000000002,2209.77957134312
46.7340000000002,2214.27602693649
46.7350000000001,2219.07516571365
46.7360000000001,2223.87674786153
46.7370000000001,2226.91330840893
46.7380000000001,2228.3427002346
46.739,2229.48402707728
46.74,2230.36971218177
46.7410000000002,2230.98168085193
46.7420000000002,2231.24973534941
46.7430000000002,2229.54516918822
46.7440000000001,2226.26268247906
46.7450000000001,2222.84275927581
46.7460000000001,2219.48128595213
46.7470000000001,2216.33966733003
46.748,2213.53524080988
46.749,2209.57855191761
46.75,2205.07323365025
46.7510000000002,2201.47658174433
46.7520000000002,2198.94173568471
46.7530000000002,2197.47153478047
46.7540000000001,2196.91332919719
46.7550000000001,2195.39092769721
46.7560000000001,2193.19489584803
46.7570000000001,2191.37597565337
46.758,2189.81470847414
46.759,2188.38568745078
46.7600000000002,2186.98257292618
46.7610000000002,2183.91437961127
46.7620000000002,2179.91576269522
46.7630000000001,2176.43649291485
46.7640000000001,2173.79121748055
46.7650000000001,2172.20109227504
46.7660000000001,2171.74912757991
46.7670000000001,2170.72309327147
46.768,2169.72663029669
46.769,2169.7788263105
46.7700000000002,2170.72347007648
46.7710000000002,2172.31246480496
46.7720000000002,2174.25341580198
46.7730000000001,2174.60621230517
46.7740000000001,2174.0453007819
46.7750000000001,2173.70459681612
46.7760000000001,2173.7153155658
46.777,2174.16538376141
46.778,2175.06004104111
46.7790000000002,2174.62214791611
46.7800000000002,2173.64303981045
46.7810000000002,2173.07253146413
46.7820000000002,2172.77560483319
46.7830000000001,2172.53038958173
46.7840000000001,2172.0835174263
46.7850000000001,2169.54703153912
46.7860000000001,2165.84649123072
46.787,2162.1305345095
46.788,2158.6870690463
46.7890000000002,2155.81223579378
46.7900000000002,2153.77263878467
46.7910000000002,2151.09926546013
46.7920000000001,2149.03982101581
46.7930000000001,2148.71393640986
46.7940000000001,2150.19553207708
46.7950000000001,2153.36794439909
46.796,2157.95027042841
46.797,2161.83296992109
46.798,2165.7756059711
46.7990000000002,2170.38346961693
46.8000000000002,2175.38726427754
46.8010000000002,2180.48861672842
46.8020000000001,2185.38560440691
46.8030000000001,2188.07407934851
46.8040000000001,2189.61980036358
46.8050000000001,2190.88881645784
46.806,2191.95956361797
46.807,2192.90051419199
46.8080000000002,2193.77202639881
46.8090000000002,2192.90364476566
46.8100000000002,2191.69407083189
46.8110000000001,2191.13678262898
46.8120000000001,2191.36672718232
46.8130000000001,2192.3696443658
46.8140000000001,2193.97839802093
46.8150000000001,2194.13050363459
46.816,2193.84388315255
46.817,2193.59459788042
46.8180000000002,2193.07138863383
46.8190000000002,2191.91725758034
46.8200000000002,2189.78315864765
46.8210000000001,2184.58934693113
46.8220000000001,2177.6480669724
46.8230000000001,2169.81333005558
46.8240000000001,2161.3285465163
46.825,2152.46129762905
46.826,2143.4744142353
46.8270000000002,2132.72472367927
46.8280000000002,2121.97004677721
46.8290000000002,2112.21042811475
46.8300000000002,2103.63263958086
46.8310000000001,2096.21926368738
46.8320000000001,2089.74583946015
46.8330000000001,2081.63124022055
46.8340000000001,2073.14692150779
46.835,2064.78472170964
46.836,2056.34347729304
46.8370000000002,2047.60127099152
46.8380000000002,2038.31577558184
46.8390000000002,2025.61380001049
46.8400000000001,2011.36640425994
46.8410000000001,1996.72602764134
46.8420000000001,1982.22745255913
46.8430000000001,1968.41298342275
46.8440000000001,1955.72613760586
46.845,1941.53761938321
46.846,1928.21803482627
46.8470000000002,1917.03552856735
46.8480000000002,1908.409660361
46.8490000000002,1902.54770154255
46.8500000000001,1899.36854380862
46.8510000000001,1896.37397502607
46.8520000000001,1894.76569889531
46.8530000000001,1894.40303292824
46.854,1894.48060381473
46.855,1894.18226038522
46.8560000000002,1892.83530413678
46.8570000000002,1888.98380070308
46.8580000000002,1883.87428422972
46.8590000000002,1877.78243040316
46.8600000000001,1870.71409331234
46.8610000000001,1862.69820332436
46.8620000000001,1853.82301034627
46.8630000000001,1843.36460624678
46.864,1832.98199683118
46.865,1823.1825351835
46.8660000000002,1814.20073382179
46.8670000000002,1806.33329251609
46.8680000000002,1800.00686068096
46.8690000000001,1794.84579142781
46.8700000000001,1792.78352604194
46.8710000000001,1794.23781159687
46.8720000000001,1798.88993615715
46.873,1805.90080523733
46.874,1814.0243301127
46.875,1820.34324395393
46.8760000000002,1825.28867108596
46.8770000000002,1828.20294634195
46.8780000000002,1828.69415348956
46.8790000000001,1827.12870782789
46.8800000000001,1824.72788904433
46.8810000000001,1821.41969164115
46.8820000000001,1822.0054864088
46.883,1829.83277423876
46.884,1847.67319632065
46.8850000000002,1877.63042620178
46.8860000000002,1920.85899315146
46.8870000000002,1975.33903096978
46.8880000000001,2042.48285385991
46.8890000000001,2121.25195529987
46.8900000000001,2209.94626780265
46.8910000000001,2306.86295168839
46.8920000000001,2410.62591394808
46.893,2518.37277956383
46.894,2631.92108723307
46.8950000000002,2751.510242288
46.8960000000002,2876.817232974
46.8970000000002,3006.57272837606
46.8980000000001,3137.95127333485
46.8990000000001,3264.09491789293
46.9000000000001,3380.09648184333
46.9010000000001,3477.04851949521
46.902,3544.16814144744
46.903,3569.93372901824
46.9040000000002,3543.39481079965
46.9050000000002,3453.67859120328
46.9060000000002,3297.80101475438
46.9070000000002,3075.76289463775
46.9080000000001,2793.00016272554
46.9090000000001,2460.61246660954
46.9100000000001,2094.66608643248
46.9110000000001,1712.72937479698
46.912,1338.12768878158
46.913,991.301130871882
46.9140000000002,689.189977976456
46.9150000000002,443.356231967911
46.9160000000002,258.74100261093
46.9170000000001,131.387424916278
46.9180000000001,55.6039386638238
46.9190000000001,19.3015747832944
46.9200000000001,8.22641001349974
46.921,8.60882530387489
46.922,9.51060776167768
46.923,2.52293814520778
46.9240000000002,-11.0273844864806
46.9250000000002,-26.7851263424172
46.9260000000002,-36.5846614740585
46.9270000000001,-30.2928386070948
46.9280000000001,2.00135027081364
46.9290000000001,65.9035465699614
46.9300000000001,167.609086352066
46.931,306.565399753965
46.932,477.591209356841
46.9330000000002,671.71316489062
46.9340000000002,877.514483227692
46.9350000000002,1080.86744971909
46.9360000000001,1272.81518298429
46.9370000000001,1444.36910101917
46.9380000000001,1589.32021192811
46.9390000000001,1704.46590437269
46.9400000000001,1789.28639377239
46.941,1843.59059200851
46.942,1872.86341399591
46.9430000000002,1881.25542056299
46.9440000000002,1873.05029938945
46.9450000000002,1852.3256307856
46.9460000000001,1822.69775430486
46.9470000000001,1785.62394438934
46.9480000000001,1746.46239797834
46.9490000000001,1708.12259469794
46.95,1673.09733923699
46.951,1643.38790735469
46.9520000000002,1620.23919631535
46.9530000000002,1602.3224945254
46.9540000000002,1592.27350052201
46.9550000000002,1589.51929423137
46.9560000000001,1592.8253333455
46.9570000000001,1600.5561380224
46.9580000000001,1610.73451102934
46.9590000000001,1619.50702266504
46.96,1628.72770734779
46.961,1637.56851565584
46.9620000000002,1645.41659120595
46.9630000000002,1651.88992819484
46.9640000000002,1656.52163647325
46.9650000000001,1657.00525613875
46.9660000000001,1656.7805884871
46.9670000000001,1655.9965180433
46.9680000000001,1654.6340624357
46.9690000000001,1652.62400716561
46.97,1649.71137532847
46.971,1644.28693245014
46.9720000000002,1638.91981433477
46.9730000000002,1634.07756690315
46.9740000000002,1630.11516056034
46.9750000000001,1627.21905013695
46.9760000000001,1625.2303648567
46.9770000000001,1622.83897381936
46.9780000000001,1620.85187742284
46.979,1619.2716336974
46.98,1618.16390771026
46.9810000000002,1617.62049557303
46.9820000000002,1617.56075124669
46.9830000000002,1616.95686946186
46.9840000000002,1616.70397654423
46.9850000000001,1617.0410009974
46.9860000000001,1618.17829825792
46.9870000000001,1620.19685409332
46.9880000000001,1622.80622477195
46.989,1624.63776664716
46.99,1626.14072420269
46.9910000000002,1627.10443288703
46.9920000000002,1627.38414617822
46.9930000000002,1626.88789016404
46.9940000000001,1625.29190647238
46.9950000000001,1621.36420997859
46.9960000000001,1616.64881996683
46.9970000000001,1611.54917214043
46.998,1606.52205020841
46.999,1602.00519155281
47,1597.95795602846
47.0010000000002,1593.22516203987
47.0020000000002,1589.90408384126
47.0030000000002,1588.12145295631
47.0040000000001,1587.83891759798
47.0050000000001,1588.90991392106
47.0060000000001,1590.71423321826
47.0070000000001,1591.74461933811
47.008,1593.88584535383
47.009,1597.22198321414
47.0100000000002,1601.77756186446
47.0110000000002,1607.48437373697
47.0120000000002,1613.72108648611
47.0130000000001,1618.95671698965
47.0140000000001,1624.65668542633
47.0150000000001,1630.54883811838
47.0160000000001,1636.28726736653
47.0170000000001,1641.50661161695
47.018,1645.4219068446
47.019,1646.65824994162
47.0200000000002,1646.95498393193
47.0210000000002,1646.56404167787
47.0220000000002,1645.79776264826
47.0230000000001,1644.97990449849
47.0240000000001,1643.89792206653
47.0250000000001,1641.66418386903
47.0260000000001,1640.23342945105
47.027,1639.82478841925
47.028,1640.50827652788
47.0290000000002,1642.2249231344
47.0300000000002,1644.29097257854
47.0310000000002,1645.4578664623
47.0320000000002,1647.33543031201
47.0330000000001,1649.9366219484
47.0340000000001,1653.23855931202
47.0350000000001,1657.17467657398
47.0360000000001,1661.07301196899
47.037,1663.79860122531
47.038,1666.96409192075
47.0390000000002,1670.61328476983
47.0400000000002,1674.75292033399
47.0410000000002,1679.36075451178
47.0420000000001,1683.81260920196
47.0430000000001,1687.14821264063
47.0440000000001,1691.04533268272
47.0450000000001,1695.63367115139
47.046,1700.94838158384
47.047,1706.90614064136
47.048,1712.69113087042
47.0490000000002,1717.15513629935
47.0500000000002,1721.62209650358
47.0510000000002,1725.90346025839
47.0520000000001,1729.79202159402
47.0530000000001,1733.10719296873
47.0540000000001,1735.0965703978
47.0550000000001,1734.97124688501
47.056,1734.51532097148
47.057,1734.13183023339
47.0580000000002,1734.21744512877
47.0590000000002,1735.09925482543
47.0600000000002,1736.31208886061
47.0610000000001,1737.17861782536
47.0620000000001,1739.21275565735
47.0630000000001,1742.33003819393
47.0640000000001,1746.25474388379
47.0650000000001,1750.56030982825
47.066,1754.04009441302
47.067,1755.51920609382
47.0680000000002,1756.15544038821
47.0690000000002,1755.83701576807
47.0700000000002,1754.56047208873
47.0710000000001,1752.43063987186
47.0720000000001,1748.91380385741
47.0730000000001,1743.68155328244
47.0740000000001,1738.65526660572
47.075,1734.36578905922
47.076,1731.24482499842
47.0770000000002,1729.57763129053
47.0780000000002,1728.69837535014
47.0790000000002,1728.00435755168
47.0800000000002,1728.92245028288
47.0810000000001,1731.3809255882
47.0820000000001,1735.18560809867
47.0830000000001,1740.04921993919
47.0840000000001,1744.80262025004
47.085,1748.58161133569
47.086,1752.66550415819
47.0870000000002,1756.99246184533
47.0880000000002,1761.48422381986
47.0890000000002,1766.02254088614
47.0900000000001,1769.56217001042
47.0910000000001,1771.41912939863
47.0920000000001,1772.94840794726
47.0930000000001,1774.12229061426
47.0940000000001,1774.8626440455
47.095,1775.04715866836
47.096,1773.61669651002
47.0970000000002,1770.03762721238
47.0980000000002,1765.81752306619
47.0990000000002,1761.17938808817
47.1000000000001,1756.36182179865
47.1010000000001,1751.59559973588
47.1020000000001,1746.1349098576
47.1030000000001,1739.82469673896
47.104,1734.38416212533
47.105,1730.16117799396
47.1060000000002,1727.39923524441
47.1070000000002,1726.21273999152
47.1080000000002,1725.59225105894
47.1090000000002,1725.13335991465
47.1100000000001,1726.13040225048
47.1110000000001,1728.47559793666
47.1120000000001,1731.93424073163
47.1130000000001,1736.15514321769
47.114,1739.69090436439
47.115,1741.89548937101
47.1160000000002,1743.82112729832
47.1170000000002,1745.30657412398
47.1180000000002,1746.24087644671
47.1190000000001,1746.58126320904
47.1200000000001,1745.33856366404
47.1210000000001,1742.55018668613
47.1220000000001,1739.89260737381
47.123,1737.85292478937
47.124,1736.86899866021
47.125,1737.27346408762
47.1260000000002,1738.19323305298
47.1270000000002,1739.63892493325
47.1280000000002,1742.92488562133
47.1290000000001,1748.01182296954
47.1300000000001,1754.69647333941
47.1310000000001,1762.64716248429
47.1320000000001,1770.36734271213
47.133,1777.49072484357
47.134,1785.05786591432
47.1350000000002,1793.01346480803
47.1360000000002,1801.3486798699
47.1370000000002,1810.08951542863
47.1380000000001,1818.16110034825
47.1390000000001,1825.71724589011
47.1400000000001,1834.15039039493
47.1410000000001,1843.65210277608
47.1420000000001,1854.27261702675
47.143,1865.89279466827
47.144,1877.06573723078
47.1450000000002,1887.54656144887
47.1460000000002,1898.17947220975
47.1470000000002,1908.65283216326
47.1480000000001,1918.62126857981
47.1490000000001,1927.74582109313
47.1500000000001,1934.54155276453
47.1510000000001,1939.06086316913
47.152,1942.53909315261
47.153,1945.21597480808
47.1540000000002,1947.35596087333
47.1550000000002,1949.20351127333
47.1560000000002,1949.72314544207
47.1570000000002,1949.34786285861
47.1580000000001,1949.3833595354
47.1590000000001,1949.96118366386
47.1600000000001,1951.05267627759
47.1610000000001,1952.47520853967
47.162,1952.67961971932
47.163,1951.6710878921
47.1640000000002,1950.29659356483
47.1650000000002,1948.39638439103
47.1660000000002,1945.80840540835
47.1670000000001,1942.38416547091
47.1680000000001,1936.74049415485
47.1690000000001,1929.26429422373
47.1700000000001,1921.18142661439
47.171,1912.79670711409
47.172,1904.41347521701
47.173,1896.30353033511
47.1740000000002,1887.37835426268
47.1750000000002,1878.31911370119
47.1760000000002,1870.42448362573
47.1770000000001,1863.95805404745
47.1780000000001,1859.0498954601
47.1790000000001,1855.68242969326
47.1800000000001,1852.35033708124
47.181,1849.3705203449
47.182,1847.56714306028
47.1830000000002,1846.78308160247
47.1840000000002,1846.79560315896
47.1850000000002,1847.33686076243
47.1860000000001,1846.74962244985
47.1870000000001,1845.43149552661
47.1880000000001,1844.32469236473
47.1890000000001,1843.53752031795
47.1900000000001,1843.19117095785
47.191,1843.39310405338
47.192,1842.79942522607
47.1930000000002,1842.1700329531
47.1940000000002,1842.59191003408
47.1950000000002,1844.19651352507
47.1960000000001,1846.9753251004
47.1970000000001,1850.76665764039
47.1980000000001,1853.80057977337
47.1990000000001,1856.49578291826
47.2,1859.49710689424
47.201,1862.57452236674
47.2020000000002,1865.47600401616
47.2030000000002,1867.95306536898
47.2040000000002,1868.27332059731
47.2050000000002,1867.19537586959
47.2060000000001,1865.71272188294
47.2070000000001,1864.02996026952
47.2080000000001,1862.33537930039
47.2090000000001,1860.76732039334
47.21,1857.8223400368
47.211,1854.50790448911
47.2120000000002,1851.80799074732
47.2130000000002,1849.80278040254
47.2140000000002,1848.45950277809
47.2150000000001,1847.64810315414
47.2160000000001,1845.56560161821
47.2170000000001,1843.08979651508
47.2180000000001,1841.05224602967
47.2190000000001,1839.51323675651
47.22,1838.52016468595
47.221,1838.1018196412
47.2220000000002,1836.60974191343
47.2230000000002,1835.19933657371
47.2240000000002,1834.83410858937
47.2250000000001,1835.64983614107
47.2260000000001,1837.65807032047
47.2270000000001,1840.73264005272
47.2280000000001,1842.91819951646
47.229,1845.11708574082
47.23,1847.93267654048
47.2310000000002,1851.21713318188
47.2320000000002,1854.79385692785
47.2330000000002,1858.4747742732
47.2340000000002,1860.35314387886
47.2350000000001,1861.56576800998
47.2360000000001,1862.93293427049
47.2370000000001,1864.57984705651
47.2380000000001,1866.55699180491
47.239,1868.80963030523
47.24,1869.42877190568
47.2410000000002,1869.52271785929
47.2420000000002,1869.73562043794
47.2430000000002,1870.06294834992
47.2440000000001,1870.49386199866
47.2450000000001,1871.02493153588
47.2460000000001,1869.89702076893
47.2470000000001,1868.56307935378
47.248,1867.94880959645
47.249,1868.32198260726
47.25,1869.81370561489
47.2510000000002,1872.36734020235
47.2520000000002,1873.95184072266
47.2530000000002,1875.61417672032
47.2540000000001,1877.65586924428
47.2550000000001,1879.76681210282
47.2560000000001,1881.63725248715
47.2570000000001,1883.01897733504
47.258,1881.98287162275
47.259,1880.07217579121
47.2600000000002,1878.20566106307
47.2610000000002,1876.8184593258
47.2620000000002,1876.27742756498
47.2630000000001,1876.78956946729
47.2640000000001,1876.53663980196
47.2650000000001,1876.89331945393
47.2660000000001,1878.18302702487
47.2670000000001,1880.08687724968
47.268,1882.19885210238
47.269,1884.11678770926
47.2700000000002,1883.75024182346
47.2710000000002,1882.59624179079
47.2720000000002,1881.37518180778
47.2730000000001,1880.48212719591
47.2740000000001,1880.34583431123
47.2750000000001,1881.34238803337
47.2760000000001,1881.95118533536
47.277,1883.93590108349
47.278,1887.8199214359
47.2790000000002,1893.50276710834
47.2800000000002,1900.68385321536
47.2810000000002,1908.91749525364
47.2820000000002,1915.90979850544
47.2830000000001,1922.87382932018
47.2840000000001,1929.93244734497
47.2850000000001,1936.87250919029
47.2860000000001,1943.49948683756
47.287,1949.62752170388
47.288,1953.28401176451
47.2890000000002,1956.1000821534
47.2900000000002,1958.50040553056
47.2910000000002,1960.57370443635
47.2920000000001,1962.40493846661
47.2930000000001,1964.08018890292
47.2940000000001,1963.86159685589
47.2950000000001,1963.70707262973
47.296,1964.2052830177
47.297,1965.52546533178
47.298,1967.66636088975
47.2990000000002,1970.42586258795
47.3000000000002,1971.54945210871
47.3010000000002,1972.41900815149
47.3020000000001,1972.88358059409
47.3030000000001,1972.46316395209
47.3040000000001,1970.70059790609
47.3050000000001,1967.24594596007
47.306,1960.04476043498
47.307,1951.15725890176
47.3080000000002,1941.33046960352
47.3090000000002,1931.19929614511
47.3100000000002,1921.43468421944
47.3110000000001,1912.64195315291
47.3120000000001,1903.25277594213
47.3130000000001,1895.63613516013
47.3140000000001,1890.2286033743
47.3150000000001,1886.92137130556
47.316,1885.27683840645
47.317,1884.57342154664
47.3180000000002,1881.47299320291
47.3190000000002,1877.50952014419
47.3200000000002,1872.39888138258
47.3210000000001,1865.80074181309
47.3220000000001,1857.53326581329
47.3230000000001,1847.54759230365
47.3240000000001,1832.88211441316
47.325,1816.70937566277
47.326,1800.08250662762
47.3270000000002,1783.91157017468
47.3280000000002,1768.99477711837
47.3290000000002,1755.85652529255
47.3300000000002,1741.52915835728
47.3310000000001,1728.9524147691
47.3320000000001,1718.39281685815
47.3330000000001,1709.78409541305
47.3340000000001,1702.90140529878
47.335,1697.38305620222
47.336,1690.64935723431
47.3370000000002,1684.59611364032
47.3380000000002,1679.07379429233
47.3390000000002,1673.88068989409
47.3400000000001,1668.89569683039
47.3410000000001,1664.11484008994
47.3420000000001,1658.66228542275
47.3430000000001,1654.25954400501
47.3440000000001,1651.00590348342
47.345,1648.79764304408
47.346,1647.41840730575
47.3470000000002,1646.6211867363
47.3480000000002,1645.29342059563
47.3490000000002,1644.80250581253
47.3500000000001,1644.93113973121
47.3510000000001,1645.37157487954
47.3520000000001,1645.81440098755
47.3530000000001,1645.9991229558
47.354,1644.89708850681
47.355,1643.96841675453
47.3560000000002,1643.08938780294
47.3570000000002,1642.04432173427
47.3580000000002,1640.63758840196
47.3590000000002,1638.74893902081
47.3600000000001,1634.90151929427
47.3610000000001,1631.68422543195
47.3620000000001,1629.88282886977
47.3630000000001,1630.33773335029
47.364,1633.87402538021
47.365,1641.12640919076
47.3660000000002,1650.68670960548
47.3670000000002,1665.65624901055
47.3680000000002,1686.93644750387
47.3690000000001,1715.54140381497
47.3700000000001,1752.71726101263
47.3710000000001,1799.84174177329
47.3720000000001,1856.70816086068
47.373,1927.3886633743
47.374,2013.44133452588
47.375,2115.59322936209
47.3760000000002,2233.37989310679
47.3770000000002,2364.74370354473
47.3780000000002,2504.61808295346
47.3790000000001,2650.53900114296
47.3800000000001,2797.09940583005
47.3810000000001,2938.3807329388
47.3820000000001,3068.449964803
47.383,3181.53509927276
47.384,3270.93968772058
47.3850000000002,3334.13477309098
47.3860000000002,3366.804786672
47.3870000000002,3364.47634027074
47.3880000000001,3322.44182210993
47.3890000000001,3235.78379486624
47.3900000000001,3098.88603398061
47.3910000000001,2911.42776387551
47.3920000000001,2674.02821222776
47.393,2391.15392711103
47.394,2071.79688710618
47.3950000000002,1729.20200135321
47.3960000000002,1378.95978943576
47.3970000000002,1042.01937498113
47.3980000000001,736.965055561008
47.3990000000001,479.171279997973
47.4000000000001,278.502518910979
47.4010000000001,137.54973579859
47.402,50.4429843836761
47.403,8.39638752736675
47.4040000000002,-3.22313303196949
47.4050000000002,-0.194463740522484
47.4060000000002,3.75349096676957
47.4070000000002,-0.623809115987283
47.4080000000001,-17.1572660194544
47.4090000000001,-39.6190248222244
47.4100000000001,-57.9095554208018
47.4110000000001,-58.7621744018832
47.412,-28.7994550329027
47.413,42.0631235021363
47.4140000000002,157.525200719527
47.4150000000002,317.802198012673
47.4160000000002,514.775158121844
47.4170000000001,735.021836095426
47.4180000000001,962.161845453197
47.4190000000001,1179.27365743257
47.4200000000001,1370.96390792155
47.421,1529.30720212271
47.422,1649.9548478559
47.423,1733.57074055409
47.4240000000002,1784.73208528409
47.4250000000002,1809.88605385312
47.4260000000002,1815.15212525995
47.4270000000001,1808.67640957548
47.4280000000001,1795.04183793548
47.4290000000001,1776.64680184825
47.4300000000001,1754.11427241743
47.431,1726.67526515324
47.432,1692.805308499
47.4330000000002,1654.78017705438
47.4340000000002,1614.26880763129
47.4350000000002,1573.94533066287
47.4360000000001,1537.06342573376
47.4370000000001,1506.27096667279
47.4380000000001,1482.81969210992
47.4390000000001,1470.10820224727
47.4400000000001,1467.99002661063
47.441,1474.87880293113
47.442,1488.1956341152
47.4430000000002,1504.29001309798
47.4440000000002,1519.17383939931
47.4450000000002,1533.37590314555
47.4460000000001,1545.71037321581
47.4470000000001,1555.7026870699
47.4480000000001,1563.47253217941
47.4490000000001,1568.7627953409
47.45,1570.98769597763
47.451,1573.20771238302
47.4520000000002,1575.61013915184
47.4530000000002,1577.9556668441
47.4540000000002,1579.77595703501
47.4550000000002,1580.05106843125
47.4560000000001,1577.58673283819
47.4570000000001,1574.24449566982
47.4580000000001,1570.55857835901
47.4590000000001,1567.18644687688
47.46,1564.75966061386
47.461,1563.40413876834
47.4620000000002,1562.5492597695
47.4630000000002,1563.06063197254
47.4640000000002,1564.96244177
47.4650000000001,1568.12910128441
47.4660000000001,1572.28793184454
47.4670000000001,1576.7140423514
47.4680000000001,1580.21036693998
47.4690000000001,1583.19536051329
47.47,1585.65537513187
47.471,1587.70547158189
47.4720000000002,1589.49816646901
47.4730000000002,1590.78460860568
47.4740000000002,1590.87008989723
47.4750000000001,1590.5829041484
47.4760000000001,1590.18268234003
47.4770000000001,1589.92740752565
47.4780000000001,1589.99889618144
47.479,1589.8732283132
47.48,1588.76803394782
47.4810000000002,1587.92106855413
47.4820000000002,1587.36342269982
47.4830000000002,1587.10590437636
47.4840000000002,1587.1543662126
47.4850000000001,1586.78927067023
47.4860000000001,1585.38886727322
47.4870000000001,1584.69850285624
47.4880000000001,1584.93809519935
47.489,1586.23443151715
47.49,1588.60408973605
47.4910000000002,1591.20260987624
47.4920000000002,1593.25052500457
47.4930000000002,1596.12089621432
47.4940000000001,1599.69483046106
47.4950000000001,1603.78176967614
47.4960000000001,1608.15494626988
47.4970000000001,1611.85722139827
47.498,1614.17628895725
47.499,1616.51294932185
47.5,1619.0353166885
47.5010000000002,1621.90643376504
47.5020000000002,1625.24035848069
47.5030000000002,1628.30785175943
47.5040000000001,1630.57427584565
47.5050000000001,1633.37767232811
47.5060000000001,1636.72264806483
47.5070000000001,1640.52520397919
47.508,1644.63260209388
47.509,1648.05457438268
47.5100000000002,1650.19876506134
47.5110000000002,1652.3834458118
47.5120000000002,1654.69963362112
47.5130000000001,1657.22630282164
47.5140000000001,1660.00897442371
47.5150000000001,1662.21152957096
47.5160000000001,1663.44219273669
47.5170000000001,1665.07227108817
47.518,1667.19162859066
47.519,1669.82014052807
47.5200000000002,1672.91355393009
47.5210000000002,1675.52050318087
47.5220000000002,1677.24383016411
47.5230000000001,1679.39384516154
47.5240000000001,1682.07045400203
47.5250000000001,1685.32423454216
47.5260000000001,1689.13844021586
47.527,1692.53285969764
47.528,1695.13445425126
47.5290000000002,1698.14263285787
47.5300000000002,1701.53590069505
47.5310000000002,1705.23171599717
47.5320000000002,1709.09764243337
47.5330000000001,1712.04364537253
47.5340000000001,1713.7510568686
47.5350000000001,1715.47604567305
47.5360000000001,1717.33140705695
47.537,1719.40722625203
47.538,1721.74800364482
47.5390000000002,1723.3709957908
47.5400000000002,1724.0968632593
47.5410000000002,1725.16810223245
47.5420000000001,1726.62170371878
47.5430000000001,1728.40264734671
47.5440000000001,1730.36937653084
47.5450000000001,1731.33214622838
47.546,1731.03402180971
47.547,1730.61118721078
47.548,1730.13947563105
47.5490000000002,1729.72070192785
47.5500000000002,1729.47494959553
47.5510000000002,1728.52500776081
47.5520000000001,1727.02171881011
47.5530000000001,1726.33154276188
47.5540000000001,1726.66567044958
47.5550000000001,1728.07866173178
47.556,1730.44155156079
47.557,1732.41062812116
47.5580000000002,1733.64977500483
47.5590000000002,1734.92287595441
47.5600000000002,1735.93578858854
47.5610000000001,1736.42115310278
47.5620000000001,1736.19158352582
47.5630000000001,1734.0758625187
47.5640000000001,1730.31396600604
47.5650000000001,1726.41984154021
47.566,1722.93406659357
47.567,1720.36049523119
47.5680000000002,1719.07146184813
47.5690000000002,1718.06034887811
47.5700000000002,1717.48756198505
47.5710000000001,1718.39502923877
47.5720000000001,1720.58756929768
47.5730000000001,1723.70562734568
47.5740000000001,1727.28477456994
47.575,1729.60228855677
47.576,1730.49621234476
47.5770000000002,1730.9334651689
47.5780000000002,1730.96756361493
47.5790000000002,1730.72280015917
47.5800000000002,1730.34621536352
47.5810000000001,1728.70303886215
47.5820000000001,1726.24196264101
47.5830000000001,1724.29582689434
47.5840000000001,1723.14425994844
47.585,1722.99178129615
47.586,1723.96276620735
47.5870000000002,1724.8125956258
47.5880000000002,1725.95875722451
47.5890000000002,1728.57381821942
47.5900000000001,1732.76129602508
47.5910000000001,1738.46936407789
47.5920000000001,1745.45341418486
47.5930000000001,1751.93992770328
47.5940000000001,1757.8286215413
47.595,1763.63421963185
47.596,1768.88246596096
47.5970000000002,1773.10524390533
47.5980000000002,1775.89832746328
47.5990000000002,1775.60437135927
47.6000000000001,1772.66845458564
47.6010000000001,1768.31264782331
47.6020000000001,1762.94457242511
47.6030000000001,1756.98769809132
47.604,1750.80161904931
47.605,1743.23287472271
47.6060000000002,1735.0477860876
47.6070000000002,1727.41671199601
47.6080000000002,1720.53847097963
47.6090000000002,1714.5550775955
47.6100000000001,1709.59685998732
47.6110000000001,1704.40571434793
47.6120000000001,1699.93532089766
47.6130000000001,1697.61684695514
47.614,1698.03541767445
47.615,1701.68338305127
47.6160000000002,1708.86535367614
47.6170000000002,1718.16607147198
47.6180000000002,1730.1353174768
47.6190000000001,1745.35755368999
47.6200000000001,1763.33297051956
47.6210000000001,1783.34126480217
47.6220000000001,1804.51516148145
47.623,1824.42700815251
47.624,1843.07087596077
47.625,1860.7920640657
47.6260000000002,1877.28636582524
47.6270000000002,1892.37332300041
47.6280000000002,1905.95631620751
47.6290000000001,1916.43985636916
47.6300000000001,1924.71844251249
47.6310000000001,1931.81729738601
47.6320000000001,1937.96076442634
47.633,1943.29983040074
47.634,1947.89522407986
47.6350000000002,1950.1396638045
47.6360000000002,1950.96053201498
47.6370000000002,1951.28946005916
47.6380000000001,1951.28987478972
47.6390000000001,1951.07060087784
47.6400000000001,1950.66848470545
47.6410000000001,1948.409998348
47.6420000000001,1945.29594824674
47.643,1942.24931707446
47.644,1939.46766198695
47.6450000000002,1937.11850741861
47.6460000000002,1935.32318720028
47.6470000000002,1932.46831303507
47.6480000000001,1929.72597197445
47.6490000000001,1928.05872605289
47.6500000000001,1927.66207061767
47.6510000000001,1928.59430920294
47.652,1930.73896112
47.653,1932.07318093104
47.6540000000002,1933.39496541103
47.6550000000002,1935.14226303082
47.6560000000002,1937.04505020616
47.6570000000002,1938.80554193708
47.6580000000001,1940.12605984595
47.6590000000001,1938.96215373591
47.6600000000001,1936.45791183805
47.6610000000001,1933.47419744826
47.662,1930.31262641492
47.663,1927.28686768437
47.6640000000002,1924.66120868497
47.6650000000002,1920.7874255751
47.6660000000002,1917.12849371145
47.6670000000001,1914.57227781172
47.6680000000001,1913.29589200718
47.6690000000001,1913.34138550009
47.6700000000001,1914.61207656272
47.671,1915.03439414071
47.672,1915.79013020258
47.673,1917.48989422828
47.6740000000002,1920.18300050368
47.6750000000002,1923.89062938474
47.6760000000002,1928.56963373357
47.6770000000001,1932.18119940398
47.6780000000001,1936.04876576383
47.6790000000001,1940.75475708898
47.6800000000001,1946.2644131384
47.681,1952.42710443646
47.682,1958.96304881611
47.6830000000002,1963.51938251067
47.6840000000002,1967.32244825932
47.6850000000002,1970.79472164315
47.6860000000001,1973.90257909819
47.6870000000001,1976.6712326536
47.6880000000001,1979.17932199865
47.6890000000001,1979.52183210755
47.6900000000001,1979.65968462041
47.691,1980.59118360202
47.692,1982.77626987624
47.6930000000002,1986.54042023062
47.6940000000002,1992.00656632328
47.6950000000002,1996.94806076835
47.6960000000001,2002.94732428476
47.6970000000001,2010.29009332484
47.6980000000001,2018.6428345307
47.6990000000001,2027.5440164489
47.7,2036.44904006513
47.701,2042.62644274543
47.7020000000002,2047.57595211511
47.7030000000002,2051.68608335758
47.7040000000002,2055.03840223182
47.7050000000002,2057.7995266377
47.7060000000001,2060.17065219879
47.7070000000001,2060.13834629262
47.7080000000001,2059.93527482649
47.7090000000001,2060.39505569898
47.71,2061.84697572016
47.711,2064.45326386953
47.7120000000002,2068.17988185624
47.7130000000002,2070.55843704837
47.7140000000002,2073.4022216996
47.7150000000001,2077.00803095129
47.7160000000001,2081.28675165644
47.7170000000001,2086.12894086209
47.7180000000001,2091.40870990577
47.7190000000001,2094.66990302891
47.72,2098.0652592559
47.721,2102.18490515553
47.7220000000002,2107.27187437932
47.7230000000002,2113.47545393201
47.7240000000002,2120.79070596794
47.7250000000001,2126.66567148056
47.7260000000001,2133.11137489817
47.7270000000001,2140.33317362351
47.7280000000001,2148.15859303771
47.729,2156.32631575952
47.73,2164.49237669085
47.7310000000002,2169.83568584635
47.7320000000002,2174.36764039471
47.7330000000002,2178.29840871766
47.7340000000002,2181.57988461531
47.7350000000001,2184.10864678146
47.7360000000001,2185.69213379687
47.7370000000001,2183.58398982316
47.7380000000001,2180.02811874214
47.739,2175.38295574732
47.74,2169.89655421944
47.7410000000002,2163.92742185499
47.7420000000002,2157.92988838328
47.7430000000002,2149.91641992739
47.7440000000001,2143.07987860675
47.7450000000001,2138.5009897338
47.7460000000001,2136.92805016486
47.7470000000001,2138.81070872021
47.748,2144.19008643442
47.749,2150.11414366962
47.75,2158.51681478732
47.7510000000002,2168.84808184645
47.7520000000002,2180.26468914482
47.7530000000002,2191.88601487808
47.7540000000001,2202.90423848376
47.7550000000001,2210.12214160821
47.7560000000001,2215.93302190343
47.7570000000001,2220.65261037698
47.758,2224.65943787323
47.759,2228.36315421024
47.7600000000002,2232.07185497741
47.7610000000002,2233.35032863958
47.7620000000002,2234.96900389737
47.7630000000001,2237.07254325399
47.7640000000001,2239.60192155741
47.7650000000001,2242.41805064688
47.7660000000001,2245.37220037836
47.7670000000001,2245.80597322767
47.768,2246.67714904553
47.769,2248.48512092711
47.7700000000002,2251.72265206688
47.7710000000002,2256.7812785062
47.7720000000002,2263.79493966527
47.7730000000001,2270.14592452769
47.7740000000001,2278.3053809543
47.7750000000001,2287.93533325605
47.7760000000001,2298.44991513844
47.777,2309.12739128205
47.778,2319.14403398409
47.7790000000002,2325.44111911478
47.7800000000002,2330.43136280678
47.7810000000002,2334.26984030751
47.7820000000002,2337.2976856123
47.7830000000001,2339.98223940402
47.7840000000001,2342.69271752231
47.7850000000001,2343.49871809472
47.7860000000001,2345.47055422912
47.787,2348.96393905323
47.788,2354.02747297025
47.7890000000002,2360.41889658575
47.7900000000002,2367.4873016188
47.7910000000002,2372.28603700812
47.7920000000001,2376.92521237938
47.7930000000001,2381.04932547798
47.7940000000001,2384.34996317306
47.7950000000001,2386.61796892927
47.796,2387.55567561515
47.797,2384.93794862185
47.798,2381.70121927009
47.7990000000002,2378.34709593109
47.8000000000002,2375.31981746778
47.8010000000002,2372.95326463824
47.8020000000001,2371.17334170254
47.8030000000001,2367.76077811183
47.8040000000001,2365.30726622559
47.8050000000001,2363.76873925595
47.806,2362.89440806147
47.807,2362.265267559
47.8080000000002,2361.03119470483
47.8090000000002,2356.23843835956
47.8100000000002,2350.29570770459
47.8110000000001,2343.15244853609
47.8120000000001,2334.83364545375
47.8130000000001,2325.41992432828
47.8140000000001,2314.59912938514
47.8150000000001,2299.72557298074
47.816,2284.32675247229
47.817,2269.14576018868
47.8180000000002,2254.91212201775
47.8190000000002,2242.2463314371
47.8200000000002,2231.048938507
47.8210000000001,2218.47142439801
47.8220000000001,2208.13133472974
47.8230000000001,2200.44130730475
47.8240000000001,2195.60852931462
47.825,2193.56443259088
47.826,2193.41055524231
47.8270000000002,2191.97693744728
47.8280000000002,2191.49938708743
47.8290000000002,2191.40674917101
47.8300000000002,2191.12693350411
47.8310000000001,2190.19304458102
47.8320000000001,2187.99281585801
47.8330000000001,2183.33951949849
47.8340000000001,2178.22429358382
47.835,2172.80690072526
47.836,2167.19345407178
47.8370000000002,2161.48757173597
47.8380000000002,2155.59466708571
47.8390000000002,2149.21384207768
47.8400000000001,2144.08269246453
47.8410000000001,2140.3061449446
47.8420000000001,2137.82842296761
47.8430000000001,2136.52672229642
47.8440000000001,2135.96847107474
47.845,2135.3791812948
47.846,2136.44353316862
47.8470000000002,2139.07986110408
47.8480000000002,2143.0540767893
47.8490000000002,2148.04811926631
47.8500000000001,2153.21282208926
47.8510000000001,2156.93009459501
47.8520000000001,2161.33957143567
47.8530000000001,2166.4797347852
47.854,2172.33231598442
47.855,2178.83043155445
47.8560000000002,2185.24485872497
47.8570000000002,2189.98054769299
47.8580000000002,2195.95412075178
47.8590000000002,2204.09951589796
47.8600000000001,2215.76457498241
47.8610000000001,2232.74938033551
47.8620000000001,2256.54906682233
47.8630000000001,2288.04478143148
47.864,2332.04093786967
47.865,2390.55097406859
47.8660000000002,2464.63564543084
47.8670000000002,2554.15165733993
47.8680000000002,2656.99666482915
47.8690000000001,2769.36327437297
47.8700000000001,2890.46179916029
47.8710000000001,3017.08292062004
47.8720000000001,3146.16664481701
47.873,3275.1254368766
47.874,3401.16563553597
47.875,3521.24588049068
47.8760000000002,3635.57737582309
47.8770000000002,3741.17984264567
47.8780000000002,3833.22231964862
47.8790000000001,3904.6304806628
47.8800000000001,3945.4341402086
47.8810000000001,3943.87429093687
47.8820000000001,3891.59860383187
47.883,3779.85679970398
47.884,3603.29319493597
47.8850000000002,3361.4969487893
47.8860000000002,3059.12481047556
47.8870000000002,2706.4785664275
47.8880000000001,2322.26123157681
47.8890000000001,1926.40775447286
47.8900000000001,1539.65280396671
47.8910000000001,1181.02053380068
47.8920000000001,864.795242203514
47.893,599.758171767449
47.894,392.164608132199
47.8950000000002,241.050981344526
47.8960000000002,141.506600137581
47.8970000000002,86.5369459107586
47.8980000000001,68.1175215976566
47.8990000000001,79.592746897518
47.9000000000001,119.702842885138
47.9010000000001,187.657070123728
47.902,284.255659285295
47.903,410.659125720374
47.9040000000002,566.091171953153
47.9050000000002,747.639355356648
47.9060000000002,952.465233718262
47.9070000000002,1173.01117852363
47.9080000000001,1399.44476306024
47.9090000000001,1620.83593494585
47.9100000000001,1825.63926987349
47.9110000000001,2004.21014837302
47.912,2152.48176486159
47.913,2267.8068479249
47.9140000000002,2350.62652545459
47.9150000000002,2403.89196512645
47.9160000000002,2431.17992994369
47.9170000000001,2437.04719646553
47.9180000000001,2428.62519109169
47.9190000000001,2410.46809263242
47.9200000000001,2386.03154237669
47.921,2357.71765795792
47.922,2326.08887548723
47.923,2291.74913261243
47.9240000000002,2257.88406409572
47.9250000000002,2225.97018334456
47.9260000000002,2197.52768500769
47.9270000000001,2173.99055994928
47.9280000000001,2155.32131801691
47.9290000000001,2141.69182710132
47.9300000000001,2135.33851702454
47.931,2135.87266596195
47.932,2142.25348150234
47.9330000000002,2152.99635549314
47.9340000000002,2165.04464200437
47.9350000000002,2176.50653723668
47.9360000000001,2188.57239315916
47.9370000000001,2200.51514370368
47.9380000000001,2211.89957833382
47.9390000000001,2222.58043565861
47.9400000000001,2231.05977159992
47.941,2237.40641948695
47.942,2244.51067170363
47.9430000000002,2252.5923848458
47.9440000000002,2261.52963779351
47.9450000000002,2270.91223629267
47.9460000000001,2278.66735665837
47.9470000000001,2283.928863108
47.9480000000001,2288.30684104522
47.9490000000001,2291.3529678561
47.95,2292.64189630559
47.951,2291.87113748394
47.9520000000002,2287.95408555493
47.9530000000002,2280.62555200828
47.9540000000002,2271.78887654736
47.9550000000002,2262.49203296603
47.9560000000001,2253.81756376424
47.9570000000001,2246.6497844645
47.9580000000001,2240.6877303668
47.9590000000001,2235.46858639642
47.96,2231.82034143622
47.961,2229.67638089095
47.9620000000002,2228.85009072852
47.9630000000002,2229.05607340348
47.9640000000002,2228.9973626936
47.9650000000001,2227.97053672437
47.9660000000001,2227.09413220711
47.9670000000001,2226.81737596899
47.9680000000001,2227.6874274614
47.9690000000001,2230.15862698665
47.97,2233.08631625941
47.971,2236.25464578196
47.9720000000002,2240.94515357535
47.9730000000002,2246.8345040591
47.9740000000002,2253.41559081761
47.9750000000001,2260.09227690391
47.9760000000001,2264.71685764475
47.9770000000001,2266.99795216029
47.9780000000001,2268.62354137287
47.979,2269.8794850677
47.98,2271.13766159906
47.9810000000002,2272.7650212456
47.9820000000002,2273.4528213461
47.9830000000002,2273.55943885765
47.9840000000002,2274.89649335163
47.9850000000001,2277.58153690833
47.9860000000001,2281.5214129012
47.9870000000001,2286.45344343254
47.9880000000001,2290.42856101813
47.989,2293.34575207449
47.99,2296.66663111212
47.9910000000002,2300.52839698612
47.9920000000002,2305.0852899638
47.9930000000002,2310.4474135174
47.9940000000001,2314.97849570863
47.9950000000001,2318.94164921255
47.9960000000001,2323.90544866927
47.9970000000001,2329.97003257554
47.998,2337.11726990063
47.999,2345.21540519224
48,2352.31133650482
48.0010000000002,2358.61600064864
48.0020000000002,2365.647234741
48.0030000000002,2373.56601084656
48.0040000000001,2382.48264502133
48.0050000000001,2392.40303451931
48.0060000000001,2401.37722280179
48.0070000000001,2409.70613561466
48.008,2418.76624703082
48.009,2428.48055776297
48.0100000000002,2438.65248664869
48.0110000000002,2448.97443552658
48.0120000000002,2457.18907612039
48.0130000000001,2463.57106582114
48.0140000000001,2469.50525167685
48.0150000000001,2475.13539536843
48.0160000000001,2480.6467145523
48.0170000000001,2486.23150877175
48.018,2490.14846874631
48.019,2493.29606938494
48.0200000000002,2497.47793387302
48.0210000000002,2503.16620348077
48.0220000000002,2510.68163126569
48.0230000000001,2520.12664413437
48.0240000000001,2529.39086448206
48.0250000000001,2538.93077378766
48.0260000000001,2549.81414421862
48.027,2561.72765383922
48.028,2574.19576371981
48.0290000000002,2586.60083447249
48.0300000000002,2596.22237248879
48.0310000000002,2603.27995588237
48.0320000000002,2608.73841642492
48.0330000000001,2612.50702717809
48.0340000000001,2614.60111285836
48.0350000000001,2615.11802251591
48.0360000000001,2612.14367321682
48.037,2606.96519014588
48.038,2601.47880283436
48.0390000000002,2596.47225831588
48.0400000000002,2592.68262219572
48.0410000000002,2590.70963790046
48.0420000000001,2588.81093179525
48.0430000000001,2588.31806731217
48.0440000000001,2590.73509126618
48.0450000000001,2596.20710606603
48.046,2604.58848230794
48.047,2615.43241711369
48.048,2625.82620368259
48.0490000000002,2636.17127199157
48.0500000000002,2647.10046873909
48.0510000000002,2658.23313409104
48.0520000000001,2669.2839863097
48.0530000000001,2680.07362227773
48.0540000000001,2688.22878724685
48.0550000000001,2695.16141194885
48.056,2702.48860935591
48.057,2710.76412084471
48.0580000000002,2720.38549032936
48.0590000000002,2731.47141606458
48.0600000000002,2741.3959411587
48.0610000000001,2751.14325067943
48.0620000000001,2761.47002508638
48.0630000000001,2771.9753821482
48.0640000000001,2782.18955885621
48.0650000000001,2791.63940256134
48.066,2797.40142438921
48.067,2800.88101639072
48.0680000000002,2803.52473539155
48.0690000000002,2805.92496031964
48.0700000000002,2808.69106063006
48.0710000000001,2812.30113319185
48.0720000000001,2814.37481775628
48.0730000000001,2816.67176142132
48.0740000000001,2820.37170407384
48.075,2825.4408348099
48.076,2831.61637103653
48.0770000000002,2838.44344524542
48.0780000000002,2842.67899019936
48.0790000000002,2845.66762834753
48.0800000000002,2848.34716891793
48.0810000000001,2850.83163350855
48.0820000000001,2853.28484557981
48.0830000000001,2855.84552361633
48.0840000000001,2855.84948603817
48.085,2855.32163591435
48.086,2855.54788310027
48.0870000000002,2856.84285318655
48.0880000000002,2859.3916163351
48.0890000000002,2863.22018616929
48.0900000000001,2865.39704700463
48.0910000000001,2867.8765097786
48.0920000000001,2871.68441565333
48.0930000000001,2876.91097630343
48.0940000000001,2883.50295895276
48.095,2891.22004596652
48.096,2896.78242668772
48.0970000000002,2901.95377208379
48.0980000000002,2907.42576396582
48.0990000000002,2913.09180969496
48.1000000000001,2918.85828520971
48.1010000000001,2924.65327590181
48.1020000000001,2927.55391869474
48.1030000000001,2930.01033602518
48.104,2933.368537405
48.105,2938.23149642074
48.1060000000002,2945.08342608699
48.1070000000002,2954.180398801
48.1080000000002,2962.52477508911
48.1090000000002,2972.36946691784
48.1100000000001,2984.40479037797
48.1110000000001,2998.44688706678
48.1120000000001,3014.16117801011
48.1130000000001,3031.09814117077
48.114,3045.72002843874
48.115,3060.24170239423
48.1160000000002,3075.41128387669
48.1170000000002,3091.37349201219
48.1180000000002,3108.24588181815
48.1190000000001,3126.0332831877
48.1200000000001,3141.48065817781
48.1210000000001,3157.08582029192
48.1220000000001,3173.45327862256
48.123,3190.40646633294
48.124,3207.58058996732
48.125,3224.43309365001
48.1260000000002,3237.11724379349
48.1270000000002,3247.92173333677
48.1280000000002,3257.24873356933
48.1290000000001,3264.99875698427
48.1300000000001,3271.11298870899
48.1310000000001,3275.54439951552
48.1320000000001,3274.98561478835
48.133,3272.54743114807
48.134,3269.25805825518
48.1350000000002,3265.61788413275
48.1360000000002,3262.04895145661
48.1370000000002,3258.83924251672
48.1380000000001,3252.80854892461
48.1390000000001,3247.22316681245
48.1400000000001,3242.94761102219
48.1410000000001,3240.2516679686
48.1420000000001,3239.23249643156
48.143,3239.78332919083
48.144,3238.25368702781
48.1450000000002,3237.54532071717
48.1460000000002,3237.97919711572
48.1470000000002,3239.34877127648
48.1480000000001,3241.320224926
48.1490000000001,3243.44127221398
48.1500000000001,3241.78495476664
48.1510000000001,3239.33635969493
48.152,3236.53156988328
48.153,3233.54830579619
48.1540000000002,3230.63556124296
48.1550000000002,3228.06936110135
48.1560000000002,3222.63040249663
48.1570000000002,3218.18924275669
48.1580000000001,3215.70293115844
48.1590000000001,3215.63830869257
48.1600000000001,3218.17193280524
48.1610000000001,3223.11769611836
48.162,3226.37056625934
48.163,3230.86919823841
48.1640000000002,3236.33744059757
48.1650000000002,3242.13041346272
48.1660000000002,3247.55981338398
48.1670000000001,3251.96483477159
48.1680000000001,3251.1731424088
48.1690000000001,3248.73344798747
48.1700000000001,3245.18458858479
48.171,3241.00296945593
48.172,3236.69568753016
48.173,3232.68905921954
48.1740000000002,3225.5720131848
48.1750000000002,3219.52441690436
48.1760000000002,3215.1150930337
48.1770000000001,3212.56665473586
48.1780000000001,3211.90214558296
48.1790000000001,3212.96633100793
48.1800000000001,3211.71546160839
48.181,3212.07359122498
48.182,3214.27029361096
48.1830000000002,3218.37833123508
48.1840000000002,3224.35220297624
48.1850000000002,3231.97114514665
48.1860000000001,3236.9710300138
48.1870000000001,3243.18499161532
48.1880000000001,3250.36123437401
48.1890000000001,3258.02989686441
48.1900000000001,3265.56954848169
48.191,3272.2019052537
48.192,3273.43873150226
48.1930000000002,3273.05813149039
48.1940000000002,3271.07658214103
48.1950000000002,3267.59866105709
48.1960000000001,3262.83027453555
48.1970000000001,3256.92541748181
48.1980000000001,3246.57154265318
48.1990000000001,3236.4365321366
48.2,3227.32873584854
48.201,3219.89953122757
48.2020000000002,3214.61457463976
48.2030000000002,3211.53559781975
48.2040000000002,3207.17008882981
48.2050000000002,3205.55748657016
48.2060000000001,3206.76113238642
48.2070000000001,3210.56192760467
48.2080000000001,3216.49830063745
48.2090000000001,3223.66741997576
48.21,3227.87879416608
48.211,3232.50773961937
48.2120000000002,3237.2545215327
48.2130000000002,3241.84473676218
48.2140000000002,3246.08321505795
48.2150000000001,3249.56748003967
48.2160000000001,3248.98988844498
48.2170000000001,3248.52896340546
48.2180000000001,3248.69524792499
48.2190000000001,3249.83239404825
48.22,3252.05826451985
48.221,3254.86536998192
48.2220000000002,3254.66340951777
48.2230000000002,3254.93833383643
48.2240000000002,3255.45058940316
48.2250000000001,3255.86104710318
48.2260000000001,3255.83281237373
48.2270000000001,3254.68611541742
48.2280000000001,3249.20472435191
48.229,3243.43339765602
48.23,3237.9250621269
48.2310000000002,3233.15997014605
48.2320000000002,3229.46580964602
48.2330000000002,3226.4726378937
48.2340000000002,3221.09448667951
48.2350000000001,3216.90093271714
48.2360000000001,3213.7788158033
48.2370000000001,3211.43561450476
48.2380000000001,3209.51041981948
48.239,3207.15041802574
48.24,3201.36059932802
48.2410000000002,3195.91996199216
48.2420000000002,3191.31543225087
48.2430000000002,3188.00172969411
48.2440000000001,3186.31841709861
48.2450000000001,3185.8268834289
48.2460000000001,3183.77176725506
48.2470000000001,3183.53305454559
48.248,3184.8781997347
48.249,3187.29884658591
48.25,3190.12626538813
48.2510000000002,3192.03008996016
48.2520000000002,3189.91121998142
48.2530000000002,3187.03788696375
48.2540000000001,3183.57921444109
48.2550000000001,3179.80970873361
48.2560000000001,3176.07806031867
48.2570000000001,3172.07298212698
48.258,3165.77350362339
48.259,3160.98393017223
48.2600000000002,3158.10937872055
48.2610000000002,3157.26445469238
48.2620000000002,3158.30360871048
48.2630000000001,3160.16174530722
48.2640000000001,3160.18695721627
48.2650000000001,3161.33975602317
48.2660000000001,3163.45794068917
48.2670000000001,3166.32867593762
48.268,3169.73505405376
48.269,3172.71964584106
48.2700000000002,3173.08599159554
48.2710000000002,3174.10993371507
48.2720000000002,3175.99583877347
48.2730000000001,3178.81490325282
48.2740000000001,3182.50885037077
48.2750000000001,3186.08970879935
48.2760000000001,3187.38384733138
48.277,3189.41434113995
48.278,3192.13703595353
48.2790000000002,3195.38221956574
48.2800000000002,3198.90463301181
48.2810000000002,3201.56550116216
48.2820000000002,3201.30745335124
48.2830000000001,3201.13851805679
48.2840000000001,3201.09611922542
48.2850000000001,3201.08637428304
48.2860000000001,3200.90063409301
48.287,3199.33336716527
48.288,3194.38357981016
48.2890000000002,3188.90814120642
48.2900000000002,3182.88447903744
48.2910000000002,3176.24599334392
48.2920000000001,3168.94419444254
48.2930000000001,3160.03628323277
48.2940000000001,3148.07507360222
48.2950000000001,3136.37800054699
48.296,3125.43192947903
48.297,3115.55987250127
48.298,3106.88403064641
48.2990000000002,3098.24796167715
48.3000000000002,3087.78727503361
48.3010000000002,3078.29759644516
48.3020000000001,3069.59681253921
48.3030000000001,3061.35860402442
48.3040000000001,3053.18804334471
48.3050000000001,3043.46423169705
48.306,3030.16116670112
48.307,3016.63094368717
48.3080000000002,3003.37092902038
48.3090000000002,2990.88100577207
48.3100000000002,2979.55752797021
48.3110000000001,2968.22968464818
48.3120000000001,2955.0994036042
48.3130000000001,2943.49258008837
48.3140000000001,2933.47979669404
48.3150000000001,2924.89508565043
48.316,2917.37222542955
48.317,2909.0558505692
48.3180000000002,2897.91911562933
48.3190000000002,2886.81233693658
48.3200000000002,2875.82197939999
48.3210000000001,2865.08791705067
48.3220000000001,2854.78527242421
48.3230000000001,2844.10435660402
48.3240000000001,2832.52602673179
48.325,2822.33177969187
48.326,2813.39345834938
48.3270000000002,2805.36630147538
48.3280000000002,2797.86706993494
48.3290000000002,2789.97658766781
48.3300000000002,2781.6668808051
48.3310000000001,2774.55579508842
48.3320000000001,2768.52571425389
48.3330000000001,2763.28097973283
48.3340000000001,2758.43000468894
48.335,2752.80382894595
48.336,2746.05453139148
48.3370000000002,2739.64034515191
48.3380000000002,2733.28707079863
48.3390000000002,2726.75414873573
48.3400000000001,2719.98562383007
48.3410000000001,2712.06182383868
48.3420000000001,2703.08118806398
48.3430000000001,2695.91712906733
48.3440000000001,2691.16821167011
48.345,2689.01950566396
48.346,2689.18176194084
48.3470000000002,2689.59740224641
48.3480000000002,2688.88901498262
48.3490000000002,2688.88973209471
48.3500000000001,2689.62410323682
48.3510000000001,2691.85505700146
48.3520000000001,2697.30407863579
48.3530000000001,2707.26641458269
48.354,2724.70485782793
48.355,2755.49509684471
48.3560000000002,2802.6848600703
48.3570000000002,2867.90364219268
48.3580000000002,2950.86893273088
48.3590000000002,3047.87249095842
48.3600000000001,3154.46446077267
48.3610000000001,3267.3532152047
48.3620000000001,3380.72093736965
48.3630000000001,3489.15864737879
48.364,3588.55609283542
48.365,3675.29823233668
48.3660000000002,3748.95412201077
48.3670000000002,3812.83140837249
48.3680000000002,3868.77233425686
48.3690000000001,3917.9033538754
48.3700000000001,3959.56698266748
48.3710000000001,3989.16395672141
48.3720000000001,4000.70556171138
48.373,3988.01073242636
48.374,3941.62060972012
48.375,3852.10765752414
48.3760000000002,3711.77786463086
48.3770000000002,3514.82537036128
48.3780000000002,3261.3857285147
48.3790000000001,2958.53342318833
48.3800000000001,2616.19505291173
48.3810000000001,2247.99209430806
48.3820000000001,1869.87027339166
48.383,1497.0724959368
48.384,1145.56821507887
48.3850000000002,830.950043670983
48.3860000000002,564.014099858103
48.3870000000002,352.0482665423
48.3880000000001,198.941753719813
48.3890000000001,104.187921044413
48.3900000000001,66.5838156594225
48.3910000000001,84.7372964480554
48.3920000000001,154.2286403166
48.393,269.49660226233
48.394,424.026959525462
48.3950000000002,609.004229780771
48.3960000000002,816.654380944723
48.3970000000002,1040.0790217596
48.3980000000001,1270.43995611189
48.3990000000001,1498.87536746944
48.4000000000001,1717.00523887316
48.4010000000001,1915.97743677379
48.402,2090.27744764324
48.403,2237.44922938336
48.4040000000002,2355.34112350908
48.4050000000002,2443.50230156584
48.4060000000002,2502.99627929343
48.4070000000002,2534.60982164498
48.4080000000001,2542.01787372958
48.4090000000001,2530.6157729233
48.4100000000001,2504.52936952792
48.4110000000001,2467.77989656195
48.412,2424.13446048228
48.413,2375.46933335668
48.4140000000002,2325.38141006219
48.4150000000002,2278.04656121387
48.4160000000002,2235.66140784053
48.4170000000001,2199.77965827741
48.4180000000001,2171.32715358004
48.4190000000001,2148.97913729402
48.4200000000001,2133.32620618615
48.421,2125.41383983676
48.422,2124.39802369099
48.423,2129.0823154298
48.4240000000002,2138.06763709961
48.4250000000002,2147.99066639159
48.4260000000002,2158.48884035252
48.4270000000001,2170.01775465876
48.4280000000001,2181.43643755831
48.4290000000001,2191.6451999942
48.4300000000001,2199.69255419699
48.431,2202.81714471413
48.432,2201.86670523391
48.4330000000002,2198.49371992963
48.4340000000002,2192.78185432931
48.4350000000002,2184.86410642829
48.4360000000001,2174.96592052363
48.4370000000001,2161.45894473982
48.4380000000001,2146.04424890853
48.4390000000001,2130.87361496403
48.4400000000001,2116.46995689279
48.441,2103.16928082014
48.442,2091.16783590718
48.4430000000002,2079.19157050286
48.4440000000002,2067.91975909439
48.4450000000002,2058.50069701856
48.4460000000001,2051.11271827096
48.4470000000001,2045.76498165796
48.4480000000001,2042.25437989263
48.4490000000001,2039.2506919855
48.45,2036.2822414805
48.451,2033.50518806245
48.4520000000002,2030.7432214729
48.4530000000002,2027.90364423224
48.4540000000002,2024.92578855695
48.4550000000002,2020.67987560226
48.4560000000001,2015.41210684841
48.4570000000001,2009.97499255177
48.4580000000001,2004.80673910964
48.4590000000001,2000.36405599308
48.46,1997.01074937169
48.461,1993.39884607075
48.4620000000002,1990.40211299099
48.4630000000002,1988.89026630457
48.4640000000002,1988.71626063417
48.4650000000001,1989.56574770145
48.4660000000001,1991.01327168454
48.4670000000001,1990.77414258183
48.4680000000001,1989.69101420532
48.4690000000001,1988.60436789896
48.47,1987.42783154874
48.471,1986.10390418191
48.4720000000002,1984.61439258982
48.4730000000002,1981.16223354187
48.4740000000002,1977.11716908644
48.4750000000001,1973.69540270941
48.4760000000001,1971.1340570567
48.4770000000001,1969.54322144824
48.4780000000001,1968.90219130775
48.479,1967.32680180174
48.48,1965.87285204782
48.4810000000002,1965.32450121222
48.4820000000002,1965.59044393273
48.4830000000002,1966.49914813447
48.4840000000002,1967.81834829919
48.4850000000001,1967.52591367124
48.4860000000001,1966.68682305596
48.4870000000001,1966.04891968421
48.4880000000001,1965.5839453708
48.489,1965.21920990083
48.49,1964.83911862014
48.4910000000002,1962.48100815419
48.4920000000002,1959.42677477375
48.4930000000002,1956.49551360595
48.4940000000001,1953.73596429643
48.4950000000001,1951.14404334026
48.4960000000001,1948.67756017297
48.4970000000001,1944.43905495252
48.498,1939.89259074035
48.499,1935.97264032407
48.5,1932.91189858394
48.5010000000002,1930.89866055173
48.5020000000002,1930.06194642219
48.5030000000002,1928.62462751239
48.5040000000001,1928.10286662693
48.5050000000001,1929.28522767916
48.5060000000001,1932.17998436385
48.5070000000001,1936.61864112569
48.508,1942.25936222964
48.509,1946.78303659109
48.5100000000002,1951.18939269078
48.5110000000002,1955.71656110093
48.5120000000002,1960.00199264544
48.5130000000001,1963.70161078976
48.5140000000001,1966.53324499001
48.5150000000001,1966.46886157619
48.5160000000001,1965.09272549122
48.5170000000001,1963.29242306621
48.518,1961.47733155128
48.519,1960.06049492573
48.5200000000002,1959.40266454455
48.5210000000002,1957.9182840173
48.5220000000002,1957.41764784869
48.5230000000001,1958.6323491483
48.5240000000001,1961.58198046643
48.5250000000001,1966.0620181095
48.5260000000001,1971.66398026785
48.527,1975.9595641227
48.528,1980.02851288354
48.5290000000002,1983.89389613178
48.5300000000002,1987.09576895259
48.5310000000002,1989.18723444178
48.5320000000002,1989.77322559915
48.5330000000001,1986.66032109257
48.5340000000001,1981.48000390678
48.5350000000001,1974.88629189565
48.5360000000001,1967.20679717846
48.537,1958.83832962843
48.538,1950.21368300522
48.5390000000002,1939.86198516062
48.5400000000002,1930.05001921357
48.5410000000002,1921.75481107058
48.5420000000001,1915.40357975492
48.5430000000001,1911.21648014442
48.5440000000001,1909.18730657519
48.5450000000001,1907.14287272788
48.546,1906.63658148342
48.547,1907.78443516012
48.548,1910.24135010039
48.5490000000002,1913.6002610079
48.5500000000002,1917.43386576603
48.5510000000002,1919.31350190624
48.5520000000001,1920.91706674759
48.5530000000001,1922.5532264288
48.5540000000001,1924.2062773412
48.5550000000001,1925.82330630018
48.556,1927.28164324848
48.557,1926.31749621147
48.5580000000002,1924.77323938376
48.5590000000002,1922.93281429438
48.5600000000002,1920.74809604616
48.5610000000001,1918.15184163494
48.5620000000001,1915.07975405895
48.5630000000001,1909.39399437123
48.5640000000001,1903.28558553771
48.5650000000001,1897.37109347254
48.566,1891.99045986264
48.567,1887.40490683553
48.5680000000002,1883.73820121103
48.5690000000002,1878.80210984618
48.5700000000002,1874.63371465102
48.5710000000001,1871.3783752939
48.5720000000001,1868.7997785345
48.5730000000001,1866.54248491479
48.5740000000001,1864.18468767388
48.575,1859.14833139557
48.576,1853.41988133722
48.5770000000002,1847.25904347401
48.5780000000002,1840.83749072268
48.5790000000002,1834.40604482748
48.5800000000002,1828.2512460033
48.5810000000001,1820.49594696599
48.5820000000001,1813.73510719942
48.5830000000001,1808.52790777891
48.5840000000001,1805.10043960071
48.585,1803.46610185731
48.586,1803.41695757627
48.5870000000002,1802.38829812598
48.5880000000002,1802.27117896358
48.5890000000002,1802.84311338791
48.5900000000001,1803.71057178825
48.5910000000001,1804.48426889337
48.5920000000001,1804.8293847502
48.5930000000001,1802.32726659264
48.5940000000001,1799.39010460767
48.595,1796.43021954337
48.596,1793.85908760049
48.5970000000002,1792.1261051837
48.5980000000002,1791.65783634426
48.5990000000002,1790.61261999146
48.6000000000001,1791.74272087342
48.6010000000001,1795.41226375399
48.6020000000001,1801.68227572453
48.6030000000001,1810.34455967751
48.604,1820.93407620525
48.605,1830.58716155753
48.6060000000002,1841.08266011604
48.6070000000002,1851.89123251892
48.6080000000002,1862.47926768391
48.6090000000002,1872.38951499339
48.6100000000001,1881.25044316472
48.6110000000001,1886.74780451689
48.6120000000001,1891.3724566941
48.6130000000001,1895.48718718162
48.614,1899.46361735144
48.615,1903.62845058149
48.6160000000002,1908.13031986644
48.6170000000002,1910.97139105801
48.6180000000002,1914.55609968781
48.6190000000001,1918.89979233092
48.6200000000001,1923.8209152414
48.6210000000001,1928.99272141312
48.6220000000001,1933.8916664906
48.623,1936.06502500218
48.624,1937.54861443626
48.625,1938.25482025173
48.6260000000002,1938.12363140013
48.6270000000002,1937.13222175811
48.6280000000002,1935.14443593316
48.6290000000001,1930.23929661131
48.6300000000001,1924.82235120647
48.6310000000001,1919.13480020291
48.6320000000001,1913.32204443867
48.633,1907.43666043692
48.634,1901.27621829405
48.6350000000002,1892.889998737
48.6360000000002,1884.50912753453
48.6370000000002,1876.2720629933
48.6380000000001,1868.28435371797
48.6390000000001,1860.63733006956
48.6400000000001,1853.20980745566
48.6410000000001,1844.29171798641
48.6420000000001,1836.21277602163
48.643,1829.22592744807
48.644,1823.4662575463
48.6450000000002,1818.94071227829
48.6460000000002,1815.29450825379
48.6470000000002,1810.59341905644
48.6480000000001,1806.75926077691
48.6490000000001,1803.6925220156
48.6500000000001,1801.24488257967
48.6510000000001,1799.25954195838
48.652,1797.33362934843
48.653,1793.72199399778
48.6540000000002,1790.56836218187
48.6550000000002,1788.07426138602
48.6560000000002,1786.37545042891
48.6570000000002,1785.51146475251
48.6580000000001,1785.10545845026
48.6590000000001,1783.37704544793
48.6600000000001,1782.19091912354
48.6610000000001,1781.42073485105
48.662,1780.86777440262
48.663,1780.31480225009
48.6640000000002,1779.24366328161
48.6650000000002,1776.01615593001
48.6660000000002,1772.75535354039
48.6670000000001,1769.74575441988
48.6680000000001,1767.26239387142
48.6690000000001,1765.53004532359
48.6700000000001,1764.31298239818
48.671,1762.15652145201
48.672,1761.11299394884
48.673,1761.18874078028
48.6740000000002,1762.24532461291
48.6750000000002,1764.04874598133
48.6760000000002,1765.91769595681
48.6770000000001,1766.17026228201
48.6780000000001,1766.73583168832
48.6790000000001,1767.67363472246
48.6800000000001,1769.02551557954
48.681,1770.79981702642
48.682,1772.50772888043
48.6830000000002,1772.67413082794
48.6840000000002,1773.28004642939
48.6850000000002,1774.33071180235
48.6860000000001,1775.7336841044
48.6870000000001,1777.33252343205
48.6880000000001,1778.45968958328
48.6890000000001,1777.61677233817
48.6900000000001,1776.8013329131
48.691,1776.13872117438
48.692,1775.71400746823
48.6930000000002,1775.5565929483
48.6940000000002,1775.11142908946
48.6950000000002,1773.01274087524
48.6960000000001,1771.20150553943
48.6970000000001,1769.72409727108
48.6980000000001,1768.55906053126
48.6990000000001,1767.64794416313
48.7,1766.37839766961
48.701,1763.50896497357
48.7020000000002,1761.08964665146
48.7030000000002,1759.39111045688
48.7040000000002,1758.62995086238
48.7050000000002,1758.93253183486
48.7060000000001,1759.72466596766
48.7070000000001,1759.74298888921
48.7080000000001,1760.76593825678
48.7090000000001,1762.71347976214
48.71,1765.38926276612
48.711,1768.51585619232
48.7120000000002,1771.17043582568
48.7130000000002,1771.98710111709
48.7140000000002,1772.66471892297
48.7150000000001,1773.255570594
48.7160000000001,1773.82421106091
48.7170000000001,1774.43002977801
48.7180000000001,1774.48033814084
48.7190000000001,1773.01108464543
48.72,1771.88534376722
48.721,1771.26901528882
48.7220000000002,1771.23921456146
48.7230000000002,1771.78933577403
48.7240000000002,1772.18890856996
48.7250000000001,1771.42910477359
48.7260000000001,1771.21501253988
48.7270000000001,1771.62440376262
48.7280000000001,1772.67778558907
48.729,1774.33912109386
48.73,1775.84869411281
48.7310000000002,1776.28721493107
48.7320000000002,1777.30394976595
48.7330000000002,1778.98489645025
48.7340000000002,1781.37608287373
48.7350000000001,1784.49338637028
48.7360000000001,1787.64050555057
48.7370000000001,1790.09288897596
48.7380000000001,1793.54841770566
48.739,1798.16203914137
48.74,1803.98936055285
48.7410000000002,1810.9709484092
48.7420000000002,1818.2105054144
48.7430000000002,1824.78929851984
48.7440000000001,1832.02543219461
48.7450000000001,1839.69705785393
48.7460000000001,1847.50780512919
48.7470000000001,1855.13165174623
48.748,1861.5137133921
48.749,1865.84852229585
48.75,1869.65992930113
48.7510000000002,1873.12502500234
48.7520000000002,1876.46657675108
48.7530000000002,1879.93031022923
48.7540000000001,1882.98106109788
48.7550000000001,1885.32397456782
48.7560000000001,1888.71184061109
48.7570000000001,1893.36986708875
48.758,1899.33678522009
48.759,1906.45766177386
48.7600000000002,1913.59860902462
48.7610000000002,1919.85252910696
48.7620000000002,1926.22615525441
48.7630000000001,1932.29104642034
48.7640000000001,1937.56490822694
48.7650000000001,1941.56673698939
48.7660000000001,1943.04153667422
48.7670000000001,1941.30678928682
48.768,1937.75369854711
48.769,1932.57676908599
48.7700000000002,1926.06663678849
48.7710000000002,1918.58601293848
48.7720000000002,1909.65747010651
48.7730000000001,1899.36714789565
48.7740000000001,1889.64415478285
48.7750000000001,1880.98418926096
48.7760000000001,1873.69901943123
48.777,1867.88677785462
48.778,1862.38353015082
48.7790000000002,1856.51249464938
48.7800000000002,1851.61920474432
48.7810000000002,1847.52966472198
48.7820000000002,1843.97633569409
48.7830000000001,1840.59931952823
48.7840000000001,1835.68161322039
48.7850000000001,1828.29221756123
48.7860000000001,1820.08149977553
48.787,1811.22942146812
48.788,1801.99458104796
48.7890000000002,1792.64449813938
48.7900000000002,1781.90515118055
48.7910000000002,1769.41053164096
48.7920000000001,1757.5161035503
48.7930000000001,1746.84772069226
48.7940000000001,1737.90680238434
48.7950000000001,1730.95559693557
48.796,1724.75902669386
48.797,1718.77498756033
48.798,1714.10030415748
48.7990000000002,1710.36844232333
48.8000000000002,1707.23210030264
48.8010000000002,1704.49001271459
48.8020000000001,1701.50512534157
48.8030000000001,1698.72857807261
48.8040000000001,1697.30550548029
48.8050000000001,1697.35345046052
48.806,1698.69848008977
48.807,1700.85810536382
48.8080000000002,1702.58738663837
48.8090000000002,1703.4070803576
48.8100000000002,1703.11462132848
48.8110000000001,1700.91851290708
48.8120000000001,1696.40381059672
48.8130000000001,1689.76164913924
48.8140000000001,1681.34836973745
48.8150000000001,1673.01807834665
48.816,1667.00937296108
48.817,1664.54095555671
48.8180000000002,1666.14597050885
48.8190000000002,1671.48973154431
48.8200000000002,1678.59594522407
48.8210000000001,1686.01730131214
48.8220000000001,1692.57237686407
48.8230000000001,1696.39166405934
48.8240000000001,1696.31479179028
48.825,1692.35303583243
48.826,1684.7578837134
48.8270000000002,1676.61964723969
48.8280000000002,1672.9553870881
48.8290000000002,1677.97913048197
48.8300000000002,1695.42665535572
48.8310000000001,1727.88246702894
48.8320000000001,1775.08679503818
48.8330000000001,1836.68168117491
48.8340000000001,1911.78269589843
48.835,1997.47285407715
48.836,2090.59246374778
48.8370000000002,2188.48720478623
48.8380000000002,2288.41511896357
48.8390000000002,2390.57832763112
48.8400000000001,2497.0630943281
48.8410000000001,2609.51692440368
48.8420000000001,2729.23066056709
48.8430000000001,2856.15627475692
48.8440000000001,2986.86581450431
48.845,3116.80710945508
48.846,3239.12559520431
48.8470000000002,3343.52971015093
48.8480000000002,3418.15562187721
48.8490000000002,3450.95216533285
48.8500000000001,3430.09186591695
48.8510000000001,3348.48202581609
48.8520000000001,3203.84630718333
48.8530000000001,2998.05288951143
48.854,2738.1394795557
48.855,2435.80341338232
48.8560000000002,2105.06623736426
48.8570000000002,1763.708879924
48.8580000000002,1430.09240609554
48.8590000000002,1119.97551140291
48.8600000000001,845.761125347954
48.8610000000001,615.398776117267
48.8620000000001,430.685730872602
48.8630000000001,290.580594017446
48.864,190.530600139919
48.865,122.554782508392
48.8660000000002,77.5923821047274
48.8670000000002,47.0835789319589
48.8680000000002,23.0806294992746
48.8690000000001,2.40008004334813
48.8700000000001,-14.6606350368068
48.8710000000001,-25.6072601154278
48.8720000000001,-25.7030415690869
48.873,-9.04542881205732
48.874,28.9226328481068
48.875,93.5305388441603
48.8760000000002,188.092033420836
48.8770000000002,312.357568682149
48.8780000000002,463.103415453324
48.8790000000001,634.434438830682
48.8800000000001,817.153134927908
48.8810000000001,1003.06736770407
48.8820000000001,1183.96003976332
48.883,1351.6365928259
48.884,1499.3345416151
48.8850000000002,1622.19277657035
48.8860000000002,1716.12599682012
48.8870000000002,1781.34046703627
48.8880000000001,1819.90329725178
48.8890000000001,1834.63004721687
48.8900000000001,1829.31500635342
48.8910000000001,1808.28734704659
48.8920000000001,1774.62230926209
48.893,1733.57217677237
48.894,1689.87151865664
48.8950000000002,1646.92961331196
48.8960000000002,1607.38621380844
48.8970000000002,1573.07930864354
48.8980000000001,1543.48416497345
48.8990000000001,1520.26077566933
48.9000000000001,1504.18931979797
48.9010000000001,1494.8076127007
48.902,1491.30167911139
48.903,1492.65812018655
48.9040000000002,1495.9076256258
48.9050000000002,1501.65741082257
48.9060000000002,1509.92753695154
48.9070000000002,1519.85127763685
48.9080000000001,1530.56688301395
48.9090000000001,1541.28009336086
48.9100000000001,1549.1798394824
48.9110000000001,1555.7748720448
48.912,1561.76005553769
48.913,1566.89930211924
48.9140000000002,1570.98148261845
48.9150000000002,1573.88063846472
48.9160000000002,1573.8262643516
48.9170000000001,1572.44948655856
48.9180000000001,1570.79348483521
48.9190000000001,1569.15668223488
48.9200000000001,1567.71090420852
48.921,1566.49518205205
48.922,1564.3184354298
48.923,1561.70970469372
48.9240000000002,1559.17597252506
48.9250000000002,1556.95787413778
48.9260000000002,1555.29279287319
48.9270000000001,1554.33503912935
48.9280000000001,1553.15270679585
48.9290000000001,1552.05118704917
48.9300000000001,1551.37435250932
48.931,1551.23992281805
48.932,1551.7161206994
48.9330000000002,1552.76385136966
48.9340000000002,1553.23455497459
48.9350000000002,1553.32695410749
48.9360000000001,1553.32744296753
48.9370000000001,1553.40714799578
48.9380000000001,1553.77998604269
48.9390000000001,1554.62136847144
48.9400000000001,1554.69998087502
48.941,1554.91632573797
48.942,1555.81289495356
48.9430000000002,1557.59560476707
48.9440000000002,1560.38948015735
48.9450000000002,1564.18125421508
48.9460000000001,1567.06130648457
48.9470000000001,1570.24642020632
48.9480000000001,1573.99723397344
48.9490000000001,1578.08298971069
48.95,1582.23492123461
48.951,1586.18690245475
48.9520000000002,1587.90504172305
48.9530000000002,1588.93994324418
48.9540000000002,1589.9116521794
48.9550000000002,1591.08103506286
48.9560000000001,1592.70147564506
48.9570000000001,1594.97022493476
48.9580000000001,1596.25548367001
48.9590000000001,1598.17462326617
48.96,1601.26077700807
48.961,1605.5906792146
48.9620000000002,1611.11343566335
48.9630000000002,1617.6511977329
48.9640000000002,1623.18271655752
48.9650000000001,1628.99403781301
48.9660000000001,1635.31547040184
48.9670000000001,1642.05964606879
48.9680000000001,1649.10868017404
48.9690000000001,1656.29184596785
48.97,1661.5896992268
48.971,1666.44685033207
48.9720000000002,1671.12236861621
48.9730000000002,1675.56287340797
48.9740000000002,1679.67402645176
48.9750000000001,1683.31669975453
48.9760000000001,1684.48341470608
48.9770000000001,1684.81699418178
48.9780000000001,1684.71800256151
48.979,1684.35285375046
48.98,1683.88747205459
48.9810000000002,1683.46464587938
48.9820000000002,1681.32144535427
48.9830000000002,1679.43165771631
48.9840000000002,1678.40114604681
48.9850000000001,1678.58371761613
48.9860000000001,1680.27283884783
48.9870000000001,1683.66546241225
48.9880000000001,1686.9277722953
48.989,1691.96184636819
48.99,1699.09523031968
48.9910000000002,1708.30796034667
48.9920000000002,1719.39642032163
48.9930000000002,1731.95633784826
48.9940000000001,1743.4788566486
48.9950000000001,1755.24936148836
48.9960000000001,1766.96465662679
48.9970000000001,1778.15587222679
48.998,1788.39114577592
48.999,1797.30303914158
49,1802.68455563403
49.0010000000002,1806.41664550608
49.0020000000002,1808.86936471585
49.0030000000002,1810.34054897056
49.0040000000001,1811.12235885276
49.0050000000001,1811.43568503079
49.0060000000001,1809.42670000234
49.0070000000001,1807.22115838919
49.008,1805.1341717247
49.009,1803.29474550965
49.0100000000002,1801.7585006091
49.0110000000002,1800.51669785426
49.0120000000002,1797.50312828907
49.0130000000001,1794.85206385024
49.0140000000001,1792.85243405169
49.0150000000001,1791.67439553964
49.0160000000001,1791.39926936747
49.0170000000001,1791.97718266569
49.018,1791.17242956953
49.019,1790.94968447285
49.0200000000002,1791.26338821432
49.0210000000002,1791.97247318784
49.0220000000002,1792.91248243821
49.0230000000001,1793.91712524631
49.0240000000001,1792.75145097541
49.0250000000001,1791.68934232603
49.0260000000001,1791.00075232318
49.027,1790.93944861577
49.028,1791.69599249508
49.0290000000002,1793.30612375939
49.0300000000002,1793.6036550266
49.0310000000002,1794.76691160393
49.0320000000002,1796.79617179653
49.0330000000001,1799.59520852745
49.0340000000001,1803.01307919047
49.0350000000001,1806.80336397424
49.0360000000001,1808.70157659975
49.037,1810.98812104177
49.038,1813.87703213426
49.0390000000002,1817.54706461832
49.0400000000002,1822.08639377294
49.0410000000002,1827.32483399892
49.0420000000001,1830.94593556
49.0430000000001,1834.9360082249
49.0440000000001,1839.05321400661
49.0450000000001,1842.93541750451
49.046,1846.15751144441
49.047,1848.14882412658
49.048,1846.53745853502
49.0490000000002,1843.44128928841
49.0500000000002,1839.07111375294
49.0510000000002,1833.75017588409
49.0520000000001,1827.87298126464
49.0530000000001,1821.67032106983
49.0540000000001,1813.57950285247
49.0550000000001,1806.22751824961
49.056,1800.08456102628
49.057,1795.46165908499
49.0580000000002,1792.50530793525
49.0590000000002,1790.99197278952
49.0600000000002,1788.89807723061
49.0610000000001,1788.3172266102
49.0620000000001,1789.19662557899
49.0630000000001,1791.37856896603
49.0640000000001,1794.61262989729
49.0650000000001,1798.32012403837
49.066,1800.28494817069
49.067,1802.42778991854
49.0680000000002,1804.62067693085
49.0690000000002,1806.72755357924
49.0700000000002,1808.62668100394
49.0710000000001,1809.94757725288
49.0720000000001,1808.89922439388
49.0730000000001,1807.7611328282
49.0740000000001,1806.83972146785
49.075,1806.41096191415
49.076,1806.69225098024
49.0770000000002,1807.50995597461
49.0780000000002,1807.25416462636
49.0790000000002,1808.11297217454
49.0800000000002,1810.23930974194
49.0810000000001,1813.68795103474
49.0820000000001,1818.43615194288
49.0830000000001,1824.05973184882
49.0840000000001,1828.83431365182
49.085,1834.86215072263
49.086,1842.28396341597
49.0870000000002,1851.17468912889
49.0880000000002,1861.52075139259
49.0890000000002,1872.81897221372
49.0900000000001,1883.27602573607
49.0910000000001,1894.75063948598
49.0920000000001,1907.08540754246
49.0930000000001,1920.01311996839
49.0940000000001,1933.18129412809
49.095,1945.76860087641
49.096,1955.86638517559
49.0970000000002,1965.22763312288
49.0980000000002,1973.73555777519
49.0990000000002,1981.2641535595
49.1000000000001,1987.6723498048
49.1010000000001,1992.34532680976
49.1020000000001,1993.66961513012
49.1030000000001,1993.6376006586
49.104,1992.3558462312
49.105,1989.91030299928
49.1060000000002,1986.37663431663
49.1070000000002,1981.33993495899
49.1080000000002,1973.5141563345
49.1090000000002,1965.20830341488
49.1100000000001,1956.8814124128
49.1110000000001,1948.97575717602
49.1120000000001,1941.89066275522
49.1130000000001,1935.42991886015
49.114,1928.51781031616
49.115,1923.41175198024
49.1160000000002,1920.40535463416
49.1170000000002,1919.61339864609
49.1180000000002,1920.95749397456
49.1190000000001,1923.60729858065
49.1200000000001,1925.86577792547
49.1210000000001,1929.23554103538
49.1220000000001,1933.31894804592
49.123,1937.61720152431
49.124,1941.56763479452
49.125,1943.99213806143
49.1260000000002,1943.15836036834
49.1270000000002,1940.73398578119
49.1280000000002,1936.76719369254
49.1290000000001,1931.46224089605
49.1300000000001,1925.17407516081
49.1310000000001,1917.74400422141
49.1320000000001,1908.60130174487
49.133,1900.42536316486
49.134,1894.09462846544
49.1350000000002,1890.3329132224
49.1360000000002,1889.61927343787
49.1370000000002,1891.44159032453
49.1380000000001,1894.54626807776
49.1390000000001,1900.49179855603
49.1400000000001,1908.80868865205
49.1410000000001,1918.77182132274
49.1420000000001,1929.47575434836
49.143,1939.21137136156
49.144,1946.00324279175
49.1450000000002,1951.07888596212
49.1460000000002,1954.16957271407
49.1470000000002,1955.24746400386
49.1480000000001,1954.52126314996
49.1490000000001,1951.63736360747
49.1500000000001,1946.20669257818
49.1510000000001,1940.89084146715
49.152,1936.61209715919
49.153,1934.14002336342
49.1540000000002,1933.99824518845
49.1550000000002,1935.58628984149
49.1560000000002,1937.92191736752
49.1570000000002,1942.67104512171
49.1580000000001,1949.52813310395
49.1590000000001,1957.985985813
49.1600000000001,1967.40813040549
49.1610000000001,1976.2300669417
49.162,1982.96419280312
49.163,1989.11247343865
49.1640000000002,1994.55177034304
49.1650000000002,1999.24216763244
49.1660000000002,2003.19999573996
49.1670000000001,2005.54567077928
49.1680000000001,2005.56686140466
49.1690000000001,2005.37440511817
49.1700000000001,2005.35368707129
49.171,2005.83615133651
49.172,2007.07959296196
49.173,2008.2963250321
49.1740000000002,2008.87244096549
49.1750000000002,2010.8285602409
49.1760000000002,2014.41945083847
49.1770000000001,2019.74641802365
49.1780000000001,2026.72270039666
49.1790000000001,2034.05421116511
49.1800000000001,2040.6395092838
49.181,2047.89331801894
49.182,2055.52877606842
49.1830000000002,2063.22561444699
49.1840000000002,2070.66934142468
49.1850000000002,2076.51945945281
49.1860000000001,2080.00897604276
49.1870000000001,2083.07341753729
49.1880000000001,2086.10646706661
49.1890000000001,2089.51779403623
49.1900000000001,2093.64793718248
49.191,2097.57534605295
49.192,2100.7946741236
49.1930000000002,2105.11513517266
49.1940000000002,2110.56039932412
49.1950000000002,2116.96437573538
49.1960000000001,2123.98892815557
49.1970000000001,2130.02201464211
49.1980000000001,2134.10480659369
49.1990000000001,2137.66214818108
49.2,2140.64323019816
49.201,2143.06359620517
49.2020000000002,2144.98351905249
49.2030000000002,2145.29766304869
49.2040000000002,2143.75899579192
49.2050000000002,2142.36467534774
49.2060000000001,2141.57567224309
49.2070000000001,2141.78835741952
49.2080000000001,2143.29075542104
49.2090000000001,2145.01148390923
49.21,2146.71629757256
49.211,2150.15726531183
49.2120000000002,2155.47371741834
49.2130000000002,2162.65534982965
49.2140000000002,2171.52927995884
49.2150000000001,2180.51765148803
49.2160000000001,2189.00909645906
49.2170000000001,2198.29782996473
49.2180000000001,2208.20918105096
49.2190000000001,2218.5411746999
49.22,2229.06754506545
49.221,2238.25361827885
49.2220000000002,2245.78567589475
49.2230000000002,2253.21584540564
49.2240000000002,2260.69047337749
49.2250000000001,2268.31958331451
49.2260000000001,2276.14197240369
49.2270000000001,2282.77088006088
49.2280000000001,2288.09655768937
49.229,2293.69038541543
49.23,2299.69711162674
49.2310000000002,2306.2132578941
49.2320000000002,2313.2869847942
49.2330000000002,2319.55137468917
49.2340000000002,2325.09545037044
49.2350000000001,2331.61404255613
49.2360000000001,2339.42628134321
49.2370000000001,2348.77302580632
49.2380000000001,2359.76763260049
49.239,2370.93735055283
49.24,2382.25039228314
49.2410000000002,2395.01160499499
49.2420000000002,2409.03528393859
49.2430000000002,2423.95870323356
49.2440000000001,2439.2542170367
49.2450000000001,2452.78707709198
49.2460000000001,2464.12230799057
49.2470000000001,2474.22472379356
49.248,2482.80561949581
49.249,2489.64014692364
49.25,2494.5746700409
49.2510000000002,2495.99823478644
49.2520000000002,2494.28810613191
49.2530000000002,2491.18242868714
49.2540000000001,2487.17868029089
49.2550000000001,2482.74490634457
49.2560000000001,2478.25999164504
49.2570000000001,2472.29699554706
49.258,2465.42467386559
49.259,2459.37219552894
49.2600000000002,2454.43552678521
49.2610000000002,2450.74923704866
49.2620000000002,2448.25965814185
49.2630000000001,2444.75406181341
49.2640000000001,2440.37337335733
49.2650000000001,2436.63493929872
49.2660000000001,2433.62962005457
49.2670000000001,2431.38883078835
49.268,2429.82100129059
49.269,2426.39244206566
49.2700000000002,2421.33260980142
49.2710000000002,2416.40579293549
49.2720000000002,2411.90520016282
49.2730000000001,2408.09824048189
49.2740000000001,2405.13347423995
49.2750000000001,2400.64317320217
49.2760000000001,2395.14697120477
49.277,2390.44347263231
49.278,2386.83351061026
49.2790000000002,2384.53109979359
49.2800000000002,2383.59605885142
49.2810000000002,2382.04200541407
49.2820000000002,2380.37562153422
49.2830000000001,2379.64684155198
49.2840000000001,2379.62533092832
49.2850000000001,2380.01543746789
49.2860000000001,2380.53058434043
49.287,2379.83932257644
49.288,2378.72003869539
49.2890000000002,2377.93484947217
49.2900000000002,2377.42486208031
49.2910000000002,2377.1158133421
49.2920000000001,2376.98799165573
49.2930000000001,2376.21935544916
49.2940000000001,2375.93138062207
49.2950000000001,2376.90070333193
49.296,2379.07616364798
49.297,2382.23424423822
49.298,2386.04372284395
49.2990000000002,2388.71527295674
49.3000000000002,2391.00193164129
49.3010000000002,2393.58955231568
49.3020000000001,2396.30236464639
49.3030000000001,2398.95481200254
49.3040000000001,2401.40154313466
49.3050000000001,2401.59599091037
49.306,2400.99086157468
49.307,2401.38171652825
49.3080000000002,2403.79952327281
49.3090000000002,2409.49815906353
49.3100000000002,2419.89878031501
49.3110000000001,2434.30918438753
49.3120000000001,2455.67060052164
49.3130000000001,2486.8018812108
49.3140000000001,2529.18889002869
49.3150000000001,2583.84849115767
49.316,2651.20377897842
49.317,2728.87145045756
49.3180000000002,2817.48162556956
49.3190000000002,2916.91586124675
49.3200000000002,3025.58422713668
49.3210000000001,3141.46612700738
49.3220000000001,3262.20444138318
49.3230000000001,3383.04273072033
49.3240000000001,3502.72735463266
49.325,3619.4748016034
49.326,3730.30737262033
49.3270000000002,3831.85786860529
49.3280000000002,3920.31903134496
49.3290000000002,3989.26039209105
49.3300000000002,4035.81169253169
49.3310000000001,4056.55997792374
49.3320000000001,4047.3594229222
49.3330000000001,4004.47350593056
49.3340000000001,3924.89693805016
49.335,3804.40906462752
49.336,3644.14562785809
49.3370000000002,3446.22298590354
49.3380000000002,3213.526385197
49.3390000000002,2950.47211627091
49.3400000000001,2662.8767952989
49.3410000000001,2355.47291664839
49.3420000000001,2038.1276421628
49.3430000000001,1720.7678603637
49.3440000000001,1412.95382488385
49.345,1124.27015820542
49.346,863.925876208129
49.3470000000002,638.022846439102
49.3480000000002,455.701183044444
49.3490000000002,323.678500091281
49.3500000000001,245.938104747626
49.3510000000001,224.121927305565
49.3520000000001,257.345187805646
49.3530000000001,339.8360008022
49.354,467.865086004482
49.355,634.808720564236
49.3560000000002,831.90707048219
49.3570000000002,1049.52114076029
49.3580000000002,1277.75990473093
49.3590000000002,1504.67319901187
49.3600000000001,1723.75637645941
49.3610000000001,1928.73368310747
49.3620000000001,2114.21628535961
49.3630000000001,2276.39064844064
49.364,2412.94820607031
49.365,2520.47148629864
49.3660000000002,2601.40583977319
49.3670000000002,2657.94149867709
49.3680000000002,2692.4044322361
49.3690000000001,2707.62484426034
49.3700000000001,2706.73992861618
49.3710000000001,2690.50563292318
49.3720000000001,2664.54635448999
49.373,2632.99040037513
49.374,2599.11758484802
49.375,2565.75127414721
49.3760000000002,2535.12655102978
49.3770000000002,2506.14136030663
49.3780000000002,2482.28416805548
49.3790000000001,2464.76615665983
49.3800000000001,2453.67520852274
49.3810000000001,2448.61668298087
49.3820000000001,2448.84098994267
49.383,2450.4003601226
49.384,2455.33368027157
49.3850000000002,2463.51512579376
49.3860000000002,2474.23122678152
49.3870000000002,2486.76233743696
49.3880000000001,2500.39464207381
49.3890000000001,2511.10729169357
49.3900000000001,2521.83838394526
49.3910000000001,2532.79477753367
49.3920000000001,2543.49693625354
49.393,2553.39672865941
49.394,2561.95173915277
49.3950000000002,2565.35630224067
49.3960000000002,2566.96612898677
49.3970000000002,2567.37265849106
49.3980000000001,2566.6350075683
49.3990000000001,2564.78842799166
49.4000000000001,2561.86634438084
49.4010000000001,2555.11572094764
49.402,2547.55754265972
49.403,2540.08927769138
49.4040000000002,2533.24242601177
49.4050000000002,2527.4772904753
49.4060000000002,2523.13753711649
49.4070000000002,2518.31948474566
49.4080000000001,2514.88059897582
49.4090000000001,2513.46451740618
49.4100000000001,2514.4273031385
49.4110000000001,2517.8911579131
49.412,2523.62930017184
49.413,2529.07248239323
49.4140000000002,2534.85751192151
49.4150000000002,2540.66879282856
49.4160000000002,2546.1563623306
49.4170000000001,2551.0600849243
49.4180000000001,2555.16800023802
49.4190000000001,2555.81474568335
49.4200000000001,2555.25401827098
49.421,2554.13314159374
49.422,2553.05593449282
49.423,2552.61651292153
49.4240000000002,2553.25848624276
49.4250000000002,2552.15919402478
49.4260000000002,2552.50033250304
49.4270000000001,2554.52947892473
49.4280000000001,2558.06988117727
49.4290000000001,2562.71892803425
49.4300000000001,2567.9077737617
49.431,2569.7905426046
49.432,2571.34393502991
49.4330000000002,2572.63810513283
49.4340000000002,2573.73552290797
49.4350000000002,2574.79600644539
49.4360000000001,2576.02832914064
49.4370000000001,2574.42068933819
49.4380000000001,2573.73567381089
49.4390000000001,2574.58513223899
49.4400000000001,2577.32146646184
49.441,2582.02768550055
49.442,2588.46501637766
49.4430000000002,2592.80776825203
49.4440000000002,2597.95194948262
49.4450000000002,2603.5006974969
49.4460000000001,2608.97449927086
49.4470000000001,2613.88278887434
49.4480000000001,2617.70863375728
49.4490000000001,2616.83595503559
49.45,2614.64455796604
49.451,2611.47247689761
49.4520000000002,2607.71168416554
49.4530000000002,2603.75491524735
49.4540000000002,2599.81903808317
49.4550000000002,2592.94366873192
49.4560000000001,2586.91502517006
49.4570000000001,2582.24809184707
49.4580000000001,2579.33924208112
49.4590000000001,2578.47543608801
49.46,2579.6695257566
49.461,2579.8652133747
49.4620000000002,2582.68897405377
49.4630000000002,2588.50865065753
49.4640000000002,2597.51707714142
49.4650000000001,2609.67946525316
49.4660000000001,2624.46655508023
49.4670000000001,2638.20680792838
49.4680000000001,2653.64636720744
49.4690000000001,2670.22226615988
49.47,2687.20955081637
49.471,2703.79020661935
49.4720000000002,2718.85495909464
49.4730000000002,2728.61851323933
49.4740000000002,2736.05524388502
49.4750000000001,2741.25738782505
49.4760000000001,2744.50163095541
49.4770000000001,2746.20041005978
49.4780000000001,2746.50078686356
49.479,2742.93358631409
49.48,2739.45123310611
49.4810000000002,2736.81160022593
49.4820000000002,2735.57424164428
49.4830000000002,2736.0636681131
49.4840000000002,2737.98339838498
49.4850000000001,2738.3652232531
49.4860000000001,2740.46252655303
49.4870000000001,2744.41474152895
49.4880000000001,2750.29495700015
49.489,2758.11877495646
49.49,2767.39813252835
49.4910000000002,2775.20437954253
49.4920000000002,2784.86284566089
49.4930000000002,2796.54930348224
49.4940000000001,2810.2528780838
49.4950000000001,2825.72165964127
49.4960000000001,2841.94104366751
49.4970000000001,2855.41636892552
49.498,2868.74546496185
49.499,2881.44146536127
49.5,2893.01496696128
49.5010000000002,2903.04288542462
49.5020000000002,2910.67330588419
49.5030000000002,2913.12573205247
49.5040000000001,2913.96925610435
49.5050000000001,2913.95305635387
49.5060000000001,2913.8927494796
49.5070000000001,2914.54680936297
49.508,2915.88042511721
49.509,2915.61800928641
49.5100000000002,2917.32760380082
49.5110000000002,2921.30201015049
49.5120000000002,2927.55352565579
49.5130000000001,2935.84280059187
49.5140000000001,2945.05234881374
49.5150000000001,2952.08079819466
49.5160000000001,2959.90758609813
49.5170000000001,2968.58781116205
49.518,2978.22315412788
49.519,2988.91143050088
49.5200000000002,2999.93919063234
49.5210000000002,3008.74364316809
49.5220000000002,3018.6399444545
49.5230000000001,3029.86426485393
49.5240000000001,3042.48098507647
49.5250000000001,3056.34190656945
49.5260000000001,3070.25718372306
49.527,3081.2377951085
49.528,3092.11146006152
49.5290000000002,3102.68630182019
49.5300000000002,3112.71797622633
49.5310000000002,3121.9057972061
49.5320000000002,3129.00849195149
49.5330000000001,3131.32141525365
49.5340000000001,3132.11787916487
49.5350000000001,3131.80327203527
49.5360000000001,3130.89238292903
49.537,3129.96886634963
49.538,3128.67774064304
49.5390000000002,3125.35057296169
49.5400000000002,3124.00597618519
49.5410000000002,3125.5662379038
49.5420000000001,3130.69293265265
49.5430000000001,3139.67699862509
49.5440000000001,3151.36483955532
49.5450000000001,3163.07361043588
49.546,3177.33484487767
49.547,3193.53795059937
49.548,3210.90075181353
49.5490000000002,3228.55115534667
49.5500000000002,3244.54598743213
49.5510000000002,3256.1160119729
49.5520000000001,3266.08423155719
49.5530000000001,3274.62926710221
49.5540000000001,3282.08703243804
49.5550000000001,3288.86383917692
49.556,3294.21087106814
49.557,3296.57187541932
49.5580000000002,3299.5938646436
49.5590000000002,3303.96634794144
49.5600000000002,3310.22170883353
49.5610000000001,3318.70022656856
49.5620000000001,3328.32377518268
49.5630000000001,3337.27392203718
49.5640000000001,3348.76541792766
49.5650000000001,3363.02787145434
49.566,3380.10427472618
49.567,3399.80693430764
49.5680000000002,3420.41573672287
49.5690000000002,3439.60141559886
49.5700000000002,3459.89382837216
49.5710000000001,3480.90670891949
49.5720000000001,3502.16295970789
49.5730000000001,3523.12758631527
49.5740000000001,3541.90937537513
49.575,3556.48206839293
49.576,3569.8170620769
49.5770000000002,3582.25930048207
49.5780000000002,3594.23458076046
49.5790000000002,3606.16967892815
49.5800000000002,3616.99587998798
49.5810000000001,3625.51435078265
49.5820000000001,3635.08890107099
49.5830000000001,3646.13561270536
49.5840000000001,3658.79915816283
49.585,3672.91867543813
49.586,3686.5414747049
49.5870000000002,3697.68216438096
49.5880000000002,3708.80659944974
49.5890000000002,3719.5842099157
49.5900000000001,3729.64428711309
49.5910000000001,3738.6038491847
49.5920000000001,3744.52185904757
49.5930000000001,3745.92004962066
49.5940000000001,3745.87659994948
49.595,3744.83940267683
49.596,3743.26567530871
49.5970000000002,3741.55018683507
49.5980000000002,3738.32345991445
49.5990000000002,3732.66723263614
49.6000000000001,3727.82066349776
49.6010000000001,3724.20325973345
49.6020000000001,3722.03428971468
49.6030000000001,3721.31285206069
49.604,3720.11596238646
49.605,3717.15523199351
49.6060000000002,3715.18140043357
49.6070000000002,3714.27621051376
49.6080000000002,3714.45691962924
49.6090000000002,3715.66205375862
49.6100000000001,3715.94922636519
49.6110000000001,3714.32446528698
49.6120000000001,3713.71894990342
49.6130000000001,3714.40188190725
49.614,3716.53095995278
49.615,3720.11481481334
49.6160000000002,3723.12601432288
49.6170000000002,3724.62401605702
49.6180000000002,3727.35522027505
49.6190000000001,3731.39308297277
49.6200000000001,3736.67834956391
49.6210000000001,3743.00845064527
49.6220000000001,3748.10680596409
49.623,3751.04152616589
49.624,3754.43395622108
49.625,3758.34035829769
49.6260000000002,3762.74123132964
49.6270000000002,3767.52409659454
49.6280000000002,3770.46243050389
49.6290000000001,3770.93410765456
49.6300000000001,3771.69470965577
49.6310000000001,3772.95274939673
49.6320000000001,3774.8222883202
49.633,3777.30332472061
49.634,3778.17407729519
49.6350000000002,3777.04833735399
49.6360000000002,3776.70896581953
49.6370000000002,3777.38425385996
49.6380000000001,3779.18853822519
49.6390000000001,3782.1122130853
49.6400000000001,3783.83511207915
49.6410000000001,3784.1089622889
49.6420000000001,3785.6617149208
49.643,3788.67672499042
49.644,3793.19475129034
49.6450000000002,3799.1007516751
49.6460000000002,3803.84876793817
49.6470000000002,3807.18381254151
49.6480000000001,3811.63714155213
49.6490000000001,3817.22937447204
49.6500000000001,3823.85866629138
49.6510000000001,3831.30332992523
49.652,3836.8709680435
49.653,3840.44720695308
49.6540000000002,3844.55027289264
49.6550000000002,3849.24983005302
49.6560000000002,3854.50222002841
49.6570000000002,3860.142694611
49.6580000000001,3863.46604232051
49.6590000000001,3864.54740641543
49.6600000000001,3865.88893841638
49.6610000000001,3867.62687323267
49.662,3869.81090414381
49.663,3872.40170985277
49.6640000000002,3872.78054016626
49.6650000000002,3871.32696932759
49.6660000000002,3870.64116241676
49.6670000000001,3870.98494511559
49.6680000000001,3872.4617838624
49.6690000000001,3874.98887263955
49.6700000000001,3875.72757892129
49.671,3874.95873181642
49.672,3874.93250062501
49.673,3875.62242188633
49.6740000000002,3876.89899249335
49.6750000000002,3878.5485760147
49.6760000000002,3877.67745344799
49.6770000000001,3874.84161444612
49.6780000000001,3872.43960780992
49.6790000000001,3870.71059454217
49.6800000000001,3869.77527481365
49.681,3869.59779805131
49.682,3867.30234447868
49.6830000000002,3863.54009505098
49.6840000000002,3860.46020501949
49.6850000000002,3858.0601422613
49.6860000000001,3856.22308282613
49.6870000000001,3854.75118656139
49.6880000000001,3850.68594064711
49.6890000000001,3844.95737564297
49.6900000000001,3839.90968473279
49.691,3835.90068129132
49.692,3833.20261216578
49.6930000000002,3831.95875214106
49.6940000000002,3829.39649776725
49.6950000000002,3826.64951765612
49.6960000000001,3825.84760785422
49.6970000000001,3827.04619241972
49.6980000000001,3830.10276655289
49.6990000000001,3834.70472380613
49.7,3837.62836977392
49.701,3839.81001161881
49.7020000000002,3843.05694028438
49.7030000000002,3847.29868558894
49.7040000000002,3852.36422578684
49.7050000000002,3857.97917140444
49.7060000000001,3860.94496514714
49.7070000000001,3862.41934943196
49.7080000000001,3864.19999992605
49.7090000000001,3866.27130892811
49.71,3868.53419856428
49.711,3870.83197337846
49.7120000000002,3870.10208308127
49.7130000000002,3867.91735415186
49.7140000000002,3866.33364665426
49.7150000000001,3865.69019017993
49.7160000000001,3866.23042445641
49.7170000000001,3868.07673725957
49.7180000000001,3868.28499433065
49.7190000000001,3868.58781810901
49.72,3870.80534723532
49.721,3874.93580706542
49.7220000000002,3880.74097431675
49.7230000000002,3887.77246817431
49.7240000000002,3892.43913052624
49.7250000000001,3896.0544385033
49.7260000000001,3899.90425325864
49.7270000000001,3903.65990221108
49.7280000000001,3906.92588302637
49.729,3909.27639149887
49.73,3907.27226435186
49.7310000000002,3902.70101008496
49.7320000000002,3897.22211380536
49.7330000000002,3891.01798567769
49.7340000000002,3884.22945664214
49.7350000000001,3876.95260855743
49.7360000000001,3866.14425863503
49.7370000000001,3854.12848405498
49.7380000000001,3842.80880316087
49.739,3832.55269986416
49.74,3823.55423349565
49.7410000000002,3815.8213493631
49.7420000000002,3805.84909683197
49.7430000000002,3795.79966388599
49.7440000000001,3787.19634151882
49.7450000000001,3779.9853170698
49.7460000000001,3773.89905987856
49.7470000000001,3768.45706996567
49.748,3759.49983175944
49.749,3748.9308140531
49.75,3737.97252773834
49.7510000000002,3726.51391827166
49.7520000000002,3714.48497223391
49.7530000000002,3701.87344841677
49.7540000000001,3685.16054806797
49.7550000000001,3667.26900666233
49.7560000000001,3650.28471963484
49.7570000000001,3634.92990099982
49.758,3621.7189959217
49.759,3610.857216017
49.7600000000002,3598.55646319403
49.7610000000002,3587.28416766305
49.7620000000002,3578.15870967841
49.7630000000001,3570.87405475755
49.7640000000001,3564.97928554642
49.7650000000001,3559.95167993262
49.7660000000001,3551.95503680615
49.7670000000001,3543.42163264605
49.768,3535.44045392799
49.769,3527.99772510093
49.7700000000002,3521.01190429314
49.7710000000002,3514.34169193921
49.7720000000002,3505.58973513433
49.7730000000001,3497.02369095365
49.7740000000001,3489.13326165628
49.7750000000001,3481.507809191
49.7760000000001,3473.77294642543
49.777,3465.80663662195
49.778,3455.78137430577
49.7790000000002,3446.78715782958
49.7800000000002,3440.14861124157
49.7810000000002,3436.17631086825
49.7820000000002,3434.66847270846
49.7830000000001,3434.86695838456
49.7840000000001,3432.65683053356
49.7850000000001,3429.55886182107
49.7860000000001,3425.13100443362
49.787,3418.44556554379
49.788,3409.24088580113
49.7890000000002,3398.22143249643
49.7900000000002,3383.68945289679
49.7910000000002,3371.76032377392
49.7920000000001,3366.83755920752
49.7930000000001,3372.30324192975
49.7940000000001,3390.64773565022
49.7950000000001,3422.9258242315
49.796,3464.99104631146
49.797,3517.97787093502
49.798,3579.30367357782
49.7990000000002,3644.81921302209
49.8000000000002,3710.26533624748
49.8010000000002,3771.98116063068
49.8020000000001,3824.11320368754
49.8030000000001,3868.87215299008
49.8040000000001,3907.10481789048
49.8050000000001,3939.62505480711
49.806,3967.32264101975
49.807,3990.72963421072
49.8080000000002,4006.54581217802
49.8090000000002,4017.74435451194
49.8100000000002,4024.49083095909
49.8110000000001,4026.5863437097
49.8120000000001,4024.50264447314
49.8130000000001,4019.65284983405
49.8140000000001,4010.98010975721
49.8150000000001,4004.57115348068
49.816,4003.02338824183
49.817,4006.44461768347
49.8180000000002,4011.92804571832
49.8190000000002,4012.99429326563
49.8200000000002,3996.4553395747
49.8210000000001,3953.5809448879
49.8220000000001,3872.01525071983
49.8230000000001,3740.31859682025
49.8240000000001,3550.73940578103
49.825,3301.23525868448
49.826,2993.47449776355
49.8270000000002,2643.22601598081
49.8280000000002,2269.45317725427
49.8290000000002,1894.81099594879
49.8300000000002,1543.31960602636
49.8310000000001,1237.4618280748
49.8320000000001,992.316664915684
49.8330000000001,823.84667409049
49.8340000000001,737.870586847141
49.835,732.849445456061
49.836,801.239089789659
49.8370000000002,931.194557567476
49.8380000000002,1105.3203355457
49.8390000000002,1312.74380854409
49.8400000000001,1540.35411581973
49.8410000000001,1776.52913788188
49.8420000000001,2011.69957499089
49.8430000000001,2238.22306743142
49.8440000000001,2446.77499069744
49.845,2636.19442784254
49.846,2802.77273332108
49.8470000000002,2943.18236102592
49.8480000000002,3054.81074217005
49.8490000000002,3136.06244194343
49.8500000000001,3183.47321766211
49.8510000000001,3202.22279505576
49.8520000000001,3195.60526189817
49.8530000000001,3167.97959286373
49.854,3124.48172399671
49.855,3070.49116470242
49.8560000000002,3007.86119938027
49.8570000000002,2944.89977954829
49.8580000000002,2885.28450980147
49.8590000000002,2831.37659604882
49.8600000000001,2784.43001697403
49.8610000000001,2744.84743046542
49.8620000000001,2709.05640839734
49.8630000000001,2680.95346054688
49.864,2660.27061198058
49.865,2646.51046753858
49.8660000000002,2639.0115042806
49.8670000000002,2636.87995487691
49.8680000000002,2635.67237223228
49.8690000000001,2638.57582572394
49.8700000000001,2644.42612040669
49.8710000000001,2651.76852879386
49.8720000000001,2659.0776198885
49.873,2664.84782755633
49.874,2664.69064920116
49.875,2662.30473713932
49.8760000000002,2657.66372864136
49.8770000000002,2650.90312691796
49.8780000000002,2642.31680867005
49.8790000000001,2632.13695109278
49.8800000000001,2617.65766011493
49.8810000000001,2603.58600795526
49.8820000000001,2590.47450303157
49.883,2578.54410640241
49.884,2567.76769380742
49.8850000000002,2557.75068798355
49.8860000000002,2545.47088554323
49.8870000000002,2534.26562427455
49.8880000000001,2524.05549435405
49.8890000000001,2514.62082422219
49.8900000000001,2505.67743914455
49.8910000000001,2496.77887671059
49.8920000000001,2485.79217570905
49.893,2474.71850707714
49.894,2463.91980961324
49.8950000000002,2453.81689262835
49.8960000000002,2444.77768056761
49.8970000000002,2436.82923637154
49.8980000000001,2428.19285547453
49.8990000000001,2420.54766965737
49.9000000000001,2413.88057765536
49.9010000000001,2408.05947764297
49.902,2402.82693303222
49.903,2397.51823661724
49.9040000000002,2389.56212873819
49.9050000000002,2381.27125836599
49.9060000000002,2372.54683827336
49.9070000000002,2363.35050729064
49.9080000000001,2353.75288937111
49.9090000000001,2343.55818545577
49.9100000000001,2330.78700938115
49.9110000000001,2319.09191277084
49.912,2309.00859935793
49.913,2300.84983442108
49.9140000000002,2294.71072873163
49.9150000000002,2290.06174842912
49.9160000000002,2284.49115666946
49.9170000000001,2280.83878640655
49.9180000000001,2278.88069379974
49.9190000000001,2278.25022392768
49.9200000000001,2278.54133719028
49.921,2278.94841006275
49.922,2277.24748858448
49.923,2276.22844900325
49.9240000000002,2276.05129492174
49.9250000000002,2276.79220737589
49.9260000000002,2278.41666364768
49.9270000000001,2280.28561226957
49.9280000000001,2280.27823684317
49.9290000000001,2280.76420398667
49.9300000000001,2281.44854280875
49.931,2281.89507013821
49.932,2281.6252133094
49.9330000000002,2279.70321731309
49.9340000000002,2274.12690216933
49.9350000000002,2267.52739184427
49.9360000000001,2260.17524423613
49.9370000000001,2252.38233178084
49.9380000000001,2244.48411204313
49.9390000000001,2236.25920521693
49.9400000000001,2226.37433075142
49.941,2217.70651332732
49.942,2210.54451415405
49.9430000000002,2204.94973503706
49.9440000000002,2200.80474809063
49.9450000000002,2197.29931677281
49.9460000000001,2192.64731873067
49.9470000000001,2189.17955920045
49.9480000000001,2186.8940639459
49.9490000000001,2185.75193851874
49.95,2185.70024152803
49.951,2186.06883797476
49.9520000000002,2185.37049812981
49.9530000000002,2185.96381848675
49.9540000000002,2187.83136837378
49.9550000000002,2190.75189346216
49.9560000000001,2194.32618578004
49.9570000000001,2197.39415483159
49.9580000000001,2198.07566426404
49.9590000000001,2198.19734107718
49.96,2197.46560004575
49.961,2195.63653392732
49.9620000000002,2192.58676818665
49.9630000000002,2187.70169907543
49.9640000000002,2180.01782581685
49.9650000000001,2172.21763697557
49.9660000000001,2164.94048969051
49.9670000000001,2158.73289469077
49.9680000000001,2153.99157298572
49.9690000000001,2150.23975744795
49.97,2146.38361984985
49.971,2144.4225243699
49.9720000000002,2144.11753035399
49.9730000000002,2144.99350289326
49.9740000000002,2146.43318643764
49.9750000000001,2147.07583794619
49.9760000000001,2145.32997651791
49.9770000000001,2142.86604921738
49.9780000000001,2139.54106646976
49.979,2135.28156338304
49.98,2130.08689363946
49.9810000000002,2123.28367954679
49.9820000000002,2114.0717185607
49.9830000000002,2104.67444115374
49.9840000000002,2095.38854738185
49.9850000000001,2086.40340393836
49.9860000000001,2077.82349775237
49.9870000000001,2068.93028347923
49.9880000000001,2058.93052306501
49.989,2049.93830542646
49.99,2042.19420261916
49.9910000000002,2035.85839700507
49.9920000000002,2031.01521253142
49.9930000000002,2026.85779627179
49.9940000000001,2022.54703743342
49.9950000000001,2019.97602455193
49.9960000000001,2019.07990739509
49.9970000000001,2019.61271645624
49.998,2021.1814678003
49.999,2022.45101327278
50,2022.19921007211
50.0010000000002,2021.91676007744
50.0020000000002,2021.35585831272
50.0030000000002,2020.28684532235
50.0040000000001,2018.5367361423
50.0050000000001,2015.14320249042
50.0060000000001,2009.48835970382
50.0070000000001,2003.5852536864
50.008,1997.74270872796
50.009,1992.1861924921
50.0100000000002,1987.03272494215
50.0110000000002,1981.3796113949
50.0120000000002,1974.57606392612
50.0130000000001,1968.30681511935
50.0140000000001,1962.49350103239
50.0150000000001,1956.95214181612
50.0160000000001,1951.45094979073
50.0170000000001,1944.84028959817
50.018,1936.50811094012
50.019,1928.21301510326
50.0200000000002,1920.13359845876
50.0210000000002,1912.42780221499
50.0220000000002,1905.22060468135
50.0230000000001,1897.64237695311
50.0240000000001,1889.35977190897
50.0250000000001,1882.12332090323
50.0260000000001,1876.01295857469
50.027,1870.97588738534
50.028,1866.86321477972
50.0290000000002,1862.523614796
50.0300000000002,1857.4776924341
50.0310000000002,1853.20530837662
50.0320000000002,1849.67426368703
50.0330000000001,1846.79435616499
50.0340000000001,1844.43847653781
50.0350000000001,1841.5120810865
50.0360000000001,1837.71487737578
50.037,1834.53620989981
50.038,1832.02272970704
50.0390000000002,1830.17918127541
50.0400000000002,1829.00303723406
50.0410000000002,1827.55324937078
50.0420000000001,1825.80242425143
50.0430000000001,1825.36287258932
50.0440000000001,1826.43162186387
50.0450000000001,1829.08835194718
50.046,1833.29060949634
50.047,1837.91276451756
50.048,1842.66814328712
50.0490000000002,1848.63481155354
50.0500000000002,1855.46209721115
50.0510000000002,1862.6676765154
50.0520000000001,1869.7105069888
50.0530000000001,1875.09970042485
50.0540000000001,1878.46147027045
50.0550000000001,1880.89944169331
50.056,1882.39688476833
50.057,1883.02250825984
50.0580000000002,1882.93450916266
50.0590000000002,1881.38216819437
50.0600000000002,1878.75940934264
50.0610000000001,1876.64586742527
50.0620000000001,1875.29992227029
50.0630000000001,1874.77423484471
50.0640000000001,1874.92360949119
50.0650000000001,1874.45354344585
50.066,1873.15256372841
50.067,1871.84043077238
50.0680000000002,1870.17244878951
50.0690000000002,1867.82076190445
50.0700000000002,1864.55898281812
50.0710000000001,1859.32887207775
50.0720000000001,1852.49636927977
50.0730000000001,1845.51084614503
50.0740000000001,1838.74784728758
50.075,1832.48409974929
50.076,1826.84760074794
50.0770000000002,1820.78667507624
50.0780000000002,1814.37891753955
50.0790000000002,1808.37454061909
50.0800000000002,1802.30969242315
50.0810000000001,1795.59427007208
50.0820000000001,1787.6321024371
50.0830000000001,1776.935562168
50.0840000000001,1763.58410678541
50.085,1748.63273998664
50.086,1732.3366050333
50.0870000000002,1715.07097299916
50.0880000000002,1697.29313952737
50.0890000000002,1678.48403991105
50.0900000000001,1659.51618099496
50.0910000000001,1641.80320214366
50.0920000000001,1625.63653999225
50.0930000000001,1611.08331362943
50.0940000000001,1598.02751270678
50.095,1585.21740469497
50.096,1572.83054296798
50.0970000000002,1561.58006323952
50.0980000000002,1551.27300261174
50.0990000000002,1541.71070488674
50.1000000000001,1532.72838948262
50.1010000000001,1523.19417247326
50.1020000000001,1513.5807471466
50.1030000000001,1504.83942429947
50.104,1497.02329120769
50.105,1490.0979795902
50.1060000000002,1483.95279211593
50.1070000000002,1477.38304113416
50.1080000000002,1470.76537712781
50.1090000000002,1464.79612333534
50.1100000000001,1459.28472950209
50.1110000000001,1453.97667213798
50.1120000000001,1448.60093730998
50.1130000000001,1441.83874468018
50.114,1434.14772665341
50.115,1426.3027359246
50.1160000000002,1418.26771522159
50.1170000000002,1409.9781321498
50.1180000000002,1401.36347802601
50.1190000000001,1391.2577398589
50.1200000000001,1380.34985667528
50.1210000000001,1369.55359704561
50.1220000000001,1358.98098953057
50.123,1348.71614741202
50.124,1338.84440650878
50.125,1328.32453516204
50.1260000000002,1318.05212611659
50.1270000000002,1309.04321499582
50.1280000000002,1301.46882404561
50.1290000000001,1295.36906887674
50.1300000000001,1290.65404571708
50.1310000000001,1285.94141938928
50.1320000000001,1281.74350005439
50.133,1278.54271395239
50.134,1276.0025891426
50.1350000000002,1273.73148890666
50.1360000000002,1271.35440619994
50.1370000000002,1267.38592075504
50.1380000000001,1262.50117224498
50.1390000000001,1257.46070109257
50.1400000000001,1252.37683548276
50.1410000000001,1247.35855502304
50.1420000000001,1242.4933022941
50.143,1236.63519341163
50.144,1230.6828875467
50.1450000000002,1225.37641230825
50.1460000000002,1220.7059774087
50.1470000000002,1216.57292951816
50.1480000000001,1212.83509799233
50.1490000000001,1208.18477365812
50.1500000000001,1203.40265017334
50.1510000000001,1199.12109078577
50.152,1195.34214444096
50.153,1192.00288238653
50.1540000000002,1188.97606619116
50.1550000000002,1184.94788366685
50.1560000000002,1180.59838683226
50.1570000000002,1176.35815626066
50.1580000000001,1172.08546518725
50.1590000000001,1167.63259179366
50.1600000000001,1162.89580560634
50.1610000000001,1156.74354782428
50.162,1150.17275265718
50.163,1143.9800773201
50.1640000000002,1138.48332463775
50.1650000000002,1133.96513723563
50.1660000000002,1130.64133603657
50.1670000000001,1127.56920489324
50.1680000000001,1125.6870651837
50.1690000000001,1125.45864302214
50.1700000000001,1126.75764363558
50.171,1129.3436173434
50.172,1132.92168155747
50.173,1136.18284462137
50.1740000000002,1139.80981966963
50.1750000000002,1144.11547391974
50.1760000000002,1149.02189944827
50.1770000000001,1154.44822150571
50.1780000000001,1160.30680219976
50.1790000000001,1165.50619808107
50.1800000000001,1170.84665220163
50.181,1176.60319260755
50.182,1182.59229567182
50.1830000000002,1188.55252958704
50.1840000000002,1194.19139628654
50.1850000000002,1198.2716855303
50.1860000000001,1201.51407978193
50.1870000000001,1204.20839504246
50.1880000000001,1206.36575693521
50.1890000000001,1208.04741593627
50.1900000000001,1209.36644964685
50.191,1209.52712829972
50.192,1209.62888661197
50.1930000000002,1210.18539536454
50.1940000000002,1211.29755240809
50.1950000000002,1212.92789948486
50.1960000000001,1214.90606057874
50.1970000000001,1216.00267480173
50.1980000000001,1216.81104517186
50.1990000000001,1217.2748863976
50.2,1217.01518879487
50.201,1215.65846399182
50.2020000000002,1212.90165828042
50.2030000000002,1207.61308196681
50.2040000000002,1200.74760742665
50.2050000000002,1192.77617588796
50.2060000000001,1184.01273996988
50.2070000000001,1174.83294637172
50.2080000000001,1165.63946770273
50.2090000000001,1155.83206403141
50.21,1146.74943469295
50.211,1138.93804406391
50.2120000000002,1132.52084687817
50.2130000000002,1127.41336759508
50.2140000000002,1123.3362036861
50.2150000000001,1118.64408028714
50.2160000000001,1113.95899599141
50.2170000000001,1109.11835090912
50.2180000000001,1103.69313667742
50.2190000000001,1097.25509980291
50.22,1089.39851846095
50.221,1078.1302105983
50.2220000000002,1064.65270857437
50.2230000000002,1049.47137895968
50.2240000000002,1032.97007614765
50.2250000000001,1015.61633927379
50.2260000000001,997.873510204785
50.2270000000001,978.032687046968
50.2280000000001,958.175460059333
50.229,939.317249625315
50.23,922.106537688527
50.2310000000002,907.01507585221
50.2320000000002,894.234174635656
50.2330000000002,881.89819688641
50.2340000000002,871.144111494545
50.2350000000001,861.907698941089
50.2360000000001,853.837813443953
50.2370000000001,846.611645563451
50.2380000000001,840.005229372308
50.239,833.264902488052
50.24,827.283274587556
50.2410000000002,822.162647111739
50.2420000000002,817.809293466131
50.2430000000002,814.026392079193
50.2440000000001,810.545047899693
50.2450000000001,806.55067101622
50.2460000000001,802.619400327762
50.2470000000001,798.5729303708
50.248,794.212268332035
50.249,789.476181155293
50.25,784.492000280193
50.2510000000002,779.03389307523
50.2520000000002,774.372387800398
50.2530000000002,770.896980897639
50.2540000000001,768.745886522233
50.2550000000001,767.85476072107
50.2560000000001,767.989178501069
50.2570000000001,768.265460382596
50.258,769.181865008625
50.259,770.366690813015
50.2600000000002,771.441599817311
50.2610000000002,772.21276478941
50.2620000000002,772.793311750929
50.2630000000001,773.135199884391
50.2640000000001,775.029258075702
50.2650000000001,779.694049570155
50.2660000000001,788.521763813501
50.2670000000001,803.072618794201
50.268,824.993840530664
50.269,855.157038267583
50.2700000000002,895.993473338135
50.2710000000002,948.519942831125
50.2720000000002,1013.11165479677
50.2730000000001,1089.50695736321
50.2740000000001,1176.88580154046
50.2750000000001,1272.92689884673
50.2760000000001,1377.66749868928
50.277,1490.04838246045
50.278,1609.20624789774
50.2790000000002,1734.46817296682
50.2800000000002,1865.08736047699
50.2810000000002,1998.54783028972
50.2820000000002,2133.77770494126
50.2830000000001,2266.59059644848
50.2840000000001,2390.46818776746
50.2850000000001,2496.49348268405
50.2860000000001,2573.79151248344
50.287,2609.57487566489
50.288,2594.00470058649
50.2890000000002,2518.61244459005
50.2900000000002,2379.21482411673
50.2910000000002,2177.34560905391
50.2920000000001,1920.9126527165
50.2930000000001,1623.07096445109
50.2940000000001,1303.81411845848
50.2950000000001,984.74334017241
50.296,687.292200704842
50.297,429.898307497458
50.298,225.544314449856
50.2990000000002,79.4063635891503
50.3000000000002,-8.7190630117483
50.3010000000002,-46.5811049848581
50.3020000000001,-46.7162897480852
50.3030000000001,-23.977892781368
50.3040000000001,7.0349729500287
50.3050000000001,33.5133087780773
50.306,48.8094750113366
50.307,50.0878111140005
50.3080000000002,38.840750244719
50.3090000000002,19.6633602352129
50.3100000000002,-1.51561176810877
50.3110000000001,-19.8735273978062
50.3120000000001,-30.4150550124666
50.3130000000001,-31.5939408530016
50.3140000000001,-24.4896435495588
50.3150000000001,-12.2239240430149
50.316,0.991344211674019
50.317,10.4406133971138
50.3180000000002,14.5677276026571
50.3190000000002,12.9711907805126
50.3200000000002,7.4937761364198
50.3210000000001,1.91204074732272
50.3220000000001,1.09834653337605
50.3230000000001,9.47070131135488
50.3240000000001,32.5275772020467
50.325,73.3220592619354
50.326,132.828483595837
50.3270000000002,209.802517161107
50.3280000000002,300.86625184557
50.3290000000002,400.45019459442
50.3300000000002,503.997241573312
50.3310000000001,605.86172790818
50.3320000000001,700.841388771952
50.3330000000001,784.65722515539
50.3340000000001,854.081513376697
50.335,906.51976886452
50.336,942.865503373755
50.3370000000002,963.975083546406
50.3380000000002,971.556864873145
50.3390000000002,967.890086130058
50.3400000000001,955.279854384757
50.3410000000001,935.259058617395
50.3420000000001,911.902322933389
50.3430000000001,887.240349834098
50.3440000000001,862.774289766074
50.345,839.538336381327
50.346,817.867582091536
50.3470000000002,797.06071981418
50.3480000000002,779.647773935975
50.3490000000002,765.95982605535
50.3500000000001,756.192094295575
50.3510000000001,750.468828376304
50.3520000000001,748.530765045673
50.3530000000001,749.335015523826
50.354,754.400410509333
50.355,763.294705089018
50.3560000000002,775.219679620038
50.3570000000002,789.10310685255
50.3580000000002,803.575929185106
50.3590000000002,816.817250190343
50.3600000000001,828.584063193286
50.3610000000001,838.403359410091
50.3620000000001,846.13720701822
50.3630000000001,851.900589070178
50.364,855.788358355837
50.365,857.465654876736
50.3660000000002,857.820611716245
50.3670000000002,857.298388664709
50.3680000000002,856.303818362023
50.3690000000001,855.154837759842
50.3700000000001,853.888660394216
50.3710000000001,852.00280936646
50.3720000000001,850.197161858608
50.373,848.765614353231
50.374,848.017172246133
50.375,848.205338377272
50.3760000000002,849.269354783497
50.3770000000002,850.565724710804
50.3780000000002,852.620949291812
50.3790000000001,855.47543904917
50.3800000000001,859.151047229033
50.3810000000001,863.622314031129
50.3820000000001,868.584630070674
50.383,873.257414976199
50.384,878.098747630673
50.3850000000002,883.15014437455
50.3860000000002,888.471904927251
50.3870000000002,894.081627093872
50.3880000000001,899.638745842272
50.3890000000001,904.346325140896
50.3900000000001,908.813742657261
50.3910000000001,913.060869114688
50.3920000000001,917.152599519216
50.393,921.177149253829
50.394,924.800466375818
50.3950000000002,927.341432564679
50.3960000000002,930.150270814963
50.3970000000002,933.581146142207
50.3980000000001,937.957647859939
50.3990000000001,943.506537679664
50.4000000000001,949.833168844902
50.4010000000001,956.098193530225
50.402,963.343563261214
50.403,971.437735918833
50.4040000000002,980.161832163649
50.4050000000002,989.241626158336
50.4060000000002,997.916490916876
50.4070000000002,1005.24226217256
50.4080000000001,1012.29787693925
50.4090000000001,1019.31308068789
50.4100000000001,1026.5973108117
50.4110000000001,1034.45343908815
50.412,1042.60837002442
50.413,1050.47750517013
50.4140000000002,1059.18014586271
50.4150000000002,1068.80880442629
50.4160000000002,1079.35922044381
50.4170000000001,1090.72548552497
50.4180000000001,1102.17536443938
50.4190000000001,1112.79635542885
50.4200000000001,1123.48863851992
50.421,1134.18482455586
50.422,1144.76901323298
50.423,1155.03274959587
50.4240000000002,1164.08491601078
50.4250000000002,1170.95586509817
50.4260000000002,1176.63375667691
50.4270000000001,1181.32111884827
50.4280000000001,1185.47383121401
50.4290000000001,1189.77501713695
50.4300000000001,1194.41285442911
50.431,1199.58747253955
50.432,1207.18585454669
50.4330000000002,1217.70321413472
50.4340000000002,1231.01739879284
50.4350000000002,1246.2516457681
50.4360000000001,1261.14736573523
50.4370000000001,1273.06610650281
50.4380000000001,1281.15948650361
50.4390000000001,1284.06609087972
50.4400000000001,1281.33014122698
50.441,1273.6827542821
50.442,1262.3707794403
50.4430000000002,1249.8892527733
50.4440000000002,1241.30894666073
50.4450000000002,1240.70253926587
50.4460000000001,1251.38598282091
50.4470000000001,1275.17828511058
50.4480000000001,1311.10352419784
50.4490000000001,1356.35120045518
50.45,1408.27770539409
50.451,1462.09349571868
50.4520000000002,1512.74415271848
50.4530000000002,1555.7642959515
50.4540000000002,1587.19061063568
50.4550000000002,1605.23184554808
50.4560000000001,1611.88258068233
50.4570000000001,1609.81427223618
50.4580000000001,1602.75726504794
50.4590000000001,1594.65705200224
50.46,1587.99798320454
50.461,1584.51070969165
50.4620000000002,1586.20679445429
50.4630000000002,1592.69934522727
50.4640000000002,1602.53217443256
50.4650000000001,1613.67358874542
50.4660000000001,1623.20946941804
50.4670000000001,1629.28047534033
50.4680000000001,1632.49962367169
50.4690000000001,1633.4262072833
50.47,1633.33160509388
50.471,1633.79221319319
50.4720000000002,1635.32957359596
50.4730000000002,1638.62803179563
50.4740000000002,1645.26095861246
50.4750000000001,1655.16566585789
50.4760000000001,1667.75029019837
50.4770000000001,1682.11756041546
50.4780000000001,1696.32776257047
50.479,1709.45011340854
50.48,1722.51574613764
50.4810000000002,1735.91109561298
50.4820000000002,1750.20121048747
50.4830000000002,1765.83764638754
50.4840000000002,1781.32082764943
50.4850000000001,1795.8455585032
50.4860000000001,1810.66612503942
50.4870000000001,1825.3743058523
50.4880000000001,1839.41925301833
50.489,1852.18504721146
50.49,1862.01738044823
50.4910000000002,1868.4880023757
50.4920000000002,1872.9610800134
50.4930000000002,1876.3378073581
50.4940000000001,1880.08341718563
50.4950000000001,1886.13613952552
50.4960000000001,1895.556778294
50.4970000000001,1910.46871877912
50.498,1933.77594035882
50.499,1966.33490099421
50.5,2007.45199157034
50.5010000000002,2054.60497718156
50.5020000000002,2102.38249204164
50.5030000000002,2145.47374458035
50.5040000000001,2179.62874402156
50.5050000000001,2200.66193036699
50.5060000000001,2206.51494381978
50.5070000000001,2197.97993744461
50.508,2177.60551604237
50.509,2151.654972762
50.5100000000002,2128.57157811724
50.5110000000002,2115.12577598527
50.5120000000002,2115.53625753292
50.5130000000001,2130.11359890934
50.5140000000001,2153.50798514229
50.5150000000001,2178.43909091968
50.5160000000001,2196.95029613748
50.5170000000001,2200.8438911724
50.518,2185.22079201799
50.519,2150.31945764249
50.5200000000002,2100.69881126401
50.5210000000002,2047.35771841586
50.5220000000002,2004.41504237159
50.5230000000001,1983.66408600943
50.5240000000001,1991.9818112797
50.5250000000001,2028.6899174742
50.5260000000001,2083.30769752446
50.527,2140.42219055348
50.528,2182.33682432653
50.5290000000002,2192.284185183
50.5300000000002,2160.67050906905
50.5310000000002,2089.13690844205
50.5320000000002,1990.6643704774
50.5330000000001,1891.71197172938
50.5340000000001,1826.32246642815
50.5350000000001,1827.30749062295
50.5360000000001,1919.33115324287
50.537,2111.97268801988
50.538,2393.91636696787
50.5390000000002,2736.56059639023
50.5400000000002,3096.53496831513
50.5410000000002,3421.67162437798
50.5420000000001,3661.72235935086
50.5430000000001,3778.15124519835
50.5440000000001,3750.16098203272
50.5450000000001,3582.78505869665
50.546,3304.30357455468
50.547,2959.33786413823
50.548,2601.08570243829
50.5490000000002,2281.10655632191
50.5500000000002,2038.09089720946
50.5510000000002,1895.52052406069
50.5520000000001,1856.80084451154
50.5530000000001,1905.44389749619
50.5540000000001,2011.35325786283
50.5550000000001,2138.45715653549
50.556,2250.99956912681
50.557,2324.93551840723
50.5580000000002,2349.56289368435
50.5590000000002,2326.89710110911
50.5600000000002,2270.08496424716
50.5610000000001,2198.64526196505
50.5620000000001,2130.93509311843
50.5630000000001,2084.07660532356
50.5640000000001,2067.7570131525
50.5650000000001,2082.02702571526
50.566,2119.42793626588
50.567,2167.87682639275
50.5680000000002,2212.29920726503
50.5690000000002,2243.3810385454
50.5700000000002,2256.63690101516
50.5710000000001,2252.15902405649
50.5720000000001,2234.73168226272
50.5730000000001,2211.8794093396
50.5740000000001,2189.34880205596
50.575,2174.546124515
50.576,2171.66619981903
50.5770000000002,2180.48579950092
50.5780000000002,2197.91109787144
50.5790000000002,2219.31151836339
50.5800000000002,2237.9335899402
50.5810000000001,2252.0202145406
50.5820000000001,2261.77923753783
50.5830000000001,2268.64483635928
50.5840000000001,2275.42290583645
50.585,2285.19305953909
50.586,2298.05902355471
50.5870000000002,2316.18383420996
50.5880000000002,2339.62745175954
50.5890000000002,2366.10101760415
50.5900000000001,2392.44797977769
50.5910000000001,2415.52185140717
50.5920000000001,2430.83384158176
50.5930000000001,2439.04860137633
50.5940000000001,2441.94570860776
50.595,2441.74050950239
50.596,2441.17403430408
50.5970000000002,2442.73670956777
50.5980000000002,2445.74710113583
50.5990000000002,2452.29335934711
50.6000000000001,2462.60052723348
50.6010000000001,2475.17183580807
50.6020000000001,2488.01264091182
50.6030000000001,2499.17959075196
50.604,2504.36465343729
50.605,2505.69597921015
50.6060000000002,2504.73210719552
50.6070000000002,2502.6248698154
50.6080000000002,2500.74372681411
50.6090000000002,2500.31430362162
50.6100000000001,2499.78674806916
50.6110000000001,2501.18763069304
50.6120000000001,2504.99647098698
50.6130000000001,2510.43815032505
50.614,2516.33281089004
50.615,2521.37832354637
50.6160000000002,2522.09324651506
50.6170000000002,2519.83304048533
50.6180000000002,2515.58606986422
50.6190000000001,2510.32459072381
50.6200000000001,2505.43470938406
50.6210000000001,2502.44348237901
50.6220000000001,2500.31550070982
50.623,2502.14393167318
50.624,2509.35793938463
50.625,2522.16784480082
50.6260000000002,2540.11933709917
50.6270000000002,2562.17326047776
50.6280000000002,2584.41797455911
50.6290000000001,2607.38334672512
50.6300000000001,2630.35399219085
50.6310000000001,2652.22212470681
50.6320000000001,2672.07223820112
50.633,2689.1893834189
50.634,2700.55799307612
50.6350000000002,2708.13158492021
50.6360000000002,2712.64165996582
50.6370000000002,2714.44954717077
50.6380000000001,2713.96636059262
50.6390000000001,2711.59483598122
50.6400000000001,2705.13809983768
50.6410000000001,2697.32626849723
50.6420000000001,2689.30679930339
50.643,2681.68916020959
50.644,2674.93178959325
50.6450000000002,2669.28855586
50.6460000000002,2662.15088054029
50.6470000000002,2655.9061451549
50.6480000000001,2651.07742638696
50.6490000000001,2647.634493054
50.6500000000001,2645.41159921595
50.6510000000001,2644.11301978894
50.652,2640.56799189
50.653,2637.07148044647
50.6540000000002,2633.96006503482
50.6550000000002,2631.1537991093
50.6560000000002,2628.5216400801
50.6570000000002,2625.86623610934
50.6580000000001,2620.13724871232
50.6590000000001,2613.92210028928
50.6600000000001,2607.75309492493
50.6610000000001,2601.84953831384
50.662,2596.44247782235
50.663,2591.74810596674
50.6640000000002,2585.1555081719
50.6650000000002,2579.72171503472
50.6660000000002,2576.17638378592
50.6670000000001,2574.79199403471
50.6680000000001,2575.62337031922
50.6690000000001,2578.47894781639
50.6700000000001,2580.13689385762
50.671,2583.01264297193
50.672,2587.05872108664
50.673,2591.91991453936
50.6740000000002,2597.22589035589
50.6750000000002,2602.62335905752
50.6760000000002,2604.97076727287
50.6770000000001,2607.10571919697
50.6780000000001,2609.38274295297
50.6790000000001,2611.89509108977
50.6800000000001,2614.61290290516
50.681,2617.34054932227
50.682,2616.92163549244
50.6830000000002,2616.02216238993
50.6840000000002,2614.67028113115
50.6850000000002,2612.74928347542
50.6860000000001,2610.21968047645
50.6870000000001,2607.16577690784
50.6880000000001,2601.01776732811
50.6890000000001,2595.34610509696
50.6900000000001,2591.0165387436
50.691,2588.67634922164
50.692,2588.74389379768
50.6930000000002,2591.31149735152
50.6940000000002,2593.25788418919
50.6950000000002,2597.33926288187
50.6960000000001,2603.08745011154
50.6970000000001,2609.77450381974
50.6980000000001,2616.63745935401
50.6990000000001,2623.0300128004
50.7,2625.67159282441
50.701,2627.91032185864
50.7020000000002,2630.26847941025
50.7030000000002,2633.36205554447
50.7040000000002,2637.78712566118
50.7050000000002,2643.9222841362
50.7060000000001,2649.14354600479
50.7070000000001,2656.53502740039
50.7080000000001,2665.7449805933
50.7090000000001,2675.95302575844
50.71,2686.00471463949
50.711,2694.4868926533
50.7120000000002,2697.47908594192
50.7130000000002,2697.12512833975
50.7140000000002,2692.95585117041
50.7150000000001,2684.81408760289
50.7160000000001,2672.90022853372
50.7170000000001,2657.61387692609
50.7180000000001,2637.24403560774
50.7190000000001,2615.91157256669
50.72,2594.89185816238
50.721,2575.27697683021
50.7220000000002,2557.90516609043
50.7230000000002,2543.12948727715
50.7240000000002,2528.67191999456
50.7250000000001,2517.59565585873
50.7260000000001,2509.82436324705
50.7270000000001,2504.95048782177
50.7280000000001,2502.31298572998
50.729,2500.83039445676
50.73,2496.85012599138
50.7310000000002,2492.88115656956
50.7320000000002,2488.52912447295
50.7330000000002,2483.45318663056
50.7340000000002,2477.36969577214
50.7350000000001,2469.69525386748
50.7360000000001,2457.08737507866
50.7370000000001,2443.18511625586
50.7380000000001,2428.45526550767
50.739,2413.35850600649
50.74,2398.2812236347
50.7410000000002,2383.04982782353
50.7420000000002,2364.49049329084
50.7430000000002,2346.49595718975
50.7440000000001,2329.54459632629
50.7450000000001,2314.01093454945
50.7460000000001,2300.13195832882
50.7470000000001,2287.60536469144
50.748,2274.10438016877
50.749,2262.30378731602
50.75,2252.01744009159
50.7510000000002,2242.93630076961
50.7520000000002,2234.77167089278
50.7530000000002,2227.1283924971
50.7540000000001,2219.07632792314
50.7550000000001,2212.64327068077
50.7560000000001,2207.83067556507
50.7570000000001,2204.39199126953
50.758,2201.8768979448
50.759,2199.47552826454
50.7600000000002,2195.89154889626
50.7610000000002,2192.22040065892
50.7620000000002,2187.78115805621
50.7630000000001,2181.96419359003
50.7640000000001,2174.45900047262
50.7650000000001,2165.12008415211
50.7660000000001,2153.76366400346
50.7670000000001,2143.0905414455
50.768,2133.88028915341
50.769,2126.54697376322
50.7700000000002,2121.05996890974
50.7710000000002,2116.53207129926
50.7720000000002,2110.88919011728
50.7730000000001,2105.74338292618
50.7740000000001,2100.58304558358
50.7750000000001,2095.25868340381
50.7760000000001,2090.25395957094
50.777,2086.26796173142
50.778,2083.65134745572
50.7790000000002,2087.53734787341
50.7800000000002,2100.67013765122
50.7810000000002,2125.35692504768
50.7820000000002,2163.12068042191
50.7830000000001,2213.92870421402
50.7840000000001,2275.85225243789
50.7850000000001,2350.04515806651
50.7860000000001,2434.81947783803
50.787,2528.29161686854
50.788,2628.8270147204
50.7890000000002,2734.7859038915
50.7900000000002,2844.48360922866
50.7910000000002,2960.27765545175
50.7920000000001,3082.30548379289
50.7930000000001,3209.94435013043
50.7940000000001,3341.16138021298
50.7950000000001,3471.35519300709
50.796,3593.05046402425
50.797,3699.94394524627
50.798,3781.72323594974
50.7990000000002,3826.96413710564
50.8000000000002,3824.38029156989
50.8010000000002,3763.65547780759
50.8020000000001,3637.06704637282
50.8030000000001,3444.53369023024
50.8040000000001,3189.04656072567
50.8050000000001,2878.87255706223
50.806,2527.14372331036
50.807,2150.12674272635
50.8080000000002,1765.85540529534
50.8090000000002,1395.60541981717
50.8100000000002,1056.71038232017
50.8110000000001,762.58807739292
50.8120000000001,521.462860343164
50.8130000000001,335.177251228623
50.8140000000001,199.925735644066
50.8150000000001,110.548025054709
50.816,57.4071963871737
50.817,30.18480898306
50.8180000000002,19.8582317553356
50.8190000000002,19.5816836352972
50.8200000000002,26.1200933540129
50.8210000000001,42.8417712226395
50.8220000000001,74.3238331840151
50.8230000000001,126.691545606884
50.8240000000001,205.916215750639
50.825,315.423867667062
50.826,455.455768210917
50.8270000000002,625.060835528644
50.8280000000002,817.698660609629
50.8290000000002,1023.66595420175
50.8300000000002,1231.41566993966
50.8310000000001,1428.42404323278
50.8320000000001,1603.54849287613
50.8330000000001,1750.70223377842
50.8340000000001,1865.39414850649
50.835,1946.4893445113
50.836,1995.85146916313
50.8370000000002,2016.84088716991
50.8380000000002,2014.28815960177
50.8390000000002,1995.76474124146
50.8400000000001,1966.80196011312
50.8410000000001,1931.96494787839
50.8420000000001,1894.69431274384
50.8430000000001,1856.58994118007
50.8440000000001,1818.75947118016
50.845,1784.15000007521
50.846,1753.76148005467
50.8470000000002,1728.36143309594
50.8480000000002,1708.52487584421
50.8490000000002,1693.64642971585
50.8500000000001,1683.32458433727
50.8510000000001,1679.18720501018
50.8520000000001,1680.53370493924
50.8530000000001,1686.20892515765
50.854,1694.79622207431
50.855,1703.70972776955
50.8560000000002,1711.36342177577
50.8570000000002,1719.00362459967
50.8580000000002,1725.93084161918
50.8590000000002,1731.60569855503
50.8600000000001,1735.68479546406
50.8610000000001,1736.76992292215
50.8620000000001,1734.70219673518
50.8630000000001,1731.94840554095
50.864,1728.61243138348
50.865,1724.65556210399
50.8660000000002,1720.01477432371
50.8670000000002,1713.75182435917
50.8680000000002,1705.78079692009
50.8690000000001,1698.06872648299
50.8700000000001,1691.06935288893
50.8710000000001,1685.11892405324
50.8720000000001,1680.39109321852
50.873,1676.32120025849
50.874,1672.3457249637
50.875,1669.12273474886
50.8760000000002,1666.6513105191
50.8770000000002,1664.90513275593
50.8780000000002,1663.78258319499
50.8790000000001,1662.57343987432
50.8800000000001,1660.54085779506
50.8810000000001,1658.09081431963
50.8820000000001,1655.20083907699
50.883,1651.89413953116
50.884,1648.18683059376
50.8850000000002,1643.47237060156
50.8860000000002,1637.3563509772
50.8870000000002,1630.70000799828
50.8880000000001,1623.890575807
50.8890000000001,1617.39656144983
50.8900000000001,1611.68247744852
50.8910000000001,1606.25137706643
50.8920000000001,1601.23693967863
50.893,1597.99654077577
50.894,1596.70081933575
50.8950000000002,1597.330251517
50.8960000000002,1599.67792200884
50.8970000000002,1602.29833798719
50.8980000000001,1604.76756509676
50.8990000000001,1607.9860412418
50.9000000000001,1611.53943671277
50.9010000000001,1614.9801712114
50.902,1617.89076367728
50.903,1618.86238099864
50.9040000000002,1617.79056959277
50.9050000000002,1616.00158805433
50.9060000000002,1613.73422288451
50.9070000000002,1611.24687124924
50.9080000000001,1608.77814977035
50.9090000000001,1605.44786577998
50.9100000000001,1601.50652482516
50.9110000000001,1598.3323927194
50.912,1596.13411467201
50.913,1595.01050436965
50.9140000000002,1594.95944797114
50.9150000000002,1594.7989197704
50.9160000000002,1594.58522000914
50.9170000000001,1595.44849449507
50.9180000000001,1597.42489597931
50.9190000000001,1600.47943171087
50.9200000000001,1604.49522939042
50.921,1608.13491518191
50.922,1611.3939627042
50.923,1615.22423098408
50.9240000000002,1619.49058596191
50.9250000000002,1624.00312074994
50.9260000000002,1628.54242469665
50.9270000000001,1631.73264509892
50.9280000000001,1633.72199906741
50.9290000000001,1635.63162561293
50.9300000000001,1637.62986825335
50.931,1639.8885839568
50.932,1642.5554532079
50.9330000000002,1644.55277927424
50.9340000000002,1646.29417783721
50.9350000000002,1648.93313811634
50.9360000000001,1652.56173691088
50.9370000000001,1657.13157675939
50.9380000000001,1662.45428104719
50.9390000000001,1667.02288524386
50.9400000000001,1670.89138829102
50.941,1674.80524117247
50.942,1678.58076966524
50.9430000000002,1682.02864521921
50.9440000000002,1684.9723157223
50.9450000000002,1686.04243059357
50.9460000000001,1685.64297007025
50.9470000000001,1684.87320414456
50.9480000000001,1683.98534148856
50.9490000000001,1683.22334688404
50.95,1682.79270135579
50.951,1681.60143527019
50.9520000000002,1680.27863932966
50.9530000000002,1679.93085726114
50.9540000000002,1680.73984896209
50.9550000000002,1682.77741365217
50.9560000000001,1686.00065396708
50.9570000000001,1689.0060468278
50.9580000000001,1692.17164783788
50.9590000000001,1696.26417038083
50.96,1701.18897866321
50.961,1706.78279043911
50.9620000000002,1712.81566137422
50.9630000000002,1717.7094117829
50.9640000000002,1721.82706465664
50.9650000000001,1725.88270627872
50.9660000000001,1729.80213947424
50.9670000000001,1733.49349023583
50.9680000000001,1736.84706989123
50.9690000000001,1738.40254166845
50.97,1738.78270755374
50.971,1738.91053199307
50.9720000000002,1738.94829376746
50.9730000000002,1739.02148257542
50.9740000000002,1739.19464195301
50.9750000000001,1738.06625784616
50.9760000000001,1736.3688086613
50.9770000000001,1735.0036147761
50.9780000000001,1734.08459343255
50.979,1733.65688173873
50.98,1733.68797544249
50.9810000000002,1732.62630430367
50.9820000000002,1731.18843149553
50.9830000000002,1730.19110583939
50.9840000000002,1729.70286853289
50.9850000000001,1729.73794569759
50.9860000000001,1730.23976324087
50.9870000000001,1729.57344112241
50.9880000000001,1728.50867761551
50.989,1727.82044640737
50.99,1727.55140524031
50.9910000000002,1727.69346355091
50.9920000000002,1728.17752057091
50.9930000000002,1727.32776345954
50.9940000000001,1726.01596319483
50.9950000000001,1725.04755511368
50.9960000000001,1724.54256230273
50.9970000000001,1724.58469599456
50.998,1725.19703592414
50.999,1724.74162222499
51,1724.20111921468
51.0010000000002,1724.3255851462
51.0020000000002,1725.13082667724
51.0030000000002,1726.518662378
51.0040000000001,1728.26646406293
51.0050000000001,1728.43055765568
51.0060000000001,1727.79856012605
51.0070000000001,1726.87684231764
51.008,1725.57810617271
51.009,1723.85261886145
51.0100000000002,1721.6973036912
51.0110000000002,1717.53776546985
51.0120000000002,1712.71736483809
51.0130000000001,1708.24225019678
51.0140000000001,1704.52185801055
51.0150000000001,1701.88288247617
51.0160000000001,1700.51810870872
51.0170000000001,1698.81800262029
51.018,1697.98935341818
51.019,1698.66085015905
51.0200000000002,1700.83375039788
51.0210000000002,1704.45075607431
51.0220000000002,1709.4181050563
51.0230000000001,1713.94887862942
51.0240000000001,1719.31710699468
51.0250000000001,1726.20188510946
51.0260000000001,1734.70177312556
51.027,1744.79339693794
51.028,1756.28580026064
51.0290000000002,1767.104381815
51.0300000000002,1778.18269873712
51.0310000000002,1789.65907223391
51.0320000000002,1801.12697416678
51.0330000000001,1812.18005791278
51.0340000000001,1822.47166213014
51.0350000000001,1830.0336207988
51.0360000000001,1836.30797159617
51.037,1842.0901060782
51.038,1847.79497205049
51.0390000000002,1853.82506497246
51.0400000000002,1860.47961358873
51.0410000000002,1866.12229552771
51.0420000000001,1872.27028849607
51.0430000000001,1879.35197203088
51.0440000000001,1887.1704890706
51.0450000000001,1895.3641311835
51.046,1903.46544776173
51.047,1909.19492134254
51.048,1913.758227659
51.0490000000002,1917.48589509335
51.0500000000002,1920.41660187768
51.0510000000002,1922.65944438823
51.0520000000001,1924.34676357088
51.0530000000001,1923.78856775479
51.0540000000001,1922.74553243638
51.0550000000001,1921.81722255914
51.056,1921.11422127156
51.057,1920.59944946633
51.0580000000002,1920.09541638439
51.0590000000002,1917.50546898903
51.0600000000002,1914.26629324309
51.0610000000001,1910.65423473817
51.0620000000001,1906.64141877778
51.0630000000001,1902.23195590229
51.0640000000001,1897.46187539781
51.0650000000001,1890.55546044486
51.066,1883.43641392016
51.067,1876.77380744788
51.0680000000002,1870.89465755479
51.0690000000002,1866.03091513695
51.0700000000002,1862.28063126337
51.0710000000001,1857.73589878006
51.0720000000001,1854.08763277872
51.0730000000001,1851.55253404331
51.0740000000001,1849.96057920919
51.075,1849.03599487253
51.076,1848.42616658691
51.0770000000002,1845.88988327907
51.0780000000002,1842.9789525424
51.0790000000002,1839.8738114567
51.0800000000002,1836.57489245943
51.0810000000001,1833.12201190904
51.0820000000001,1829.57718295309
51.0830000000001,1824.14029251971
51.0840000000001,1818.86329499399
51.085,1814.26281703826
51.086,1810.59656868805
51.0870000000002,1808.0309559717
51.0880000000002,1806.61936505666
51.0890000000002,1804.36843713368
51.0900000000001,1803.19720582498
51.0910000000001,1803.280755549
51.0920000000001,1804.5113526996
51.0930000000001,1806.67103488511
51.0940000000001,1809.44116499896
51.095,1810.41477164276
51.096,1811.3868236611
51.0970000000002,1812.35308032427
51.0980000000002,1813.16705718208
51.0990000000002,1813.69535232847
51.1000000000001,1813.82156331426
51.1010000000001,1811.3781269515
51.1020000000001,1808.61780831323
51.1030000000001,1805.87079336034
51.104,1803.30798019136
51.105,1801.02165811203
51.1060000000002,1799.00064067321
51.1070000000002,1794.99832590588
51.1080000000002,1791.24635943459
51.1090000000002,1787.85100438337
51.1100000000001,1784.77560305583
51.1110000000001,1781.94709884105
51.1120000000001,1779.27585740049
51.1130000000001,1774.53158449732
51.114,1770.14172787955
51.115,1766.37376874876
51.1160000000002,1763.40068350674
51.1170000000002,1761.31987852166
51.1180000000002,1760.12377388746
51.1190000000001,1757.5806359863
51.1200000000001,1755.95627696107
51.1210000000001,1755.1807467071
51.1220000000001,1755.047735453
51.123,1755.26487429315
51.124,1755.46111701719
51.125,1753.29928947352
51.1260000000002,1750.8960813906
51.1270000000002,1748.25479915886
51.1280000000002,1745.37542422943
51.1290000000001,1742.26244572273
51.1300000000001,1738.84856952498
51.1310000000001,1733.21942371665
51.1320000000001,1727.66446026486
51.133,1722.34553752514
51.134,1717.33455822829
51.1350000000002,1712.64114090511
51.1360000000002,1708.14381834044
51.1370000000002,1702.04518867575
51.1380000000001,1696.5526156868
51.1390000000001,1691.87845521793
51.1400000000001,1688.20122223814
51.1410000000001,1685.68074621209
51.1420000000001,1684.33595166987
51.143,1682.65180756647
51.144,1682.7869328411
51.1450000000002,1684.87137372491
51.1460000000002,1688.856161793
51.1470000000002,1694.53106506211
51.1480000000001,1701.4068864808
51.1490000000001,1707.53461159975
51.1500000000001,1714.43728938382
51.1510000000001,1721.75095095089
51.152,1729.06980279316
51.153,1736.01794844829
51.1540000000002,1742.13643113007
51.1550000000002,1745.83496263899
51.1560000000002,1749.0447381176
51.1570000000002,1751.97028223548
51.1580000000001,1754.81073036086
51.1590000000001,1757.74220200068
51.1600000000001,1760.69739126139
51.1610000000001,1762.38905754901
51.162,1764.65902090612
51.163,1767.42126440142
51.1640000000002,1770.37501972424
51.1650000000002,1773.06099322977
51.1660000000002,1774.71667319773
51.1670000000001,1773.53883972641
51.1680000000001,1770.86193700992
51.1690000000001,1766.38694552651
51.1700000000001,1759.88404048792
51.171,1751.25628795562
51.172,1740.3414181656
51.173,1726.22475234275
51.1740000000002,1711.11980749525
51.1750000000002,1695.65661698938
51.1760000000002,1680.43718918657
51.1770000000001,1666.00617684861
51.1780000000001,1652.54490648857
51.1790000000001,1639.19479810919
51.1800000000001,1627.97234469239
51.181,1619.01246969346
51.182,1612.18174177664
51.1830000000002,1607.10777643662
51.1840000000002,1602.86622086577
51.1850000000002,1597.29861882015
51.1860000000001,1591.81258470859
51.1870000000001,1585.97283596978
51.1880000000001,1579.36100668023
51.1890000000001,1571.59583656698
51.1900000000001,1561.86610650094
51.191,1548.08256751741
51.192,1532.5773446773
51.1930000000002,1515.72362476085
51.1940000000002,1497.96563499872
51.1950000000002,1479.74421041748
51.1960000000001,1460.9006918426
51.1970000000001,1439.90071055765
51.1980000000001,1419.35632709564
51.1990000000001,1399.74058917808
51.2,1381.4269376109
51.201,1364.6670805855
51.2020000000002,1349.21603159491
51.2030000000002,1334.1448523326
51.2040000000002,1320.83282170298
51.2050000000002,1309.05183181497
51.2060000000001,1298.46622142721
51.2070000000001,1288.75693145729
51.2080000000001,1279.4906654137
51.2090000000001,1270.31552284338
51.21,1262.31905159779
51.211,1255.4504696184
51.2120000000002,1249.48287569352
51.2130000000002,1244.01985901048
51.2140000000002,1238.29924078751
51.2150000000001,1231.50880352094
51.2160000000001,1224.06615539666
51.2170000000001,1215.40850395046
51.2180000000001,1205.16862766897
51.2190000000001,1193.37687704424
51.22,1180.31341385573
51.221,1166.77154628268
51.2220000000002,1154.93876446918
51.2230000000002,1145.80581172589
51.2240000000002,1139.87661517935
51.2250000000001,1137.0244169026
51.2260000000001,1136.21883291764
51.2270000000001,1136.05874621139
51.2280000000001,1136.06942450276
51.229,1134.90504442058
51.23,1131.82587768607
51.2310000000002,1127.16811305401
51.2320000000002,1122.22837754453
51.2330000000002,1119.58940391952
51.2340000000002,1124.19358906669
51.2350000000001,1139.95189266793
51.2360000000001,1170.11859633242
51.2370000000001,1216.67690015153
51.2380000000001,1279.48079859047
51.239,1356.66272381744
51.24,1447.05043198068
51.2410000000002,1547.48913429589
51.2420000000002,1654.87420104265
51.2430000000002,1766.85304884767
51.2440000000001,1881.71527679273
51.2450000000001,1998.84181277937
51.2460000000001,2120.05136149447
51.2470000000001,2245.52212987065
51.248,2373.92932011404
51.249,2501.52694100546
51.25,2621.16013041775
51.2510000000002,2722.9692411442
51.2520000000002,2796.74587599813
51.2530000000002,2830.57882273156
51.2540000000001,2813.81665008592
51.2550000000001,2738.99690565876
51.2560000000001,2602.9529507249
51.2570000000001,2408.35480606575
51.258,2165.06965887573
51.259,1886.67236259539
51.2600000000002,1589.81120442029
51.2610000000002,1292.10559694569
51.2620000000002,1009.47098244771
51.2630000000001,754.917443608136
51.2640000000001,538.525418114788
51.2650000000001,364.500684185929
51.2660000000001,232.438045318159
51.2670000000001,138.268125464322
51.268,75.0824468841892
51.269,35.2692304999722
51.2700000000002,12.8426344003205
51.2710000000002,1.95888683504614
51.2720000000002,-1.79404765538839
51.2730000000001,-1.43038874503411
51.2740000000001,0.59978140920029
51.2750000000001,2.75838866138998
51.2760000000001,5.00976074657165
51.277,6.42105908095699
51.278,6.04700015127424
51.2790000000002,3.1504301855663
51.2800000000002,-2.97584838522779
51.2810000000002,-11.8411143789969
51.2820000000002,-20.6994091462356
51.2830000000001,-26.5858788765398
51.2840000000001,-25.7230301519608
51.2850000000001,-13.9583760119118
51.2860000000001,12.1384697182528
51.287,55.5428099325641
51.288,118.947114933306
51.2890000000002,202.456358781327
51.2900000000002,304.205517717696
51.2910000000002,420.450179159123
51.2920000000001,545.360326545332
51.2930000000001,672.495318222993
51.2940000000001,796.057279324389
51.2950000000001,909.733746084727
51.296,1008.08634040608
51.297,1087.06127673135
51.298,1143.73009623923
51.2990000000002,1177.53571176462
51.3000000000002,1190.69485105455
51.3010000000002,1186.02893532005
51.3020000000001,1167.33999794412
51.3030000000001,1138.90863796042
51.3040000000001,1104.22785370391
51.3050000000001,1067.16246651276
51.306,1031.90724297264
51.307,1000.61073075607
51.3080000000002,974.437462355267
51.3090000000002,953.75119182803
51.3100000000002,937.392903762032
51.3110000000001,925.145779146022
51.3120000000001,917.872299592523
51.3130000000001,915.027670354287
51.3140000000001,916.044483492322
51.3150000000001,920.380012267485
51.316,926.471211002019
51.317,934.064743334274
51.3180000000002,943.875591564281
51.3190000000002,955.038311273232
51.3200000000002,966.490130972207
51.3210000000001,977.150142442364
51.3220000000001,985.452919986815
51.3230000000001,990.856742357788
51.3240000000001,994.007118006552
51.325,995.192196252427
51.326,994.932765738815
51.3270000000002,993.840194445012
51.3280000000002,992.06512218847
51.3290000000002,989.854971755493
51.3300000000002,987.909545969111
51.3310000000001,986.438499071872
51.3320000000001,985.477059791363
51.3330000000001,984.90021396197
51.3340000000001,984.064711687407
51.335,982.541276147753
51.336,980.592971983594
51.3370000000002,978.337692393081
51.3380000000002,975.997044350222
51.3390000000002,973.810289344755
51.3400000000001,971.523771267905
51.3410000000001,969.071989538605
51.3420000000001,966.924277171339
51.3430000000001,965.23268650351
51.3440000000001,964.108883544901
51.345,963.602213519946
51.346,963.242777249633
51.3470000000002,962.854978641218
51.3480000000002,962.879477192894
51.3490000000002,963.529800890182
51.3500000000001,965.026333267267
51.3510000000001,967.51366416217
51.3520000000001,970.379263373231
51.3530000000001,973.538647374799
51.354,977.376170534459
51.355,981.780790472969
51.3560000000002,986.608785726087
51.3570000000002,991.694035757932
51.3580000000002,996.024933711482
51.3590000000002,999.731454526277
51.3600000000001,1003.48996653143
51.3610000000001,1007.3577730445
51.3620000000001,1011.37873990739
51.3630000000001,1015.56145793051
51.364,1019.0009259406
51.365,1021.94262906798
51.3660000000002,1025.05600518791
51.3670000000002,1028.35412350849
51.3680000000002,1031.80495291047
51.3690000000001,1035.33926089208
51.3700000000001,1038.01014717632
51.3710000000001,1040.04357291804
51.3720000000001,1042.128856021
51.373,1044.41478514907
51.374,1047.02592449351
51.375,1050.02219634582
51.3760000000002,1052.49126504784
51.3770000000002,1054.67443509261
51.3780000000002,1057.15865942928
51.3790000000001,1059.97082705077
51.3800000000001,1063.12098422856
51.3810000000001,1066.60493777583
51.3820000000001,1069.50584609333
51.383,1072.22711699987
51.384,1075.48748923422
51.3850000000002,1079.4659575927
51.3860000000002,1084.282518441
51.3870000000002,1089.95789461032
51.3880000000001,1095.48269869373
51.3890000000001,1101.11258503624
51.3900000000001,1107.26192449865
51.3910000000001,1113.79967791742
51.3920000000001,1120.57250383939
51.393,1127.42563552234
51.394,1133.28554203392
51.3950000000002,1138.55637966074
51.3960000000002,1143.8640820892
51.3970000000002,1149.36510055099
51.3980000000001,1155.17624287161
51.3990000000001,1161.32392741472
51.4000000000001,1166.74961873632
51.4010000000001,1171.79967670518
51.402,1176.8809711944
51.403,1181.90442435136
51.4040000000002,1186.77776082136
51.4050000000002,1191.4269727914
51.4060000000002,1194.82417445122
51.4070000000002,1197.56605077817
51.4080000000001,1200.36678234011
51.4090000000001,1203.50021245342
51.4100000000001,1207.17591043248
51.4110000000001,1211.47187293351
51.412,1215.28271891748
51.413,1218.99143094633
51.4140000000002,1222.87958503041
51.4150000000002,1226.74927533884
51.4160000000002,1230.40567155572
51.4170000000001,1233.70891051083
51.4180000000001,1235.55791518608
51.4190000000001,1236.7501901156
51.4200000000001,1238.17448029986
51.421,1240.39737961009
51.422,1243.98485717442
51.423,1249.38802663265
51.4240000000002,1255.72026117772
51.4250000000002,1263.72182173237
51.4260000000002,1273.74125518474
51.4270000000001,1285.44974114256
51.4280000000001,1298.27861928961
51.4290000000001,1311.46867886015
51.4300000000001,1322.93963678511
51.431,1332.65744860903
51.432,1340.50654117422
51.4330000000002,1346.11849830939
51.4340000000002,1349.28788572227
51.4350000000002,1349.94838694075
51.4360000000001,1346.87076322053
51.4370000000001,1341.11827009103
51.4380000000001,1333.60570650308
51.4390000000001,1324.92413236369
51.4400000000001,1315.68661724902
51.441,1306.46936590105
51.442,1296.44167928817
51.4430000000002,1286.99139868761
51.4440000000002,1279.08357805842
51.4450000000002,1273.17817052311
51.4460000000001,1269.56436092739
51.4470000000001,1268.31504279188
51.4480000000001,1267.89505718439
51.4490000000001,1269.0165272757
51.45,1271.85487663314
51.451,1276.14460284413
51.4520000000002,1281.57326178522
51.4530000000002,1287.79406056174
51.4540000000002,1293.02090615755
51.4550000000002,1298.03719036651
51.4560000000001,1303.15570829988
51.4570000000001,1308.35933522377
51.4580000000001,1313.60492594647
51.4590000000001,1318.77483325699
51.46,1322.20881786134
51.461,1324.83618530856
51.4620000000002,1326.97463777885
51.4630000000002,1328.64023644462
51.4640000000002,1329.89262630614
51.4650000000001,1330.83512415241
51.4660000000001,1330.13796630223
51.4670000000001,1329.25716117372
51.4680000000001,1328.98109284035
51.4690000000001,1329.76046423433
51.47,1331.9354810189
51.471,1335.6632731491
51.4720000000002,1339.38839835331
51.4730000000002,1344.19543380975
51.4740000000002,1350.25987274822
51.4750000000001,1357.40648799223
51.4760000000001,1365.44480989564
51.4770000000001,1374.21106053254
51.4780000000001,1382.07228719441
51.479,1390.42158456591
51.48,1399.86784351605
51.4810000000002,1410.7858195178
51.4820000000002,1423.47998201187
51.4830000000002,1438.08238629177
51.4840000000002,1452.89992398536
51.4850000000001,1469.05371098967
51.4860000000001,1486.48011137035
51.4870000000001,1504.69996568069
51.4880000000001,1523.11331541707
51.489,1541.06508542951
51.49,1556.27268475994
51.4910000000002,1569.81296760933
51.4920000000002,1581.84989615128
51.4930000000002,1592.50209457655
51.4940000000001,1602.01550078644
51.4950000000001,1610.68582620331
51.4960000000001,1617.10211483218
51.4970000000001,1623.13214033045
51.498,1629.34935617137
51.499,1635.99020762932
51.5,1643.12642986348
51.5010000000002,1650.658665211
51.5020000000002,1656.64850046649
51.5030000000002,1662.4551142939
51.5040000000001,1668.15784176649
51.5050000000001,1673.65579662459
51.5060000000001,1678.83196479725
51.5070000000001,1683.53715115808
51.508,1685.8723883071
51.509,1687.36925384523
51.5100000000002,1688.25794147966
51.5110000000002,1688.63083577622
51.5120000000002,1688.56101454237
51.5130000000001,1688.07687663566
51.5140000000001,1685.40434248782
51.5150000000001,1682.29318035186
51.5160000000001,1679.0718417759
51.5170000000001,1675.92634006848
51.518,1672.98601564132
51.519,1670.2916795462
51.5200000000002,1665.98193893354
51.5210000000002,1661.825502921
51.5220000000002,1658.029812879
51.5230000000001,1654.67340155594
51.5240000000001,1651.78628455523
51.5250000000001,1649.33445041848
51.5260000000001,1645.37084566895
51.527,1641.73838347717
51.528,1638.64878894733
51.5290000000002,1636.22846275418
51.5300000000002,1634.55898280598
51.5310000000002,1633.65090565316
51.5320000000002,1631.55918405867
51.5330000000001,1630.21610730283
51.5340000000001,1629.82919319892
51.5350000000001,1630.55070585612
51.5360000000001,1632.49258613628
51.537,1635.69259531114
51.538,1638.1417207474
51.5390000000002,1641.84420723111
51.5400000000002,1646.87218758458
51.5410000000002,1653.16793942728
51.5420000000001,1660.5207388809
51.5430000000001,1668.51466518954
51.5440000000001,1674.64627443544
51.5450000000001,1680.47891887366
51.546,1685.67128543858
51.547,1689.90550416163
51.548,1692.93474843018
51.5490000000002,1694.54268472782
51.5500000000002,1692.7334381463
51.5510000000002,1689.85387801028
51.5520000000001,1686.42326781809
51.5530000000001,1683.0048721821
51.5540000000001,1680.13501081278
51.5550000000001,1678.14172915174
51.556,1675.34610128814
51.557,1674.08588016078
51.5580000000002,1674.5219265857
51.5590000000002,1676.59515851311
51.5600000000002,1680.05376632228
51.5610000000001,1684.35745500928
51.5620000000001,1687.09186819577
51.5630000000001,1690.02140395425
51.5640000000001,1692.95588755854
51.5650000000001,1695.7463733538
51.566,1698.29782021022
51.567,1700.39052428002
51.5680000000002,1700.11061945553
51.5690000000002,1699.79291854806
51.5700000000002,1699.77972578026
51.5710000000001,1700.37379321753
51.5720000000001,1701.80526986645
51.5730000000001,1703.99436431485
51.5740000000001,1705.1025347232
51.575,1707.29722899935
51.576,1710.64747945761
51.5770000000002,1715.08468103024
51.5780000000002,1720.4108860475
51.5790000000002,1726.07966222761
51.5800000000002,1729.94907334298
51.5810000000001,1733.80037806919
51.5820000000001,1737.49076763684
51.5830000000001,1740.88414182414
51.5840000000001,1743.87389694071
51.585,1746.13334034938
51.586,1745.98600739774
51.5870000000002,1745.65875349349
51.5880000000002,1745.55612252533
51.5890000000002,1746.08548082049
51.5900000000001,1747.61503423851
51.5910000000001,1750.13583366795
51.5920000000001,1752.22570838326
51.5930000000001,1756.00328060394
51.5940000000001,1761.59410612395
51.595,1768.92332533252
51.596,1777.72136434061
51.5970000000002,1787.23147093589
51.5980000000002,1795.40712413685
51.5990000000002,1803.67825825787
51.6000000000001,1811.69795425102
51.6010000000001,1819.14876692712
51.6020000000001,1825.78164091996
51.6030000000001,1831.0908588996
51.604,1833.60667078184
51.605,1835.37080102981
51.6060000000002,1836.71425609271
51.6070000000002,1837.94465432867
51.6080000000002,1839.30417233018
51.6090000000002,1840.56007328666
51.6100000000001,1840.4080741304
51.6110000000001,1840.79048038943
51.6120000000001,1841.8245797639
51.6130000000001,1843.549419602
51.614,1845.96400352166
51.615,1848.65366416304
51.6160000000002,1850.34907581254
51.6170000000002,1853.06441406756
51.6180000000002,1857.1077875711
51.6190000000001,1862.72229104159
51.6200000000001,1870.03455093497
51.6210000000001,1878.56455182543
51.6220000000001,1886.84750648141
51.623,1896.38788234711
51.624,1906.7979886149
51.625,1917.4957834017
51.6260000000002,1927.76662547016
51.6270000000002,1936.37167442801
51.6280000000002,1941.42229384232
51.6290000000001,1944.26044962132
51.6300000000001,1944.74828425144
51.6310000000001,1942.94588771937
51.6320000000001,1939.11319492973
51.633,1933.16435656333
51.634,1924.50635460608
51.6350000000002,1915.68595620888
51.6360000000002,1907.53116859561
51.6370000000002,1900.70456222652
51.6380000000001,1895.62316559923
51.6390000000001,1891.78773664442
51.6400000000001,1887.73720497044
51.6410000000001,1885.22771184386
51.6420000000001,1884.02134785486
51.643,1883.7240879888
51.644,1883.82072485394
51.6450000000002,1882.94089744397
51.6460000000002,1878.9528517486
51.6470000000002,1873.84738681531
51.6480000000001,1867.75519415731
51.6490000000001,1860.93464468822
51.6500000000001,1853.684345039
51.6510000000001,1845.32090433508
51.652,1834.27539326842
51.653,1823.37804372353
51.6540000000002,1813.2125878349
51.6550000000002,1804.24209920496
51.6560000000002,1796.70894735308
51.6570000000002,1789.7626320911
51.6580000000001,1781.85234152214
51.6590000000001,1774.69654489262
51.6600000000001,1768.08715248927
51.6610000000001,1761.85266534967
51.662,1755.95642279862
51.663,1750.04624895793
51.6640000000002,1744.01029865312
51.6650000000002,1739.59029815055
51.6660000000002,1737.13349960667
51.6670000000001,1736.73708887613
51.6680000000001,1738.21968417407
51.6690000000001,1740.79255493855
51.6700000000001,1743.77631663125
51.671,1747.37209201077
51.672,1750.74445825758
51.673,1753.18399608119
51.6740000000002,1754.33695190468
51.6750000000002,1753.98054718795
51.6760000000002,1752.71521903846
51.6770000000001,1752.28927934654
51.6780000000001,1753.3837482333
51.6790000000001,1756.28927664418
51.6800000000001,1760.78389881337
51.681,1765.55546604602
51.682,1769.23557170593
51.6830000000002,1771.95006226154
51.6840000000002,1772.76752891037
51.6850000000002,1771.26391104552
51.6860000000001,1767.83171786297
51.6870000000001,1762.97749626437
51.6880000000001,1758.41200656177
51.6890000000001,1758.80504216077
51.6900000000001,1767.41476403074
51.691,1787.04283608682
51.692,1819.54141114653
51.6930000000002,1864.57279581946
51.6940000000002,1920.88172582692
51.6950000000002,1988.5083951222
51.6960000000001,2065.31741028033
51.6970000000001,2149.10744468689
51.6980000000001,2238.18775049433
51.6990000000001,2330.89947480865
51.7,2427.15177235465
51.701,2529.8027971517
51.7020000000002,2640.57697669383
51.7030000000002,2760.69164927166
51.7040000000002,2890.00142692931
51.7050000000002,3025.33744161812
51.7060000000001,3161.55290301341
51.7070000000001,3292.80706671474
51.7080000000001,3409.62278441193
51.7090000000001,3501.08988221952
51.71,3556.05953519843
51.711,3563.55574150422
51.7120000000002,3515.7602418512
51.7130000000002,3410.31019977953
51.7140000000002,3247.70341736781
51.7150000000001,3032.77346828288
51.7160000000001,2774.28700686876
51.7170000000001,2483.07056450211
51.7180000000001,2172.52182276289
51.7190000000001,1858.21171794042
51.72,1553.34943055059
51.721,1268.85797193389
51.7220000000002,1012.53809363704
51.7230000000002,787.726524836512
51.7240000000002,595.27927900687
51.7250000000001,434.959335373044
51.7260000000001,303.461460778426
51.7270000000001,196.703284328856
51.7280000000001,110.876119848544
51.729,42.296525004737
51.73,-10.1115198369126
51.7310000000002,-44.0986144889471
51.7320000000002,-57.1219375213407
51.7330000000002,-45.7970479794876
51.7340000000002,-6.73501493704888
51.7350000000001,61.5328437972777
51.7360000000001,159.898287552363
51.7370000000001,288.577348274158
51.7380000000001,444.287845360897
51.739,621.572380980365
51.74,813.267762035172
51.7410000000002,1010.11129753178
51.7420000000002,1203.763109563
51.7430000000002,1387.76957644453
51.7440000000001,1555.65329990784
51.7450000000001,1702.45234113002
51.7460000000001,1824.90324802185
51.7470000000001,1920.30906688125
51.748,1988.75053132522
51.749,2032.84820946625
51.75,2055.0569806874
51.7510000000002,2058.4754280572
51.7520000000002,2046.58026477157
51.7530000000002,2021.82893943642
51.7540000000001,1988.05750927845
51.7550000000001,1950.10950135899
51.7560000000001,1911.35381943816
51.7570000000001,1874.65041527316
51.758,1842.23172959951
51.759,1814.29783600377
51.7600000000002,1792.08359180115
51.7610000000002,1777.25049839762
51.7620000000002,1769.60144493255
51.7630000000001,1768.46074954648
51.7640000000001,1772.85299902845
51.7650000000001,1780.10203414747
51.7660000000001,1789.76836212778
51.7670000000001,1802.43132109935
51.768,1817.18060892433
51.769,1833.03442827735
51.7700000000002,1848.96031072377
51.7710000000002,1862.11387933483
51.7720000000002,1872.40992045953
51.7730000000001,1880.66059524538
51.7740000000001,1886.08822314564
51.7750000000001,1888.03142005165
51.7760000000001,1886.11669713389
51.777,1878.83132057886
51.778,1867.39603347
51.7790000000002,1854.15328016146
51.7800000000002,1840.35854082901
51.7810000000002,1827.23633920832
51.7820000000002,1815.82978158448
51.7830000000001,1805.84125367735
51.7840000000001,1797.88613918663
51.7850000000001,1792.9696705632
51.7860000000001,1791.11163568687
51.787,1792.03520327721
51.788,1795.20207029642
51.7890000000002,1799.07394761485
51.7900000000002,1802.84434409682
51.7910000000002,1806.53096461409
51.7920000000001,1809.93715089458
51.7930000000001,1813.03016536262
51.7940000000001,1815.84107582708
51.7950000000001,1817.54630911945
51.796,1818.12242496622
51.797,1818.25899326834
51.798,1818.31464722572
51.7990000000002,1818.66051361862
51.8000000000002,1819.59357437142
51.8010000000002,1820.13064411567
51.8020000000001,1820.70315775109
51.8030000000001,1822.16776993808
51.8040000000001,1824.6754626545
51.8050000000001,1828.26046207282
51.806,1832.79351191954
51.807,1836.46470722393
51.8080000000002,1839.6639593274
51.8090000000002,1842.96586847011
51.8100000000002,1846.03614848957
51.8110000000001,1848.54624682568
51.8120000000001,1850.23710396755
51.8130000000001,1849.38516640851
51.8140000000001,1846.98949184104
51.8150000000001,1844.3215734529
51.816,1841.83314312921
51.817,1839.93141528189
51.8180000000002,1838.90932601857
51.8190000000002,1837.35076460087
51.8200000000002,1836.19551051927
51.8210000000001,1836.3184515944
51.8220000000001,1837.66945354048
51.8230000000001,1840.07665077752
51.8240000000001,1843.28922011685
51.825,1845.43720074911
51.826,1847.29081992763
51.8270000000002,1849.68246114942
51.8280000000002,1852.71760982098
51.8290000000002,1856.45900072451
51.8300000000002,1860.8667867078
51.8310000000001,1864.09857290416
51.8320000000001,1866.96196096596
51.8330000000001,1870.02895090909
51.8340000000001,1873.02764869057
51.835,1875.60823270058
51.836,1877.39974520807
51.8370000000002,1876.39833426995
51.8380000000002,1873.61866682561
51.8390000000002,1870.00785833138
51.8400000000001,1865.95806490039
51.8410000000001,1861.95444810668
51.8420000000001,1858.51047828605
51.8430000000001,1854.43100350867
51.8440000000001,1851.33425125787
51.845,1850.36417310119
51.846,1851.79089170286
51.8470000000002,1855.60826685341
51.8480000000002,1861.52747547855
51.8490000000002,1867.31620468146
51.8500000000001,1873.58328602538
51.8510000000001,1880.44841131665
51.8520000000001,1887.40517842547
51.8530000000001,1893.98237413563
51.854,1899.7872249824
51.855,1902.7987101695
51.8560000000002,1904.267275681
51.8570000000002,1905.05615239145
51.8580000000002,1905.52133482573
51.8590000000002,1906.01868652849
51.8600000000001,1906.83191642839
51.8610000000001,1906.34725362496
51.8620000000001,1906.03618466244
51.8630000000001,1906.58639132009
51.864,1907.95943138824
51.865,1909.94504197565
51.8660000000002,1912.19519086105
51.8670000000002,1912.47747109004
51.8680000000002,1911.92000610534
51.8690000000001,1910.99898576621
51.8700000000001,1909.77815416565
51.8710000000001,1908.4288231557
51.8720000000001,1907.21188948744
51.873,1904.60263161512
51.874,1902.56564315036
51.875,1902.18839445537
51.8760000000002,1903.94621968789
51.8770000000002,1908.10880371681
51.8780000000002,1914.68596667276
51.8790000000001,1921.51332045883
51.8800000000001,1929.78722373015
51.8810000000001,1939.57311127356
51.8820000000001,1950.3267234867
51.883,1961.39660264651
51.884,1972.07638209412
51.8850000000002,1979.695223558
51.8860000000002,1985.42379217151
51.8870000000002,1989.50142392253
51.8880000000001,1991.84950352452
51.8890000000001,1992.47167772191
51.8900000000001,1991.41692822721
51.8910000000001,1986.71372329206
51.8920000000001,1980.3461859639
51.893,1973.14229004865
51.894,1965.51052191428
51.8950000000002,1957.80913991119
51.8960000000002,1950.32154514506
51.8970000000002,1941.16160620522
51.8980000000001,1932.46083754506
51.8990000000001,1925.01266650932
51.9000000000001,1919.164090644
51.9010000000001,1915.14813396676
51.902,1913.0467948137
51.903,1910.65418221505
51.9040000000002,1909.77600733718
51.9050000000002,1910.68722712299
51.9060000000002,1913.17813551236
51.9070000000002,1916.8878010902
51.9080000000001,1921.32141969569
51.9090000000001,1923.72802356851
51.9100000000001,1925.66415019351
51.9110000000001,1927.25215814314
51.912,1928.4097529486
51.913,1929.14908679996
51.9140000000002,1929.55179829659
51.9150000000002,1927.50963177301
51.9160000000002,1925.40195523254
51.9170000000001,1923.93561584565
51.9180000000001,1923.43483078977
51.9190000000001,1924.03637675113
51.9200000000001,1925.6421342923
51.921,1925.67201763466
51.922,1925.94859874792
51.923,1926.46205404958
51.9240000000002,1926.9536325823
51.9250000000002,1927.21088255629
51.9260000000002,1927.11460415484
51.9270000000001,1924.42477901805
51.9280000000001,1921.66549859022
51.9290000000001,1919.62677481576
51.9300000000001,1918.92469096581
51.931,1920.08740976883
51.932,1923.45071794188
51.9330000000002,1926.82306701598
51.9340000000002,1932.44956340096
51.9350000000002,1940.37861589744
51.9360000000001,1950.27818375747
51.9370000000001,1961.64936241713
51.9380000000001,1973.89544795405
51.9390000000001,1984.07343492561
51.9400000000001,1994.18373339474
51.941,2004.27157315833
51.942,2014.35705622778
51.9430000000002,2024.50702489947
51.9440000000002,2034.76196253067
51.9450000000002,2042.67995685295
51.9460000000001,2050.76172686688
51.9470000000001,2059.14503375235
51.9480000000001,2067.7222593327
51.9490000000001,2076.23920193824
51.95,2084.3248768167
51.951,2089.13067982621
51.9520000000002,2092.99063329787
51.9530000000002,2095.97456625122
51.9540000000002,2098.18703384156
51.9550000000002,2099.81076353643
51.9560000000001,2101.07102709243
51.9570000000001,2099.75321177349
51.9580000000001,2098.85475657536
51.9590000000001,2098.87750473678
51.96,2100.16927752164
51.961,2102.88848336265
51.9620000000002,2106.93540442815
51.9630000000002,2109.69449391751
51.9640000000002,2113.43947586997
51.9650000000001,2117.98397908679
51.9660000000001,2123.05788539104
51.9670000000001,2128.35993209243
51.9680000000001,2133.51031370417
51.9690000000001,2135.9552209865
51.97,2138.11814904214
51.971,2140.12167549774
51.9720000000002,2142.0431824907
51.9730000000002,2143.87473694515
51.9740000000002,2145.36501543592
51.9750000000001,2143.99168318698
51.9760000000001,2142.03159627672
51.9770000000001,2139.36608379534
51.9780000000001,2135.82163645918
51.979,2131.22811053946
51.98,2125.31157119187
51.9810000000002,2115.8477622124
51.9820000000002,2105.58417997968
51.9830000000002,2095.08936835004
51.9840000000002,2084.98094737842
51.9850000000001,2075.86174315458
51.9860000000001,2068.05254450747
51.9870000000001,2059.805101195
51.9880000000001,2053.88995087365
51.989,2050.62271779978
51.99,2050.09208406332
51.9910000000002,2052.17906105458
51.9920000000002,2056.35516928487
51.9930000000002,2060.13549801364
51.9940000000001,2065.52493300364
51.9950000000001,2072.22182231426
51.9960000000001,2079.82022835845
51.9970000000001,2087.81603848641
51.998,2095.34935894531
51.999,2099.77955822087
52,2103.04442158725
52.0010000000002,2104.91884935239
52.0020000000002,2105.28307605216
52.0030000000002,2104.17192305564
52.0040000000001,2101.48394003098
52.0050000000001,2095.64346766852
52.0060000000001,2089.73401148512
52.0070000000001,2084.61748723365
52.008,2081.03910394807
52.009,2079.51205731978
52.0100000000002,2079.86885888961
52.0110000000002,2080.02633595737
52.0120000000002,2082.03034871645
52.0130000000001,2085.36853684622
52.0140000000001,2089.29946143857
52.0150000000001,2092.98794834631
52.0160000000001,2095.24789829247
52.0170000000001,2093.62001175579
52.018,2090.31153370469
52.019,2085.56364422781
52.0200000000002,2079.83036082044
52.0210000000002,2073.70964849933
52.0220000000002,2067.41802420358
52.0230000000001,2059.81450543488
52.0240000000001,2053.92237785301
52.0250000000001,2050.38060656048
52.0260000000001,2049.58237086264
52.027,2051.67345521335
52.028,2056.09381559414
52.0290000000002,2060.86939305219
52.0300000000002,2068.07955802659
52.0310000000002,2077.45234874296
52.0320000000002,2088.53564283556
52.0330000000001,2100.70955466879
52.0340000000001,2112.68637568216
52.0350000000001,2121.95605402085
52.0360000000001,2130.16642211122
52.037,2136.81998084945
52.038,2141.51019230016
52.0390000000002,2143.99017668965
52.0400000000002,2143.65185097967
52.0410000000002,2139.085633013
52.0420000000001,2133.18936547582
52.0430000000001,2126.82950157603
52.0440000000001,2120.86614032741
52.0450000000001,2116.03664746094
52.046,2112.25010358832
52.047,2108.21545680645
52.048,2106.33425206348
52.0490000000002,2106.63929513156
52.0500000000002,2108.92369621585
52.0510000000002,2112.81111368282
52.0520000000001,2117.18720955015
52.0530000000001,2120.11469968971
52.0540000000001,2123.57837694871
52.0550000000001,2127.54932377207
52.056,2132.00341684397
52.057,2136.87615176804
52.0580000000002,2141.33242950344
52.0590000000002,2143.7611506735
52.0600000000002,2146.25929266879
52.0610000000001,2148.82664964918
52.0620000000001,2151.43214791762
52.0630000000001,2154.05220475908
52.0640000000001,2155.96414079
52.0650000000001,2155.92760734341
52.066,2156.44510369817
52.067,2157.97152116336
52.0680000000002,2160.83579138943
52.0690000000002,2165.15120593557
52.0700000000002,2169.97492645179
52.0710000000001,2173.62071993887
52.0720000000001,2177.76431564125
52.0730000000001,2181.93632386675
52.0740000000001,2185.59665844912
52.075,2188.24455914436
52.076,2188.71130187937
52.0770000000002,2185.72994409641
52.0780000000002,2181.71580641119
52.0790000000002,2177.35804390373
52.0800000000002,2173.45015535229
52.0810000000001,2170.76752162211
52.0820000000001,2169.11510566921
52.0830000000001,2167.87897617422
52.0840000000001,2169.38823869645
52.085,2173.79501695047
52.086,2180.94178656941
52.0870000000002,2190.41723128667
52.0880000000002,2200.77794576324
52.0890000000002,2210.4412371125
52.0900000000001,2220.91649244873
52.0910000000001,2231.94414279907
52.0920000000001,2243.30174934959
52.0930000000001,2254.78894061014
52.0940000000001,2265.29837665389
52.095,2273.7779374998
52.096,2282.14484623443
52.0970000000002,2290.48035235443
52.0980000000002,2298.81576898272
52.0990000000002,2307.13992899225
52.1000000000001,2314.45655912222
52.1010000000001,2319.94739460451
52.1020000000001,2325.67352321023
52.1030000000001,2331.8555948709
52.104,2338.60407418867
52.105,2345.88201187947
52.1060000000002,2352.489354232
52.1070000000002,2357.3752391839
52.1080000000002,2362.16454637332
52.1090000000002,2366.65300463108
52.1100000000001,2370.58972910781
52.1110000000001,2373.73396170325
52.1120000000001,2374.88285011222
52.1130000000001,2373.37983139377
52.114,2371.36572239906
52.115,2369.39277240599
52.1160000000002,2368.05771952591
52.1170000000002,2367.92637148915
52.1180000000002,2368.37609131872
52.1190000000001,2369.16387029359
52.1200000000001,2372.37640480292
52.1210000000001,2378.13063948206
52.1220000000001,2386.21658030676
52.123,2396.10451540815
52.124,2405.80947059009
52.125,2413.84358148265
52.1260000000002,2421.26143054639
52.1270000000002,2427.40963647022
52.1280000000002,2431.69720687556
52.1290000000001,2433.63635444645
52.1300000000001,2431.48445257828
52.1310000000001,2424.49552748401
52.1320000000001,2415.04293908297
52.133,2403.82742852681
52.134,2391.62128772038
52.1350000000002,2379.13619124144
52.1360000000002,2365.25759915411
52.1370000000002,2349.67829717174
52.1380000000001,2335.2238180428
52.1390000000001,2322.56082772455
52.1400000000001,2312.17183812984
52.1410000000001,2304.27820640598
52.1420000000001,2297.05324215922
52.143,2289.56663860308
52.144,2283.90752114895
52.1450000000002,2280.06999074147
52.1460000000002,2277.94688640802
52.1470000000002,2277.29283120352
52.1480000000001,2276.31890245272
52.1490000000001,2274.32626342926
52.1500000000001,2272.72223430175
52.1510000000001,2271.3211128296
52.152,2270.01743816625
52.153,2268.85519271339
52.1540000000002,2267.21088939478
52.1550000000002,2265.73536399051
52.1560000000002,2265.96466742494
52.1570000000002,2268.16126065502
52.1580000000001,2272.33721373258
52.1590000000001,2278.27111078318
52.1600000000001,2284.90115572079
52.1610000000001,2292.13544604718
52.162,2300.08739847818
52.163,2307.76845192319
52.1640000000002,2314.13585318142
52.1650000000002,2318.31656009138
52.1660000000002,2318.79577874678
52.1670000000001,2315.91548337152
52.1680000000001,2311.3078305232
52.1690000000001,2305.72276086437
52.1700000000001,2300.0151060652
52.171,2295.02677967482
52.172,2290.02198832334
52.173,2285.88952409792
52.1740000000002,2284.83211967287
52.1750000000002,2287.50362261415
52.1760000000002,2294.47532107789
52.1770000000001,2306.31374793165
52.1780000000001,2322.00115435231
52.1790000000001,2342.61069704268
52.1800000000001,2370.83596135857
52.181,2407.89862374938
52.182,2454.86250111539
52.1830000000002,2512.49250634471
52.1840000000002,2579.51877723164
52.1850000000002,2656.31802893553
52.1860000000001,2744.13500681821
52.1870000000001,2842.41905728223
52.1880000000001,2950.25623923631
52.1890000000001,3066.41402586655
52.1900000000001,3187.71325881176
52.191,3312.80413581997
52.192,3440.93671093392
52.1930000000002,3569.32570323878
52.1940000000002,3694.29551451849
52.1950000000002,3811.19124802906
52.1960000000001,3912.7467701038
52.1970000000001,3993.28746116258
52.1980000000001,4047.78723822872
52.1990000000001,4070.04762902953
52.2,4054.51314956566
52.201,3996.82060286424
52.2020000000002,3892.55963630284
52.2030000000002,3741.73925815707
52.2040000000002,3547.41199269475
52.2050000000002,3313.45154496111
52.2060000000001,3045.50275365265
52.2070000000001,2750.59785825206
52.2080000000001,2434.9889427613
52.2090000000001,2108.01022118923
52.21,1779.97473260585
52.211,1459.92870658375
52.2120000000002,1156.5889657671
52.2130000000002,878.162795579834
52.2140000000002,630.414425469919
52.2150000000001,420.909081282313
52.2160000000001,256.790737426131
52.2170000000001,142.720606256777
52.2180000000001,81.6856833044989
52.2190000000001,74.7130176485011
52.22,118.867523666378
52.221,211.764342333643
52.2220000000002,349.401792097619
52.2230000000002,524.817662691813
52.2240000000002,729.569179067812
52.2250000000001,954.254752547514
52.2260000000001,1187.25529271412
52.2270000000001,1420.10776474142
52.2280000000001,1645.48970096969
52.229,1856.2038558821
52.23,2046.49676120306
52.2310000000002,2212.1920284294
52.2320000000002,2348.79400799927
52.2330000000002,2456.36372296531
52.2340000000002,2536.55228104755
52.2350000000001,2591.07815167293
52.2360000000001,2622.46400423065
52.2370000000001,2633.76780084733
52.2380000000001,2626.38411732973
52.239,2605.01339281307
52.24,2574.41870305427
52.2410000000002,2538.15797639972
52.2420000000002,2499.43234968043
52.2430000000002,2460.99102925513
52.2440000000001,2422.99618624678
52.2450000000001,2388.59602724685
52.2460000000001,2360.33231601881
52.2470000000001,2339.18639003109
52.248,2325.57115832995
52.249,2319.35914117399
52.25,2317.61163289663
52.2510000000002,2321.10845737435
52.2520000000002,2329.91928484926
52.2530000000002,2342.74540289386
52.2540000000001,2358.10960349423
52.2550000000001,2374.50015302728
52.2560000000001,2387.86068309977
52.2570000000001,2399.26287326596
52.258,2409.26236981079
52.259,2417.40587433426
52.2600000000002,2423.42723770735
52.2610000000002,2427.27047233147
52.2620000000002,2426.34974166017
52.2630000000001,2423.39370581881
52.2640000000001,2420.1984426315
52.2650000000001,2417.26586676401
52.2660000000001,2414.90281818119
52.2670000000001,2413.23782036035
52.268,2409.97019419049
52.269,2406.80150044102
52.2700000000002,2404.66079284188
52.2710000000002,2403.46672064537
52.2720000000002,2402.94647155137
52.2730000000001,2402.65744090843
52.2740000000001,2400.40328854455
52.2750000000001,2396.58737490037
52.2760000000001,2391.70459759596
52.277,2386.02100255367
52.278,2379.99518812554
52.2790000000002,2374.17916170772
52.2800000000002,2367.69227626708
52.2810000000002,2361.69407320569
52.2820000000002,2357.45754845173
52.2830000000001,2355.86219957335
52.2840000000001,2357.54119689456
52.2850000000001,2362.68983237343
52.2860000000001,2369.13980799597
52.287,2377.31366876534
52.288,2386.96650726883
52.2890000000002,2397.27020482032
52.2900000000002,2407.3954805598
52.2910000000002,2416.59893692711
52.2920000000001,2421.94890054641
52.2930000000001,2425.11750463464
52.2940000000001,2426.98064644837
52.2950000000001,2427.95733803972
52.296,2428.5075515184
52.297,2429.01082048996
52.298,2427.1186969203
52.2990000000002,2425.18807185253
52.3000000000002,2424.02411304825
52.3010000000002,2423.59973756596
52.3020000000001,2423.73463004792
52.3030000000001,2424.17500812152
52.3040000000001,2422.14403424127
52.3050000000001,2419.83267133059
52.306,2418.15223121562
52.307,2417.49778781606
52.3080000000002,2418.20678393358
52.3090000000002,2420.45473507867
52.3100000000002,2421.66494769173
52.3110000000001,2423.87032512569
52.3120000000001,2427.4114182975
52.3130000000001,2431.91298392124
52.3140000000001,2436.83122077259
52.3150000000001,2441.5300501881
52.316,2442.81089617536
52.317,2442.62786838535
52.3180000000002,2441.49369015817
52.3190000000002,2439.62679232142
52.3200000000002,2437.36002520504
52.3210000000001,2435.06871924384
52.3220000000001,2430.48494509624
52.3230000000001,2426.48730598934
52.3240000000001,2424.0710593473
52.325,2423.6503061116
52.326,2425.44355219642
52.3270000000002,2429.46283805761
52.3280000000002,2432.87249448975
52.3290000000002,2438.02758309903
52.3300000000002,2445.25868170337
52.3310000000001,2454.38610838427
52.3320000000001,2465.07594011402
52.3330000000001,2476.8288792222
52.3340000000001,2486.30338730088
52.335,2495.51880618335
52.336,2504.4210285569
52.3370000000002,2512.61251593713
52.3380000000002,2519.7130254193
52.3390000000002,2525.38926045963
52.3400000000001,2526.6761387362
52.3410000000001,2526.27300114779
52.3420000000001,2524.85956683682
52.3430000000001,2522.90274974701
52.3440000000001,2520.87033291477
52.345,2519.15852831092
52.346,2515.3039496456
52.3470000000002,2512.35647058014
52.3480000000002,2510.95643374355
52.3490000000002,2511.33504506765
52.3500000000001,2513.5394696029
52.3510000000001,2517.43122977438
52.3520000000001,2519.93624632793
52.3530000000001,2523.65018054948
52.354,2528.65342144348
52.355,2534.73170955957
52.3560000000002,2541.57086197418
52.3570000000002,2548.75826483358
52.3580000000002,2553.03186363973
52.3590000000002,2556.95317741812
52.3600000000001,2560.53748131088
52.3610000000001,2563.6465151505
52.3620000000001,2566.14837851394
52.3630000000001,2567.91935783238
52.364,2566.03533142406
52.365,2563.58819067196
52.3660000000002,2561.00275985885
52.3670000000002,2558.54367310667
52.3680000000002,2556.37552064434
52.3690000000001,2554.52299728989
52.3700000000001,2549.97549380225
52.3710000000001,2545.78558519344
52.3720000000001,2542.10065079502
52.373,2538.92820431945
52.374,2536.22294525597
52.375,2533.90226754336
52.3760000000002,2528.9227005597
52.3770000000002,2524.59833840283
52.3780000000002,2521.26715496445
52.3790000000001,2519.18579836678
52.3800000000001,2518.49757144184
52.3810000000001,2519.13693918112
52.3820000000001,2518.02118274286
52.383,2518.15578393743
52.384,2519.46351736378
52.3850000000002,2521.71447725052
52.3860000000002,2524.57605148549
52.3870000000002,2527.55563220645
52.3880000000001,2527.40512883706
52.3890000000001,2527.08689648645
52.3900000000001,2526.69888477909
52.3910000000001,2526.34315447377
52.3920000000001,2526.10755268796
52.393,2525.88369846739
52.394,2522.85836600126
52.3950000000002,2520.23778191169
52.3960000000002,2518.22121813249
52.3970000000002,2516.87315752003
52.3980000000001,2516.13801948296
52.3990000000001,2515.65984545525
52.4000000000001,2512.51302384472
52.4010000000001,2509.66929703848
52.402,2507.14668935838
52.403,2504.85914128151
52.4040000000002,2502.62727129083
52.4050000000002,2499.94897175565
52.4060000000002,2493.92951458389
52.4070000000002,2487.41108628538
52.4080000000001,2480.38104363247
52.4090000000001,2472.79070228747
52.4100000000001,2464.59890121991
52.4110000000001,2455.52876595878
52.412,2443.20959039835
52.413,2430.96235184527
52.4140000000002,2419.40256339337
52.4150000000002,2409.14284860232
52.4160000000002,2400.75718007511
52.4170000000001,2394.40758163022
52.4180000000001,2388.10218863892
52.4190000000001,2385.08095593783
52.4200000000001,2385.58869187549
52.421,2389.54081600547
52.422,2396.54074107628
52.423,2405.56081924562
52.4240000000002,2413.52578752629
52.4250000000002,2422.49937580095
52.4260000000002,2431.81790786325
52.4270000000001,2440.82284113817
52.4280000000001,2448.9566833587
52.4290000000001,2455.42786704938
52.4300000000001,2457.93885985231
52.431,2459.50083459911
52.432,2460.62759119295
52.4330000000002,2461.85855187836
52.4340000000002,2463.69376346019
52.4350000000002,2466.08206649093
52.4360000000001,2467.23571276375
52.4370000000001,2470.14407919525
52.4380000000001,2474.99277449979
52.4390000000001,2481.71872191428
52.4400000000001,2490.05772959948
52.441,2499.11638301881
52.442,2506.48330195691
52.4430000000002,2514.4776351086
52.4440000000002,2522.85407151103
52.4450000000002,2531.29208770995
52.4460000000001,2539.4147101068
52.4470000000001,2546.28432452143
52.4480000000001,2549.67268790527
52.4490000000001,2551.92582932731
52.45,2552.92569460137
52.451,2552.54002746211
52.4520000000002,2550.67381478688
52.4530000000002,2546.75588805863
52.4540000000002,2539.19854337384
52.4550000000002,2530.90518340973
52.4560000000001,2522.4082009251
52.4570000000001,2514.17845883004
52.4580000000001,2506.58740215731
52.4590000000001,2499.27400703769
52.46,2490.72149147398
52.461,2483.52647820579
52.4620000000002,2477.72979183807
52.4630000000002,2473.16424188197
52.4640000000002,2469.51292227825
52.4650000000001,2465.73419580755
52.4660000000001,2459.88708293989
52.4670000000001,2454.19695886199
52.4680000000001,2448.57697530246
52.4690000000001,2442.90922188378
52.47,2437.05501072579
52.471,2430.19021483838
52.4720000000002,2420.7459085025
52.4730000000002,2411.11407483177
52.4740000000002,2401.4185875226
52.4750000000001,2391.73099091763
52.4760000000001,2382.10324221125
52.4770000000001,2371.89822499399
52.4780000000001,2359.90524446362
52.479,2348.74639320656
52.48,2338.87591680368
52.4810000000002,2330.67408047195
52.4820000000002,2324.41839195727
52.4830000000002,2319.50819311273
52.4840000000002,2314.69908291309
52.4850000000001,2312.27608685243
52.4860000000001,2312.18596844061
52.4870000000001,2314.14968959059
52.4880000000001,2317.7014561833
52.489,2321.44956838437
52.49,2323.57458772591
52.4910000000002,2325.83677499212
52.4920000000002,2327.87720469571
52.4930000000002,2329.34149465769
52.4940000000001,2329.91636308426
52.4950000000001,2328.51898969614
52.4960000000001,2323.91032451305
52.4970000000001,2318.36591849764
52.498,2312.07327135603
52.499,2305.1537328094
52.5,2297.65634457293
52.5010000000002,2288.68253540012
52.5020000000002,2277.19181845561
52.5030000000002,2265.49378770742
52.5040000000001,2253.80575634853
52.5050000000001,2242.31477098827
52.5060000000001,2231.21434903497
52.5070000000001,2219.79075193809
52.508,2207.40081719398
52.509,2196.7087982491
52.5100000000002,2188.25062757425
52.5110000000002,2182.40656984945
52.5120000000002,2179.3611764137
52.5130000000001,2178.09150862422
52.5140000000001,2177.50666319802
52.5150000000001,2179.47768863213
52.5160000000001,2183.62431469869
52.5170000000001,2189.36244637196
52.518,2195.98480280747
52.519,2201.72938017484
52.5200000000002,2205.15816610161
52.5210000000002,2207.96157510442
52.5220000000002,2209.95800134022
52.5230000000001,2211.02993346861
52.5240000000001,2211.12278084178
52.5250000000001,2209.18965669307
52.5260000000001,2204.63226319272
52.527,2199.74780629683
52.528,2194.91526626759
52.5290000000002,2190.45223125324
52.5300000000002,2186.61813688084
52.5310000000002,2182.55029123876
52.5320000000002,2177.86063342037
52.5330000000001,2174.78634713563
52.5340000000001,2173.61200972033
52.5350000000001,2174.43981131548
52.5360000000001,2177.17680202676
52.537,2180.44290235119
52.538,2183.32155077722
52.5390000000002,2187.29482681283
52.5400000000002,2191.96023338815
52.5410000000002,2196.8160379006
52.5420000000001,2201.3304155084
52.5430000000001,2203.89667675958
52.5440000000001,2203.75046165705
52.5450000000001,2202.6391460343
52.546,2200.73558869006
52.547,2198.28102966072
52.548,2195.55782912683
52.5490000000002,2191.72746734244
52.5500000000002,2186.78598343206
52.5510000000002,2182.85037445421
52.5520000000001,2180.28340444117
52.5530000000001,2179.2735824545
52.5540000000001,2179.84449830392
52.5550000000001,2180.72964194119
52.556,2181.54132048829
52.557,2183.84445946501
52.5580000000002,2187.54252874821
52.5590000000002,2192.44623058332
52.5600000000002,2198.30277273694
52.5610000000001,2203.65373732356
52.5620000000001,2208.10945333058
52.5630000000001,2213.15108307918
52.5640000000001,2218.70576510561
52.5650000000001,2224.63348389229
52.566,2230.74223055282
52.567,2235.62332890738
52.5680000000002,2239.02798219384
52.5690000000002,2242.45078481181
52.5700000000002,2245.91513250759
52.5710000000001,2249.39082854656
52.5720000000001,2252.79982786586
52.5730000000001,2254.8222217416
52.5740000000001,2255.36591798445
52.575,2255.91059626209
52.576,2256.48535281162
52.5770000000002,2257.02498322252
52.5780000000002,2257.38053285605
52.5790000000002,2256.11360598652
52.5800000000002,2253.12158527049
52.5810000000001,2249.74569756967
52.5820000000001,2245.95330291608
52.5830000000001,2241.67955698755
52.5840000000001,2236.8617550857
52.585,2230.20879259263
52.586,2221.98735614138
52.5870000000002,2213.89054841094
52.5880000000002,2206.3232399393
52.5890000000002,2199.66235992883
52.5900000000001,2194.22550419347
52.5910000000001,2188.8964927077
52.5920000000001,2184.0465371798
52.5930000000001,2181.18672275551
52.5940000000001,2180.29149460329
52.595,2181.05123449315
52.596,2182.8844310925
52.5970000000002,2183.45576593889
52.5980000000002,2182.15569115253
52.5990000000002,2179.81124860183
52.6000000000001,2175.96725173301
52.6010000000001,2170.29091435466
52.6020000000001,2162.59880341689
52.6030000000001,2151.02757995061
52.604,2136.07119145857
52.605,2120.0623360514
52.6060000000002,2103.9577682097
52.6070000000002,2088.67760911238
52.6080000000002,2074.94286991098
52.6090000000002,2061.06327902187
52.6100000000001,2047.48570997179
52.6110000000001,2036.12688533681
52.6120000000001,2027.10642906811
52.6130000000001,2020.30850186156
52.614,2015.38284418139
52.615,2010.1406616416
52.6160000000002,2004.46637572267
52.6170000000002,1999.24329227145
52.6180000000002,1994.19305050705
52.6190000000001,1989.18571145845
52.6200000000001,1984.30406941324
52.6210000000001,1978.92801477556
52.6220000000001,1974.19979571443
52.623,1971.28769598483
52.624,1970.27062223647
52.625,1970.84824896386
52.6260000000002,1972.37952519183
52.6270000000002,1973.25902688692
52.6280000000002,1973.29873198616
52.6290000000001,1972.12489841661
52.6300000000001,1968.80865444917
52.6310000000001,1962.76209923656
52.6320000000001,1953.95973104108
52.633,1942.22346300606
52.634,1929.56419924062
52.6350000000002,1918.01472078215
52.6360000000002,1908.75081293566
52.6370000000002,1902.49205759859
52.6380000000001,1899.37725482705
52.6390000000001,1897.69932676414
52.6400000000001,1897.53404769725
52.6410000000001,1898.86487694368
52.6420000000001,1900.9049537688
52.643,1903.26922384552
52.644,1906.23259523495
52.6450000000002,1909.15526898775
52.6460000000002,1914.76247309943
52.6470000000002,1926.43911139877
52.6480000000001,1946.54783085419
52.6490000000001,1976.94963694443
52.6500000000001,2018.65104522415
52.6510000000001,2069.91836353675
52.652,2130.84242807339
52.653,2200.99228054791
52.6540000000002,2278.71997876708
52.6550000000002,2362.56506518083
52.6560000000002,2451.67637381636
52.6570000000002,2544.40353380961
52.6580000000001,2642.6862840389
52.6590000000001,2748.91629747811
52.6600000000001,2864.43060812725
52.6610000000001,2989.56833877193
52.662,3122.87472665728
52.663,3258.82915112914
52.6640000000002,3391.95801244551
52.6650000000002,3513.96414817028
52.6660000000002,3613.57951012377
52.6670000000001,3678.37463100026
52.6680000000001,3696.14598895436
52.6690000000001,3654.84759537122
52.6700000000001,3548.6355015647
52.671,3376.0447437581
52.672,3140.16895337162
52.673,2849.50718829334
52.6740000000002,2517.36966890506
52.6750000000002,2158.95502169921
52.6760000000002,1794.17926951563
52.6770000000001,1442.38866536806
52.6780000000001,1119.86955646903
52.6790000000001,838.828837202287
52.6800000000001,606.287474126898
52.681,422.088426262952
52.682,284.084952021647
52.6830000000002,186.001566140989
52.6840000000002,118.881295998345
52.6850000000002,73.6765504531683
52.6860000000001,43.0308824812458
52.6870000000001,20.8972137803786
52.6880000000001,7.90232608947673
52.6890000000001,7.58450457502499
52.6900000000001,25.3031864603058
52.691,67.4055215340219
52.692,139.574265672197
52.6930000000002,243.609813466791
52.6940000000002,381.185540432496
52.6950000000002,549.659534626199
52.6960000000001,742.275043260174
52.6970000000001,949.576796803468
52.6980000000001,1160.68111563899
52.6990000000001,1363.00780848029
52.7,1548.49130641607
52.701,1710.71098719452
52.7020000000002,1845.48534673472
52.7030000000002,1951.39328279104
52.7040000000002,2029.34687361994
52.7050000000002,2080.172614083
52.7060000000001,2108.86322990077
52.7070000000001,2119.84528366941
52.7080000000001,2116.73009101766
52.7090000000001,2102.57500122888
52.71,2079.87357593561
52.711,2048.88305838883
52.7120000000002,2013.16634447439
52.7130000000002,1975.304748906
52.7140000000002,1937.35756186782
52.7150000000001,1901.29197697649
52.7160000000001,1868.83946545904
52.7170000000001,1839.28880638994
52.7180000000001,1815.44133084727
52.7190000000001,1798.19980876711
52.72,1787.28095869445
52.721,1781.87421083397
52.7220000000002,1780.85674559997
52.7230000000002,1780.67953248397
52.7240000000002,1782.75528980824
52.7250000000001,1786.92610135898
52.7260000000001,1792.56693288123
52.7270000000001,1799.14697294013
52.7280000000001,1806.20623513888
52.729,1810.7201805306
52.73,1815.18436233676
52.7310000000002,1819.8516802324
52.7320000000002,1824.217060329
52.7330000000002,1827.71184603242
52.7340000000002,1829.85227347823
52.7350000000001,1828.23269325042
52.7360000000001,1825.03257731252
52.7370000000001,1821.05362578042
52.7380000000001,1816.74184787034
52.739,1812.48547047736
52.74,1808.5382514691
52.7410000000002,1803.60548793175
52.7420000000002,1798.69450257742
52.7430000000002,1794.16489306335
52.7440000000001,1790.16289585531
52.7450000000001,1786.7788622776
52.7460000000001,1784.00906633641
52.7470000000001,1780.54811149891
52.748,1777.00529157063
52.749,1773.67955587284
52.75,1770.79800804218
52.7510000000002,1768.55154345736
52.7520000000002,1766.99604756854
52.7530000000002,1764.72506918327
52.7540000000001,1762.3852089953
52.7550000000001,1760.12067752814
52.7560000000001,1758.00402163695
52.7570000000001,1756.12945317022
52.758,1754.56498199072
52.759,1751.57616000335
52.7600000000002,1748.83510351025
52.7610000000002,1746.78137769714
52.7620000000002,1745.66027098536
52.7630000000001,1745.64661982879
52.7640000000001,1746.79100170239
52.7650000000001,1746.8376104813
52.7660000000001,1747.89266510052
52.7670000000001,1750.04382592279
52.768,1753.05316913079
52.769,1756.59320885469
52.7700000000002,1760.29594533949
52.7710000000002,1761.59422022791
52.7720000000002,1762.64371761211
52.7730000000001,1763.64104021151
52.7740000000001,1764.6308215211
52.7750000000001,1765.63519837182
52.7760000000001,1766.62513999306
52.777,1765.37643390555
52.778,1764.11625011669
52.7790000000002,1763.07672713502
52.7800000000002,1762.32836661383
52.7810000000002,1761.90593767813
52.7820000000002,1761.81778665476
52.7830000000001,1759.94495047479
52.7840000000001,1758.65389806004
52.7850000000001,1758.31435902483
52.7860000000001,1759.15642459551
52.787,1761.30070881271
52.788,1764.71264611797
52.7890000000002,1767.03593882259
52.7900000000002,1770.36151574669
52.7910000000002,1774.55594650384
52.7920000000001,1779.34137998983
52.7930000000001,1784.38929707725
52.7940000000001,1789.36551675966
52.7950000000001,1791.78569185887
52.796,1793.98235681927
52.797,1796.15774302635
52.798,1798.54497324082
52.7990000000002,1801.37171834569
52.8000000000002,1804.76556780967
52.8010000000002,1806.65566686208
52.8020000000001,1809.44564051607
52.8030000000001,1813.21830533831
52.8040000000001,1817.87868498468
52.8050000000001,1823.1823396514
52.806,1828.69782507066
52.807,1831.94576724026
52.8080000000002,1834.90935305081
52.8090000000002,1837.47563705038
52.8100000000002,1839.55030621267
52.8110000000001,1841.07329920187
52.8120000000001,1841.91229305961
52.8130000000001,1840.08372675121
52.8140000000001,1837.99652333094
52.8150000000001,1835.99562567273
52.816,1834.39727151373
52.817,1833.47358534643
52.8180000000002,1833.29221065649
52.8190000000002,1832.05986021996
52.8200000000002,1832.11624608359
52.8210000000001,1833.63521813913
52.8220000000001,1836.61542047018
52.8230000000001,1840.87668255769
52.8240000000001,1845.90083073696
52.825,1849.37553970321
52.826,1852.99399741765
52.8270000000002,1856.42449062151
52.8280000000002,1859.33093749486
52.8290000000002,1861.42992768298
52.8300000000002,1862.33114024787
52.8310000000001,1860.20913389502
52.8320000000001,1857.32667585104
52.8330000000001,1854.05688493371
52.8340000000001,1850.76520358349
52.835,1847.75926001283
52.836,1845.00890509006
52.8370000000002,1840.87413752274
52.8380000000002,1837.51604092544
52.8390000000002,1835.0092268771
52.8400000000001,1833.29202639303
52.8410000000001,1832.20925577282
52.8420000000001,1831.28956945113
52.8430000000001,1828.65371243126
52.8440000000001,1826.34770577949
52.845,1824.51764781937
52.846,1823.30846919696
52.8470000000002,1822.83968660217
52.8480000000002,1822.86792451919
52.8490000000002,1821.72997787222
52.8500000000001,1821.52032873975
52.8510000000001,1822.28754547811
52.8520000000001,1823.93697794341
52.8530000000001,1826.24594600146
52.854,1828.54923544693
52.855,1828.86556615774
52.8560000000002,1829.05171434295
52.8570000000002,1829.0685185696
52.8580000000002,1828.91403421953
52.8590000000002,1828.6314127866
52.8600000000001,1827.91990802661
52.8610000000001,1825.32642431836
52.8620000000001,1823.14999588186
52.8630000000001,1821.71779377257
52.864,1821.23556461516
52.865,1821.75675400229
52.8660000000002,1822.75608691504
52.8670000000002,1822.49348818082
52.8680000000002,1822.78813031131
52.8690000000001,1823.48694388612
52.8700000000001,1824.38352486879
52.8710000000001,1825.26056886287
52.8720000000001,1825.47308913733
52.873,1823.45475550599
52.874,1821.23562439114
52.875,1818.97391527954
52.8760000000002,1816.76228904326
52.8770000000002,1814.59502891214
52.8780000000002,1811.8755521311
52.8790000000001,1807.05903798075
52.8800000000001,1801.96292348333
52.8810000000001,1796.55450615068
52.8820000000001,1790.80877315504
52.883,1784.76614876358
52.884,1778.0677139853
52.8850000000002,1769.74502256162
52.8860000000002,1762.24643535155
52.8870000000002,1756.26218626106
52.8880000000001,1752.40592484387
52.8890000000001,1751.12583414005
52.8900000000001,1752.09101912009
52.8910000000001,1754.06273800996
52.8920000000001,1758.72179532754
52.893,1765.72126139534
52.894,1774.49754439953
52.8950000000002,1784.37190208146
52.8960000000002,1794.09336598018
52.8970000000002,1801.98466973684
52.8980000000001,1809.61520457468
52.8990000000001,1817.00688254851
52.9000000000001,1824.30882889306
52.9010000000001,1831.74758718007
52.902,1838.96241652273
52.903,1845.11409457386
52.9040000000002,1852.22782025818
52.9050000000002,1860.47989873569
52.9060000000002,1869.84024172017
52.9070000000002,1880.08784791865
52.9080000000001,1890.2232238387
52.9090000000001,1898.83236758031
52.9100000000001,1907.33875821819
52.9110000000001,1915.51980517671
52.912,1923.15940370767
52.913,1930.06631960973
52.9140000000002,1935.42269700093
52.9150000000002,1938.2264782907
52.9160000000002,1940.27214939017
52.9170000000001,1941.74087196387
52.9180000000001,1942.7766197832
52.9190000000001,1943.47632015894
52.9200000000001,1943.19413223448
52.921,1941.11758139763
52.922,1939.06416106739
52.923,1937.2066326962
52.9240000000002,1935.63168031913
52.9250000000002,1934.33985394071
52.9260000000002,1932.52754337157
52.9270000000001,1929.30433038705
52.9280000000001,1926.3055523068
52.9290000000001,1923.56265412124
52.9300000000001,1921.04434139615
52.931,1918.66872630809
52.932,1915.56263400034
52.9330000000002,1910.91441850867
52.9340000000002,1906.37654452993
52.9350000000002,1902.06076436183
52.9360000000001,1898.03412970043
52.9370000000001,1894.31587574303
52.9380000000001,1890.09426314613
52.9390000000001,1884.69436075669
52.9400000000001,1879.76704072309
52.941,1875.42963134482
52.942,1871.72506592526
52.9430000000002,1868.6234225458
52.9440000000002,1865.21662441765
52.9450000000002,1860.81561220875
52.9460000000001,1856.96557421851
52.9470000000001,1853.73429583299
52.9480000000001,1851.13693596451
52.9490000000001,1849.13832222072
52.95,1846.81668784163
52.951,1843.57744273216
52.9520000000002,1840.97530249932
52.9530000000002,1839.13372230041
52.9540000000002,1838.11968593436
52.9550000000002,1837.93229162135
52.9560000000001,1837.61122619461
52.9570000000001,1836.59420394343
52.9580000000001,1836.34509005222
52.9590000000001,1836.85954789536
52.96,1838.03996809288
52.961,1839.70192298124
52.9620000000002,1840.66005004067
52.9630000000002,1840.27400723833
52.9640000000002,1839.91376521047
52.9650000000001,1839.56312364676
52.9660000000001,1839.20131196006
52.9670000000001,1838.81068508024
52.9680000000001,1837.40044108629
52.9690000000001,1834.69535112279
52.97,1832.36873604446
52.971,1830.67740253907
52.9720000000002,1829.79777188514
52.9730000000002,1829.80285374876
52.9740000000002,1829.617555125
52.9750000000001,1828.88904875333
52.9760000000001,1829.05177003218
52.9770000000001,1830.0699160053
52.9780000000001,1831.81622568759
52.979,1834.09399155025
52.98,1835.58281279416
52.9810000000002,1835.88587101166
52.9820000000002,1836.40137974505
52.9830000000002,1837.15253463097
52.9840000000002,1838.11711379694
52.9850000000001,1839.21709040492
52.9860000000001,1839.21676039919
52.9870000000001,1837.87521629399
52.9880000000001,1836.58844988619
52.989,1835.41284069362
52.99,1834.37504805458
52.9910000000002,1833.48913480066
52.9920000000002,1831.66241964444
52.9930000000002,1828.94732416776
52.9940000000001,1826.92374756852
52.9950000000001,1825.88175979918
52.9960000000001,1826.02622224587
52.9970000000001,1827.44546205112
52.998,1828.95903257693
52.999,1830.47107454794
53,1833.16658555088
53.0010000000002,1836.89451547141
53.0020000000002,1841.3903996842
53.0030000000002,1846.31473249205
53.0040000000001,1850.15354146069
53.0050000000001,1852.71382329956
53.0060000000001,1855.13073236047
53.0070000000001,1857.42390997093
53.008,1859.63648643643
53.009,1861.82160782695
53.0100000000002,1862.8873441309
53.0110000000002,1863.09465524128
53.0120000000002,1863.78812274691
53.0130000000001,1865.13474908732
53.0140000000001,1867.19610010233
53.0150000000001,1869.93159963584
53.0160000000001,1872.07771204729
53.0170000000001,1873.75428928288
53.018,1876.01906662593
53.019,1878.83489214192
53.0200000000002,1882.11471643637
53.0210000000002,1885.74157147366
53.0220000000002,1888.43828210655
53.0230000000001,1890.46560407672
53.0240000000001,1892.95808538588
53.0250000000001,1896.0261850781
53.0260000000001,1899.7396164075
53.027,1904.12594359556
53.028,1908.00226657448
53.0290000000002,1911.75885395319
53.0300000000002,1916.48952025812
53.0310000000002,1922.22864568212
53.0320000000002,1928.89459561839
53.0330000000001,1936.29046864336
53.0340000000001,1942.93015711341
53.0350000000001,1948.92340694808
53.0360000000001,1954.93962140572
53.037,1960.6205342253
53.038,1965.51957150474
53.0390000000002,1969.14584481915
53.0400000000002,1969.81619995884
53.0410000000002,1967.6943902271
53.0420000000001,1963.60194432553
53.0430000000001,1957.58584443636
53.0440000000001,1949.82224937692
53.0450000000001,1940.62760478705
53.046,1929.21033594796
53.047,1916.75376542898
53.048,1904.92911564669
53.0490000000002,1894.45962689593
53.0500000000002,1885.89593386225
53.0510000000002,1879.55446791916
53.0520000000001,1874.17129065528
53.0530000000001,1870.22017059863
53.0540000000001,1868.32449064602
53.0550000000001,1868.00885725934
53.056,1868.60558471082
53.057,1869.33440509733
53.0580000000002,1867.85299824868
53.0590000000002,1864.2137626713
53.0600000000002,1859.09243273494
53.0610000000001,1852.40925989987
53.0620000000001,1844.20093097406
53.0630000000001,1834.55963365539
53.0640000000001,1821.60179482543
53.0650000000001,1806.32395477708
53.066,1790.38712882027
53.067,1774.40445905525
53.0680000000002,1758.90611130476
53.0690000000002,1744.24507569832
53.0700000000002,1728.43702254985
53.0710000000001,1712.40317076165
53.0720000000001,1697.49381186336
53.0730000000001,1683.9507379922
53.0740000000001,1671.94475663005
53.075,1661.54926390489
53.076,1651.22578665236
53.0770000000002,1641.77390676126
53.0780000000002,1633.89958143203
53.0790000000002,1627.41413253607
53.0800000000002,1622.03268211813
53.0810000000001,1617.44044164961
53.0820000000001,1612.59588608292
53.0830000000001,1608.12599128788
53.0840000000001,1604.19909537911
53.085,1600.44757799326
53.086,1596.49447775821
53.0870000000002,1592.0594678402
53.0880000000002,1586.35096269742
53.0890000000002,1580.34569916257
53.0900000000001,1574.56581468467
53.0910000000001,1569.07427699774
53.0920000000001,1563.88363866076
53.0930000000001,1558.99190525701
53.0940000000001,1553.70308141642
53.095,1548.99181580926
53.096,1545.18400387404
53.0970000000002,1542.10334775041
53.0980000000002,1539.56709278819
53.0990000000002,1537.51148296602
53.1000000000001,1535.01356764269
53.1010000000001,1533.52557747233
53.1020000000001,1534.02237956182
53.1030000000001,1536.90228233379
53.104,1542.37819724922
53.105,1550.45259523645
53.1060000000002,1559.41780726009
53.1070000000002,1570.41917319448
53.1080000000002,1584.26758080491
53.1090000000002,1601.55271740184
53.1100000000001,1623.41501247538
53.1110000000001,1651.6520431669
53.1120000000001,1687.02925384189
53.1130000000001,1733.74912598365
53.114,1795.45832709183
53.115,1874.70753695136
53.1160000000002,1972.96962278831
53.1170000000002,2090.18687211067
53.1180000000002,2222.95199891755
53.1190000000001,2368.95582079019
53.1200000000001,2523.56744332062
53.1210000000001,2680.37403974471
53.1220000000001,2832.19391884609
53.123,2971.60810087527
53.124,3089.88414967923
53.125,3181.71341858768
53.1260000000002,3241.64407058558
53.1270000000002,3264.3683153792
53.1280000000002,3245.20721808083
53.1290000000001,3180.26126031126
53.1300000000001,3065.21129823748
53.1310000000001,2900.3641671225
53.1320000000001,2687.53173330812
53.133,2431.00915953399
53.134,2138.41385374814
53.1350000000002,1820.71899129561
53.1360000000002,1490.20139337465
53.1370000000002,1163.95848594139
53.1380000000001,858.494628015751
53.1390000000001,588.330242566597
53.1400000000001,364.585808794159
53.1410000000001,193.556813585281
53.1420000000001,74.3968989949382
53.143,3.8122250392344
53.144,-26.9431999195665
53.1450000000002,-29.8652905756902
53.1460000000002,-17.758576233406
53.1470000000002,-2.08299440414477
53.1480000000001,7.31229722207912
53.1490000000001,7.99808207348795
53.1500000000001,1.22669353928324
53.1510000000001,-7.98478790267749
53.152,-11.8184314733356
53.153,-1.36872460765836
53.1540000000002,29.9785280152229
53.1550000000002,89.7194251851868
53.1560000000002,180.99626293549
53.1570000000002,302.920263065442
53.1580000000001,451.084528836731
53.1590000000001,618.323468796715
53.1600000000001,794.203867635493
53.1610000000001,971.031311188108
53.162,1140.58771039598
53.163,1295.75168501484
53.1640000000002,1431.19028186927
53.1650000000002,1543.47076376532
53.1660000000002,1629.29651242784
53.1670000000001,1690.18736177593
53.1680000000001,1727.64184894674
53.1690000000001,1743.79553623201
53.1700000000001,1741.41029750902
53.171,1723.69331086605
53.172,1692.44332598108
53.173,1653.14880387822
53.1740000000002,1609.9220458337
53.1750000000002,1566.40425422585
53.1760000000002,1525.73917413428
53.1770000000001,1490.35696915428
53.1780000000001,1459.88350526925
53.1790000000001,1437.18660801561
53.1800000000001,1422.51811184111
53.181,1415.17539440492
53.182,1413.9595188541
53.1830000000002,1417.44353167029
53.1840000000002,1421.84568868511
53.1850000000002,1428.83060319349
53.1860000000001,1437.80631714457
53.1870000000001,1448.0878851947
53.1880000000001,1459.12136266578
53.1890000000001,1470.45235075534
53.1900000000001,1479.1970184791
53.191,1488.04467027379
53.192,1496.88038619703
53.1930000000002,1505.21160240085
53.1940000000002,1512.45533752071
53.1950000000002,1518.05610505624
53.1960000000001,1519.69852547254
53.1970000000001,1519.3009715617
53.1980000000001,1517.18740690004
53.1990000000001,1513.7114152212
53.2,1509.2991263785
53.201,1504.38590598777
53.2020000000002,1498.16202430816
53.2030000000002,1491.99301976137
53.2040000000002,1486.54365869869
53.2050000000002,1482.40983422022
53.2060000000001,1480.04177318076
53.2070000000001,1479.64171057621
53.2080000000001,1479.95455652876
53.2090000000001,1481.56265632187
53.21,1484.29763370988
53.211,1487.92860415098
53.2120000000002,1492.1713780894
53.2130000000002,1496.67591480151
53.2140000000002,1499.8448145158
53.2150000000001,1502.27387334814
53.2160000000001,1504.0012596243
53.2170000000001,1505.21483589903
53.2180000000001,1506.16746484706
53.2190000000001,1507.05509623288
53.22,1506.5185778655
53.221,1506.05052158848
53.2220000000002,1505.900564
53.2230000000002,1506.27055545435
53.2240000000002,1507.28766974495
53.2250000000001,1508.91190099789
53.2260000000001,1509.21112598984
53.2270000000001,1510.16062069953
53.2280000000001,1511.78176470592
53.229,1514.02119214286
53.23,1516.77459396455
53.2310000000002,1519.8010478502
53.2320000000002,1521.07185518572
53.2330000000002,1522.66072855362
53.2340000000002,1524.63745003024
53.2350000000001,1527.02008272458
53.2360000000001,1529.78040854634
53.2370000000001,1532.72322511859
53.2380000000001,1534.01740421975
53.239,1535.58164374534
53.24,1537.52610687145
53.2410000000002,1539.90958657404
53.2420000000002,1542.72907552209
53.2430000000002,1545.76074852361
53.2440000000001,1547.21072828313
53.2450000000001,1548.87029293657
53.2460000000001,1550.78614865732
53.2470000000001,1552.96877279552
53.248,1555.39690103985
53.249,1557.83834142528
53.25,1558.60280963105
53.2510000000002,1559.59311001677
53.2520000000002,1560.97026247632
53.2530000000002,1562.85437971642
53.2540000000001,1565.31036665099
53.2550000000001,1568.12225294116
53.2560000000001,1569.64319143241
53.2570000000001,1571.72433992235
53.258,1574.41974725345
53.259,1577.70790773522
53.2600000000002,1581.50115427828
53.2610000000002,1585.41818855844
53.2620000000002,1587.77369084976
53.2630000000001,1590.33726076391
53.2640000000001,1593.17607707332
53.2650000000001,1596.33789906759
53.2660000000001,1599.84649358025
53.2670000000001,1603.42817685956
53.268,1605.59787409099
53.269,1608.19451759575
53.2700000000002,1611.3600498375
53.2710000000002,1615.16852610087
53.2720000000002,1619.61665493965
53.2730000000001,1624.32571467275
53.2740000000001,1627.756881807
53.2750000000001,1631.58926999995
53.2760000000001,1635.81988484952
53.277,1640.39351516056
53.278,1645.21103184793
53.2790000000002,1649.8160752165
53.2800000000002,1652.73536861375
53.2810000000002,1655.65393320611
53.2820000000002,1658.62915940035
53.2830000000001,1661.67862834745
53.2840000000001,1664.77604076129
53.2850000000001,1667.50153465071
53.2860000000001,1668.4926801538
53.287,1669.46126833292
53.288,1670.51562432864
53.2890000000002,1671.73382085011
53.2900000000002,1673.16501723333
53.2910000000002,1674.44974660396
53.2920000000001,1674.37600051032
53.2930000000001,1674.73664777346
53.2940000000001,1675.71298476054
53.2950000000001,1677.4129914313
53.296,1679.85582855986
53.297,1682.54767585177
53.298,1684.14425255853
53.2990000000002,1686.22281233188
53.3000000000002,1688.72180828271
53.3010000000002,1691.50630939276
53.3020000000001,1694.38372078458
53.3030000000001,1696.67122688592
53.3040000000001,1696.98852781426
53.3050000000001,1696.96149457813
53.306,1696.68001806319
53.307,1696.25195148783
53.3080000000002,1695.78969064506
53.3090000000002,1694.89940041933
53.3100000000002,1692.54099686081
53.3110000000001,1690.59072393152
53.3120000000001,1689.29180847508
53.3130000000001,1688.78425954855
53.3140000000001,1689.0850993506
53.3150000000001,1689.55286083743
53.316,1688.89841904333
53.317,1688.68747341678
53.3180000000002,1688.88388228169
53.3190000000002,1689.42367143728
53.3200000000002,1690.22626183701
53.3210000000001,1690.63212269563
53.3220000000001,1689.52274645726
53.3230000000001,1688.62306538731
53.3240000000001,1688.07355850332
53.325,1687.93601449622
53.326,1688.16358700037
53.3270000000002,1687.99215294472
53.3280000000002,1686.20530238056
53.3290000000002,1684.27533810755
53.3300000000002,1682.12535571945
53.3310000000001,1679.68192557611
53.3320000000001,1676.90806356523
53.3330000000001,1673.20021441168
53.3340000000001,1667.7797784332
53.335,1662.57848374881
53.336,1658.04179771601
53.3370000000002,1654.55377421119
53.3380000000002,1652.37239106803
53.3390000000002,1650.92459592886
53.3400000000001,1649.30366060596
53.3410000000001,1648.97887350861
53.3420000000001,1649.79147643102
53.3430000000001,1651.47069614143
53.3440000000001,1653.69703189533
53.345,1655.4803230639
53.346,1655.86462667529
53.3470000000002,1656.46681293869
53.3480000000002,1657.54704478739
53.3490000000002,1659.41301406699
53.3500000000001,1662.36233582
53.3510000000001,1665.9041400358
53.3520000000001,1669.48333517946
53.3530000000001,1674.75263065798
53.354,1681.75905189243
53.355,1690.36082385848
53.3560000000002,1700.25603016482
53.3570000000002,1710.28454621172
53.3580000000002,1719.39308392174
53.3590000000002,1728.80828812019
53.3600000000001,1738.39762857705
53.3610000000001,1748.07118320093
53.3620000000001,1757.77938665233
53.3630000000001,1766.71730593646
53.364,1774.34204927249
53.365,1782.28317440413
53.3660000000002,1790.7379088642
53.3670000000002,1799.80753628106
53.3680000000002,1809.47727409978
53.3690000000001,1818.79245680802
53.3700000000001,1827.03466278461
53.3710000000001,1835.50477743969
53.3720000000001,1844.06300974111
53.373,1852.48672746943
53.374,1860.487668566
53.375,1866.87827087997
53.3760000000002,1870.90380537104
53.3770000000002,1873.88249066503
53.3780000000002,1875.8346841438
53.3790000000001,1876.81074088046
53.3800000000001,1876.8833832212
53.3810000000001,1875.24391234153
53.3820000000001,1871.62103751158
53.383,1867.68704421178
53.384,1863.75812560512
53.3850000000002,1860.06227070945
53.3860000000002,1856.71483388902
53.3870000000002,1852.78726787542
53.3880000000001,1847.8794306017
53.3890000000001,1843.37643590021
53.3900000000001,1839.32280721036
53.3910000000001,1835.70968231132
53.3920000000001,1832.48866241259
53.393,1828.63402225569
53.394,1823.83456772405
53.3950000000002,1819.53670974262
53.3960000000002,1815.91988987915
53.3970000000002,1813.10405147684
53.3980000000001,1811.12164651042
53.3990000000001,1808.92905980855
53.4000000000001,1806.19353842246
53.4010000000001,1804.14594627553
53.402,1802.73893760482
53.403,1801.85089823768
53.4040000000002,1801.30268451813
53.4050000000002,1799.87361512425
53.4060000000002,1797.25562061332
53.4070000000002,1794.7361410819
53.4080000000001,1792.45305804748
53.4090000000001,1790.54576824234
53.4100000000001,1789.12667830478
53.4110000000001,1787.20041531418
53.412,1784.72195718165
53.413,1783.0676529757
53.4140000000002,1782.36010374125
53.4150000000002,1782.60766990809
53.4160000000002,1783.70166206027
53.4170000000001,1784.33292869663
53.4180000000001,1784.27137276169
53.4190000000001,1784.68635097488
53.4200000000001,1785.60863707535
53.421,1787.08449438819
53.422,1789.17342766838
53.423,1790.78877042676
53.4240000000002,1792.10368440494
53.4250000000002,1794.58305167225
53.4260000000002,1798.46835739956
53.4270000000001,1803.86297203794
53.4280000000001,1810.69440003367
53.4290000000001,1817.5011474963
53.4300000000001,1824.05334959404
53.431,1831.22687870632
53.432,1838.67261979409
53.4330000000002,1845.9882503044
53.4340000000002,1852.76938291507
53.4350000000002,1857.39862480338
53.4360000000001,1859.89610604479
53.4370000000001,1861.55754428975
53.4380000000001,1862.64447186376
53.4390000000001,1863.45883686962
53.4400000000001,1864.28572509738
53.441,1864.02111255858
53.442,1863.12256309064
53.4430000000002,1862.99560848906
53.4440000000002,1863.77447668379
53.4450000000002,1865.41488469876
53.4460000000001,1867.70437435024
53.4470000000001,1868.94297268863
53.4480000000001,1869.1232374163
53.4490000000001,1869.20271552665
53.45,1869.07708743813
53.451,1868.66458748471
53.4520000000002,1867.91133544222
53.4530000000002,1865.406021372
53.4540000000002,1861.64549648598
53.4550000000002,1858.0538544091
53.4560000000001,1855.02830497306
53.4570000000001,1852.92960596547
53.4580000000001,1852.03773852242
53.4590000000001,1851.08377731155
53.46,1850.6536196015
53.461,1852.00652089103
53.4620000000002,1855.24633114047
53.4630000000002,1860.3035574695
53.4640000000002,1866.92445451099
53.4650000000001,1873.22983635355
53.4660000000001,1879.28728645091
53.4670000000001,1885.78442794555
53.4680000000001,1892.42121510578
53.4690000000001,1898.90255429725
53.47,1904.95960848647
53.471,1908.89745685889
53.4720000000002,1911.23844073075
53.4730000000002,1913.13596179738
53.4740000000002,1914.84913988442
53.4750000000001,1916.60742747688
53.4760000000001,1918.55655145496
53.4770000000001,1919.2206730101
53.4780000000001,1919.26827813648
53.479,1919.73699082918
53.48,1920.69422591841
53.4810000000002,1922.13743553465
53.4820000000002,1924.0110308087
53.4830000000002,1924.71695598391
53.4840000000002,1924.99931564558
53.4850000000001,1925.95846827179
53.4860000000001,1927.8455512229
53.4870000000001,1930.86943623815
53.4880000000001,1935.1564442322
53.489,1939.20443594592
53.49,1943.81832409796
53.4910000000002,1949.89709836
53.4920000000002,1957.41251455516
53.4930000000002,1966.21393269642
53.4940000000001,1976.03874954071
53.4950000000001,1984.98287096103
53.4960000000001,1993.62433034211
53.4970000000001,2002.5892299983
53.498,2011.67860310214
53.499,2020.64101444257
53.5,2029.17735886472
53.5010000000002,2035.37960258221
53.5020000000002,2040.00045657658
53.5030000000002,2043.82428285674
53.5040000000001,2046.95266168667
53.5050000000001,2049.55864832635
53.5060000000001,2051.88596648024
53.5070000000001,2052.62209325594
53.508,2053.23828355591
53.509,2055.05909375649
53.5100000000002,2058.5787304623
53.5110000000002,2064.08369363347
53.5120000000002,2071.58132994709
53.5130000000001,2079.11764822258
53.5140000000001,2087.29480706578
53.5150000000001,2096.23678531327
53.5160000000001,2105.19295598076
53.5170000000001,2113.31019817897
53.518,2119.74246320222
53.519,2122.07831156346
53.5200000000002,2121.09749603267
53.5210000000002,2117.55046450106
53.5220000000002,2111.81948661188
53.5230000000001,2104.51428374631
53.5240000000001,2096.38400908359
53.5250000000001,2086.44841035574
53.5260000000001,2076.80199634101
53.527,2068.95839057861
53.528,2063.53247666036
53.5290000000002,2060.79135182041
53.5300000000002,2060.61683352655
53.5310000000002,2060.54859759258
53.5320000000002,2061.34046006794
53.5330000000001,2063.04788050105
53.5340000000001,2064.97648398689
53.5350000000001,2066.38575885708
53.5360000000001,2066.54123565828
53.537,2062.43411635294
53.538,2055.30953188334
53.5390000000002,2046.05020040243
53.5400000000002,2035.08115936042
53.5410000000002,2022.96088872962
53.5420000000001,2010.25774623443
53.5430000000001,1994.6316858911
53.5440000000001,1978.50643786999
53.5450000000001,1963.51988606151
53.546,1950.45669942171
53.547,1939.86070635688
53.548,1931.91527724628
53.5490000000002,1923.80926638503
53.5500000000002,1916.9849077745
53.5510000000002,1911.81070892351
53.5520000000001,1907.95139204574
53.5530000000001,1905.0853918229
53.5540000000001,1902.96081516052
53.5550000000001,1899.73799171321
53.556,1896.97128615309
53.557,1895.21603195071
53.5580000000002,1894.50329680794
53.5590000000002,1894.72166670896
53.5600000000002,1895.6172721499
53.5610000000001,1895.90942747924
53.5620000000001,1896.44253235554
53.5630000000001,1896.94225461741
53.5640000000001,1896.86014272845
53.5650000000001,1895.83420833504
53.566,1893.86425877979
53.567,1890.51330167202
53.5680000000002,1887.85288156733
53.5690000000002,1886.91057649976
53.5700000000002,1888.22814195955
53.5710000000001,1891.93638110991
53.5720000000001,1897.69186477044
53.5730000000001,1903.26498607843
53.5740000000001,1909.31065990693
53.575,1915.14204448402
53.576,1919.95018606349
53.5770000000002,1923.39490202284
53.5780000000002,1925.81234834748
53.5790000000002,1926.12986250516
53.5800000000002,1928.19639996015
53.5810000000001,1934.62698631866
53.5820000000001,1947.52293068653
53.5830000000001,1968.38516280691
53.5840000000001,1997.80120399994
53.585,2033.06639773401
53.586,2075.2635090601
53.5870000000002,2123.41468853932
53.5880000000002,2176.32596739184
53.5890000000002,2233.44147966961
53.5900000000001,2295.23490349814
53.5910000000001,2361.15895456665
53.5920000000001,2436.07515287963
53.5930000000001,2523.51991929329
53.5940000000001,2626.28701483969
53.595,2745.76947423677
53.596,2881.13802009716
53.5970000000002,3026.64049462969
53.5980000000002,3178.21663761327
53.5990000000002,3327.55005490247
53.6000000000001,3464.42190498891
53.6010000000001,3578.0427273786
53.6020000000001,3658.26328117511
53.6030000000001,3694.47585591019
53.604,3683.29721185686
53.605,3622.50360561104
53.6060000000002,3512.69373506536
53.6070000000002,3357.09513942559
53.6080000000002,3160.92680698543
53.6090000000002,2928.46143585586
53.6100000000001,2669.2269778976
53.6110000000001,2390.93731977791
53.6120000000001,2100.95643610717
53.6130000000001,1806.33800709221
53.614,1513.83835002738
53.615,1227.73452975766
53.6160000000002,956.82465058342
53.6170000000002,707.597364925764
53.6180000000002,485.908563140481
53.6190000000001,296.792931543235
53.6200000000001,144.139833812387
53.6210000000001,28.1578080958025
53.6220000000001,-47.5879223523158
53.623,-83.1011586991853
53.624,-79.7338453673466
53.625,-39.8279794534352
53.6260000000002,33.579302048988
53.6270000000002,134.68751817198
53.6280000000002,262.383412061581
53.6290000000001,413.072171528758
53.6300000000001,582.756735290808
53.6310000000001,766.925934781199
53.6320000000001,960.413487611141
53.633,1155.01982473697
53.634,1347.06789358519
53.6350000000002,1530.30928361971
53.6360000000002,1698.67516603896
53.6370000000002,1846.78850658969
53.6380000000001,1970.4071990026
53.6390000000001,2064.59005214482
53.6400000000001,2131.15479918135
53.6410000000001,2171.36384349258
53.6420000000001,2188.00225499797
53.643,2184.98866427147
53.644,2166.7991940952
53.6450000000002,2135.84024091263
53.6460000000002,2099.20578806007
53.6470000000002,2060.9907800015
53.6480000000001,2024.43411913063
53.6490000000001,1991.86616711524
53.6500000000001,1964.62828053669
53.6510000000001,1941.09011068983
53.652,1924.27219337108
53.653,1914.1316967729
53.6540000000002,1910.19999089579
53.6550000000002,1911.67973217084
53.6560000000002,1917.32888434648
53.6570000000002,1923.38848922474
53.6580000000001,1931.81087363208
53.6590000000001,1941.48454268262
53.6600000000001,1951.27680998379
53.6610000000001,1960.18958249927
53.662,1967.21906752124
53.663,1969.26043802849
53.6640000000002,1970.06420172643
53.6650000000002,1970.06069811505
53.6660000000002,1969.7137171076
53.6670000000001,1969.49358638094
53.6680000000001,1969.53979887064
53.6690000000001,1967.76024985205
53.6700000000001,1967.71587597557
53.671,1969.60250962469
53.672,1973.27492809205
53.673,1978.33728452282
53.6740000000002,1984.01386808173
53.6750000000002,1987.90493633987
53.6760000000002,1991.7295607597
53.6770000000001,1995.43780220803
53.6780000000001,1999.06843439294
53.6790000000001,2002.68752101685
53.6800000000001,2006.13676490323
53.681,2007.94111840791
53.682,2009.26677060167
53.6830000000002,2010.34586629697
53.6840000000002,2011.41114300879
53.6850000000002,2012.60165148176
53.6860000000001,2013.69905123009
53.6870000000001,2013.15896562067
53.6880000000001,2011.9289593186
53.6890000000001,2010.15623891231
53.6900000000001,2008.10083510763
53.691,2006.06528130882
53.692,2004.02186933415
53.6930000000002,2000.60682959613
53.6940000000002,1997.74646235302
53.6950000000002,1995.84444167954
53.6960000000001,1995.23122264827
53.6970000000001,1996.10216092706
53.6980000000001,1998.04755186585
53.6990000000001,1999.15047322871
53.7,2001.51688627596
53.701,2005.00705347441
53.7020000000002,2009.38665489197
53.7030000000002,2014.38423215818
53.7040000000002,2019.2579163259
53.7050000000002,2022.08476340668
53.7060000000001,2025.26806813591
53.7070000000001,2029.01845450822
53.7080000000001,2033.50469214468
53.7090000000001,2038.81078996566
53.71,2044.39755010885
53.711,2048.48460034659
53.7120000000002,2053.17896318714
53.7130000000002,2058.40977403614
53.7140000000002,2063.99638757821
53.7150000000001,2069.67944330458
53.7160000000001,2074.61899130667
53.7170000000001,2076.9711826832
53.7180000000001,2078.83445090161
53.7190000000001,2080.33790331257
53.72,2081.61872461482
53.721,2082.78862789428
53.7220000000002,2083.31992192661
53.7230000000002,2081.72496498329
53.7240000000002,2080.31756253077
53.7250000000001,2079.36077093065
53.7260000000001,2079.08035845214
53.7270000000001,2079.6753382921
53.7280000000001,2080.70201884245
53.729,2080.91789061345
53.73,2082.77509017616
53.7310000000002,2086.66577998311
53.7320000000002,2092.82228383079
53.7330000000002,2101.25431634732
53.7340000000002,2111.05122916881
53.7350000000001,2120.38640116337
53.7360000000001,2130.81883266393
53.7370000000001,2141.80402259502
53.7380000000001,2152.70381587008
53.739,2162.87461330871
53.74,2171.05428310748
53.7410000000002,2175.59650403821
53.7420000000002,2178.55694205442
53.7430000000002,2180.2474916651
53.7440000000001,2181.08968049486
53.7450000000001,2181.53473682296
53.7460000000001,2181.24048072088
53.7470000000001,2179.32503931672
53.748,2178.16644285276
53.749,2178.0653598519
53.75,2179.12673153948
53.7510000000002,2181.28035318715
53.7520000000002,2183.53797766301
53.7530000000002,2184.51602791518
53.7540000000001,2186.12669199563
53.7550000000001,2188.40445892809
53.7560000000001,2191.35668663146
53.7570000000001,2194.94387010588
53.758,2198.24711718069
53.759,2200.08721290163
53.7600000000002,2202.40281636751
53.7610000000002,2205.26082901042
53.7620000000002,2208.67247368807
53.7630000000001,2212.60632162276
53.7640000000001,2216.15656588017
53.7650000000001,2218.34443105762
53.7660000000001,2221.23009890697
53.7670000000001,2225.05919284522
53.768,2229.99321147778
53.769,2236.06801328973
53.7700000000002,2242.27197908616
53.7710000000002,2247.49649869709
53.7720000000002,2253.46357891836
53.7730000000001,2260.02089248164
53.7740000000001,2266.92941031646
53.7750000000001,2273.89946479653
53.7760000000001,2279.67646628989
53.777,2283.1985959487
53.778,2286.3398278373
53.7790000000002,2289.22289022067
53.7800000000002,2291.93030689473
53.7810000000002,2294.46191812459
53.7820000000002,2295.69994864832
53.7830000000001,2294.71421402961
53.7840000000001,2293.35319318178
53.7850000000001,2291.67007242734
53.7860000000001,2289.69539866696
53.787,2287.46120100771
53.788,2283.9454439811
53.7890000000002,2278.56291206308
53.7900000000002,2273.56381452212
53.7910000000002,2269.43022912856
53.7920000000001,2266.53848843421
53.7930000000001,2265.08324411115
53.7940000000001,2263.90852333657
53.7950000000001,2262.17346591992
53.796,2261.56576728796
53.797,2261.93827826962
53.798,2263.09152229618
53.7990000000002,2264.83598753846
53.8000000000002,2265.87152882112
53.8010000000002,2265.67387721247
53.8020000000001,2266.37988202132
53.8030000000001,2268.43008811862
53.8040000000001,2272.16148603271
53.8050000000001,2277.69802021884
53.806,2283.6566034523
53.807,2289.1557971771
53.8080000000002,2295.48723660409
53.8090000000002,2302.04908867155
53.8100000000002,2308.10546461265
53.8110000000001,2312.90113817378
53.8120000000001,2314.52103183183
53.8130000000001,2312.20001481551
53.8140000000001,2307.77410672213
53.8150000000001,2301.68592084344
53.816,2294.53906332204
53.817,2286.99102379389
53.8180000000002,2278.34986911669
53.8190000000002,2268.87296136304
53.8200000000002,2260.84175558086
53.8210000000001,2254.73066237695
53.8220000000001,2250.79411233908
53.8230000000001,2249.08855089416
53.8240000000001,2248.1784874822
53.825,2247.73486911653
53.826,2249.41785349487
53.8270000000002,2253.24404588957
53.8280000000002,2259.11219905522
53.8290000000002,2266.77777050139
53.8300000000002,2274.46792853099
53.8310000000001,2281.65240479349
53.8320000000001,2289.69029242738
53.8330000000001,2298.41082150034
53.8340000000001,2307.69169249625
53.835,2317.50309926639
53.836,2326.49692102255
53.8370000000002,2334.93348156835
53.8380000000002,2344.94392772697
53.8390000000002,2357.08705975602
53.8400000000001,2371.71334237409
53.8410000000001,2388.84647251104
53.8420000000001,2406.63300876946
53.8430000000001,2424.46660517854
53.8440000000001,2443.10799421287
53.845,2461.61388817269
53.846,2478.94017403548
53.8470000000002,2494.09436047786
53.8480000000002,2504.76591445142
53.8490000000002,2510.70811034097
53.8500000000001,2513.57119469085
53.8510000000001,2513.87165206874
53.8520000000001,2512.30284980129
53.8530000000001,2509.60152871032
53.854,2504.87548957815
53.855,2498.93758621605
53.8560000000002,2493.79658944789
53.8570000000002,2489.82723365261
53.8580000000002,2487.15177271913
53.8590000000002,2485.68812279575
53.8600000000001,2483.62543819518
53.8610000000001,2481.11801232613
53.8620000000001,2479.63250599923
53.8630000000001,2479.29351487178
53.864,2480.18325148348
53.865,2482.28814429854
53.8660000000002,2483.79907713025
53.8670000000002,2484.90942046263
53.8680000000002,2486.84432464023
53.8690000000001,2489.35611459302
53.8700000000001,2492.05756088305
53.8710000000001,2494.47108796784
53.8720000000001,2494.38952339404
53.873,2491.98806882212
53.874,2488.63186425495
53.875,2484.52853603109
53.8760000000002,2479.98126229121
53.8770000000002,2475.33784080615
53.8780000000002,2469.188916416
53.8790000000001,2462.49602728332
53.8800000000001,2457.04835846878
53.8810000000001,2453.22230255437
53.8820000000001,2451.16496110341
53.883,2450.77632604542
53.884,2449.95959687884
53.8850000000002,2448.99760807909
53.8860000000002,2448.89860501156
53.8870000000002,2449.45370631147
53.8880000000001,2450.45323024365
53.8890000000001,2451.70956223976
53.8900000000001,2451.25254980521
53.8910000000001,2449.843709578
53.8920000000001,2448.95201241399
53.893,2448.86901558311
53.894,2449.78227104893
53.8950000000002,2451.71256151124
53.8960000000002,2452.6108722662
53.8970000000002,2453.08764984684
53.8980000000001,2454.13353803507
53.8990000000001,2455.49717879866
53.9000000000001,2456.84621734018
53.9010000000001,2457.82282628572
53.902,2456.17635886529
53.903,2452.77504306736
53.9040000000002,2448.98590969513
53.9050000000002,2445.1632573067
53.9060000000002,2441.68308639828
53.9070000000002,2438.87953160321
53.9080000000001,2434.98094743919
53.9090000000001,2431.33344262224
53.9100000000001,2429.36512697354
53.9110000000001,2429.24071514414
53.912,2430.93467480778
53.913,2434.25338446201
53.9140000000002,2436.80306231499
53.9150000000002,2439.52720323133
53.9160000000002,2443.4373350443
53.9170000000001,2448.45212188347
53.9180000000001,2454.42375958849
53.9190000000001,2461.12410558103
53.9200000000001,2466.12607290065
53.921,2470.47737713615
53.922,2475.15754193503
53.923,2480.09458825291
53.9240000000002,2485.16373680723
53.9250000000002,2490.19843859193
53.9260000000002,2492.86031469558
53.9270000000001,2494.47600301031
53.9280000000001,2496.21575025318
53.9290000000001,2498.26562204032
53.9300000000001,2500.73505305501
53.931,2503.62271143102
53.932,2504.599883374
53.9330000000002,2505.04342332048
53.9340000000002,2505.93459155397
53.9350000000002,2507.24542094501
53.9360000000001,2508.85901402968
53.9370000000001,2510.59021271704
53.9380000000001,2509.9564292126
53.9390000000001,2508.44462366649
53.9400000000001,2507.13797023653
53.941,2506.23978101502
53.942,2505.90021039226
53.9430000000002,2506.17424912594
53.9440000000002,2504.71523062301
53.9450000000002,2503.11954778767
53.9460000000001,2502.30881272519
53.9470000000001,2502.25657434946
53.9480000000001,2502.80535363447
53.9490000000001,2503.68271624319
53.95,2502.2331947541
53.951,2499.94856078874
53.9520000000002,2497.63088250818
53.9530000000002,2495.31772530636
53.9540000000002,2493.03894229694
53.9550000000002,2490.80246510143
53.9560000000001,2486.23980373521
53.9570000000001,2481.28088819969
53.9580000000001,2477.00256784019
53.9590000000001,2473.70401218426
53.96,2471.60345350882
53.961,2470.81586555036
53.9620000000002,2468.95688975985
53.9630000000002,2467.99716177349
53.9640000000002,2468.83994275311
53.9650000000001,2471.58355266973
53.9660000000001,2476.18144699967
53.9670000000001,2482.42959004766
53.9680000000001,2487.59877741348
53.9690000000001,2493.33703903877
53.97,2500.09912181653
53.971,2507.62260006563
53.9720000000002,2515.56611783008
53.9730000000002,2523.52574491485
53.9740000000002,2528.70316949361
53.9750000000001,2532.83104625082
53.9760000000001,2536.41556025495
53.9770000000001,2539.37373677302
53.9780000000001,2541.59919978724
53.979,2542.96475412032
53.98,2540.94585305606
53.9810000000002,2537.72987558457
53.9820000000002,2534.1816745917
53.9830000000002,2530.66983816088
53.9840000000002,2527.58725987582
53.9850000000001,2525.3280977125
53.9860000000001,2521.80493183427
53.9870000000001,2519.70668250934
53.9880000000001,2520.0661135332
53.989,2523.18968628301
53.99,2529.08425617868
53.9910000000002,2537.4206655208
53.9920000000002,2545.06510049194
53.9930000000002,2553.57401327516
53.9940000000001,2562.65564309865
53.9950000000001,2571.45094491298
53.9960000000001,2579.09062801513
53.9970000000001,2584.80124906754
53.998,2585.49852908071
53.999,2583.41194271791
54,2579.23862660224
54.0010000000002,2573.45626654269
54.0020000000002,2566.65146037015
54.0030000000002,2559.42933625937
54.0040000000001,2549.79355860866
54.0050000000001,2540.8087972598
54.0060000000001,2533.44306475178
54.0070000000001,2528.06163063782
54.008,2524.7832781508
54.009,2523.50016218035
54.0100000000002,2521.30173651189
54.0110000000002,2520.53724424219
54.0120000000002,2521.40604504768
54.0130000000001,2523.67867955354
54.0140000000001,2527.01607937651
54.0150000000001,2530.96000795818
54.0160000000001,2532.0630711896
54.0170000000001,2532.66996271306
54.018,2532.81255483101
54.019,2532.15961572416
54.0200000000002,2530.30816799766
54.0210000000002,2526.78757105362
54.0220000000002,2517.76003281288
54.0230000000001,2506.18061232471
54.0240000000001,2492.60277434117
54.0250000000001,2477.45617338747
54.0260000000001,2461.25793863698
54.027,2444.52122218886
54.028,2423.87650091396
54.0290000000002,2403.52472851571
54.0300000000002,2384.72885967944
54.0310000000002,2368.40781421126
54.0320000000002,2355.24984488042
54.0330000000001,2345.58305035991
54.0340000000001,2335.79277941036
54.0350000000001,2329.08445638391
54.0360000000001,2325.43925866366
54.037,2324.45516539222
54.038,2325.59268308157
54.0390000000002,2328.23399234832
54.0400000000002,2329.50597592176
54.0410000000002,2331.50036513125
54.0420000000001,2333.82196048297
54.0430000000001,2335.91926630148
54.0440000000001,2337.25605832685
54.0450000000001,2337.39994305323
54.046,2334.82633710442
54.047,2331.45033713334
54.048,2327.22979563325
54.0490000000002,2322.07145053773
54.0500000000002,2315.97326948739
54.0510000000002,2309.11383686167
54.0520000000001,2300.53280286012
54.0530000000001,2292.89605650479
54.0540000000001,2286.68581279588
54.0550000000001,2282.13769911458
54.056,2279.25939317051
54.057,2277.83195627167
54.0580000000002,2275.40140347914
54.0590000000002,2274.43135285077
54.0600000000002,2274.74281856296
54.0610000000001,2276.12488550738
54.0620000000001,2278.45636189921
54.0630000000001,2281.70279643505
54.0640000000001,2283.44831992328
54.0650000000001,2287.57355157161
54.066,2295.2667761209
54.067,2307.81695591683
54.0680000000002,2326.523439067
54.0690000000002,2352.43788199776
54.0700000000002,2383.86872732268
54.0710000000001,2424.75488371105
54.0720000000001,2475.78574817407
54.0730000000001,2537.21490026193
54.0740000000001,2608.90252597235
54.075,2690.20618072689
54.076,2777.98494957587
54.0770000000002,2874.47309912288
54.0780000000002,2978.99663432404
54.0790000000002,3090.6532956522
54.0800000000002,3208.22893358186
54.0810000000001,3329.8093568692
54.0820000000001,3450.67606012021
54.0830000000001,3570.45339660134
54.0840000000001,3684.8672142337
54.085,3788.28845440815
54.086,3873.8511071386
54.0870000000002,3933.53538351116
54.0880000000002,3957.0315329407
54.0890000000002,3939.59883368519
54.0900000000001,3875.14758701445
54.0910000000001,3759.63271072976
54.0920000000001,3591.76863071006
54.0930000000001,3373.18302803027
54.0940000000001,3106.98374139491
54.095,2804.21159771604
54.096,2475.73483717196
54.0970000000002,2133.78072663747
54.0980000000002,1790.90277075182
54.0990000000002,1458.64558093702
54.1000000000001,1145.35826410821
54.1010000000001,862.113890273402
54.1020000000001,615.238374768294
54.1030000000001,408.801818926352
54.104,244.965184476912
54.105,124.087269307662
54.1060000000002,44.0175065543972
54.1070000000002,6.67721710234627
54.1080000000002,11.1809194494982
54.1090000000002,56.2009691216598
54.1100000000001,139.819734434313
54.1110000000001,258.883518591441
54.1120000000001,407.740371247896
54.1130000000001,583.972354175392
54.114,781.551562658857
54.115,993.319999079251
54.1160000000002,1211.36632402968
54.1170000000002,1427.09808362187
54.1180000000002,1630.959460885
54.1190000000001,1818.58492336582
54.1200000000001,1984.62977584396
54.1210000000001,2125.30615475937
54.1220000000001,2238.51943249737
54.123,2323.3567117666
54.124,2379.2110002866
54.125,2410.86946779217
54.1260000000002,2421.70198630133
54.1270000000002,2415.5133776113
54.1280000000002,2396.23220729617
54.1290000000001,2367.13323659678
54.1300000000001,2330.11417496972
54.1310000000001,2290.71560055917
54.1320000000001,2251.66921145014
54.133,2215.07507341196
54.134,2182.43457726879
54.1350000000002,2154.11297518051
54.1360000000002,2129.06397594241
54.1370000000002,2110.07995105156
54.1380000000001,2097.15492032529
54.1390000000001,2089.91313828857
54.1400000000001,2087.69698506817
54.1410000000001,2088.92677890682
54.1420000000001,2091.0574596066
54.143,2096.05199097334
54.144,2103.00238776227
54.1450000000002,2110.91507559506
54.1460000000002,2118.84677237222
54.1470000000002,2125.1733911916
54.1480000000001,2127.83086194589
54.1490000000001,2129.86261321368
54.1500000000001,2131.33080055301
54.1510000000001,2132.29333559172
54.152,2132.83053999777
54.153,2132.2267354666
54.1540000000002,2129.23553753168
54.1550000000002,2126.88916179827
54.1560000000002,2125.32526112281
54.1570000000002,2124.43424696725
54.1580000000001,2123.94190944231
54.1590000000001,2122.91836037286
54.1600000000001,2119.94176589535
54.1610000000001,2116.65433901028
54.162,2113.22509722826
54.163,2109.85646530484
54.1640000000002,2106.70811417375
54.1650000000002,2103.42354621557
54.1660000000002,2098.97525571495
54.1670000000001,2094.36448283682
54.1680000000001,2089.83821260169
54.1690000000001,2085.68376899447
54.1700000000001,2082.15533739882
54.171,2078.96448579347
54.172,2075.23419907649
54.173,2072.12225781529
54.1740000000002,2069.94343494554
54.1750000000002,2068.96686927951
54.1760000000002,2069.30593589565
54.1770000000001,2070.16984336701
54.1780000000001,2070.2753557028
54.1790000000001,2070.79703184286
54.1800000000001,2071.37015971455
54.181,2071.601767208
54.182,2071.14317365521
54.1830000000002,2068.88848964157
54.1840000000002,2063.90040960728
54.1850000000002,2058.43511229581
54.1860000000001,2052.96037685947
54.1870000000001,2047.96173084672
54.1880000000001,2043.88509105195
54.1890000000001,2040.16076839076
54.1900000000001,2036.22032917405
54.191,2034.26626287707
54.192,2034.37866613843
54.1930000000002,2036.38697728725
54.1940000000002,2039.92420653612
54.1950000000002,2043.58622109342
54.1960000000001,2046.14743561756
54.1970000000001,2049.1437460773
54.1980000000001,2052.4049893191
54.1990000000001,2055.78179150207
54.2,2059.14325278828
54.201,2061.42696520688
54.2020000000002,2061.88634273429
54.2030000000002,2062.36155565967
54.2040000000002,2062.96939845892
54.2050000000002,2063.74097501494
54.2060000000001,2064.62432130326
54.2070000000001,2064.51963485822
54.2080000000001,2062.73692059568
54.2090000000001,2061.08293045461
54.21,2059.70469329991
54.211,2058.72746887622
54.2120000000002,2058.25851082856
54.2130000000002,2057.37131613781
54.2140000000002,2055.68198468535
54.2150000000001,2055.14559432972
54.2160000000001,2056.02239327067
54.2170000000001,2058.44278452366
54.2180000000001,2062.39042669334
54.2190000000001,2066.65340821902
54.22,2070.55760941481
54.221,2075.55117498407
54.2220000000002,2081.39097974287
54.2230000000002,2087.71547530654
54.2240000000002,2094.08208233039
54.2250000000001,2098.94078980014
54.2260000000001,2101.54008466969
54.2270000000001,2103.29348820315
54.2280000000001,2104.15051009067
54.229,2104.10418499741
54.23,2103.19425869092
54.2310000000002,2100.40679182065
54.2320000000002,2095.6568663946
54.2330000000002,2090.86962020106
54.2340000000002,2086.47698714016
54.2350000000001,2082.83520248279
54.2360000000001,2080.19853227696
54.2370000000001,2077.57572944256
54.2380000000001,2074.84973439109
54.239,2073.6413050042
54.24,2074.00081524813
54.2410000000002,2075.81946288443
54.2420000000002,2078.84619478373
54.2430000000002,2081.56454334995
54.2440000000001,2083.49279125589
54.2450000000001,2085.84797828474
54.2460000000001,2088.44445330843
54.2470000000001,2091.08476822606
54.248,2093.58494400523
54.249,2094.62286874179
54.25,2094.12649619978
54.2510000000002,2093.66964956353
54.2520000000002,2093.50148951076
54.2530000000002,2093.82726712914
54.2540000000001,2094.77873617294
54.2550000000001,2095.17181330438
54.2560000000001,2095.03573066883
54.2570000000001,2095.80520334543
54.258,2097.47803435953
54.259,2099.90732831917
54.2600000000002,2102.8191617796
54.2610000000002,2104.56852020834
54.2620000000002,2104.911863535
54.2630000000001,2105.0402913114
54.2640000000001,2104.86864582761
54.2650000000001,2104.32713227351
54.2660000000001,2103.37010868746
54.2670000000001,2100.66449087502
54.268,2096.46301646784
54.269,2092.34837156313
54.2700000000002,2088.60620191473
54.2710000000002,2085.42860169984
54.2720000000002,2082.88727427068
54.2730000000001,2079.56587498875
54.2740000000001,2075.61376215395
54.2750000000001,2072.31889266527
54.2760000000001,2069.66204513638
54.277,2067.5485199719
54.278,2065.83064607741
54.2790000000002,2062.9102020848
54.2800000000002,2059.00536546438
54.2810000000002,2055.49780654731
54.2820000000002,2052.551527267
54.2830000000001,2050.2789422125
54.2840000000001,2048.71051639109
54.2850000000001,2046.30053431676
54.2860000000001,2043.36202299688
54.287,2041.16310427072
54.288,2039.69454814434
54.2890000000002,2038.85182824533
54.2900000000002,2038.4499589337
54.2910000000002,2036.74479390628
54.2920000000001,2034.02876904308
54.2930000000001,2031.49326543469
54.2940000000001,2029.15832965865
54.2950000000001,2026.98934536976
54.296,2024.88455006336
54.297,2021.15897048512
54.298,2016.23011340538
54.2990000000002,2011.26653870891
54.3000000000002,2006.31970394439
54.3010000000002,2001.42061577702
54.3020000000001,1996.60053469889
54.3030000000001,1990.38161488346
54.3040000000001,1983.58451597722
54.3050000000001,1977.72775397834
54.306,1973.29308134909
54.307,1970.71623948605
54.3080000000002,1970.33607953564
54.3090000000002,1970.78331962857
54.3100000000002,1972.87688429051
54.3110000000001,1977.75404658484
54.3120000000001,1985.29593036442
54.3130000000001,1995.12332670388
54.3140000000001,2006.62199079525
54.3150000000001,2017.40284300085
54.316,2027.45458791373
54.317,2037.16200475149
54.3180000000002,2045.98221711934
54.3190000000002,2053.4681189645
54.3200000000002,2059.31686609999
54.3210000000001,2061.77697131964
54.3220000000001,2061.87138237665
54.3230000000001,2061.07831621387
54.3240000000001,2060.03501259995
54.325,2059.38903476245
54.326,2059.72376957234
54.3270000000002,2059.84045886996
54.3280000000002,2061.06225201145
54.3290000000002,2064.68357226519
54.3300000000002,2070.86140560628
54.3310000000001,2079.49984133269
54.3320000000001,2090.27057728567
54.3330000000001,2100.97114755294
54.3340000000001,2112.05194527316
54.335,2123.94424686408
54.336,2136.15781426651
54.3370000000002,2148.15548842355
54.3380000000002,2159.38103418639
54.3390000000002,2167.57512899398
54.3400000000001,2173.42210329722
54.3410000000001,2177.64685023884
54.3420000000001,2180.23077258028
54.3430000000001,2181.21820790214
54.3440000000001,2180.7071749174
54.345,2177.09324472408
54.346,2171.78701750972
54.3470000000002,2166.0504633943
54.3480000000002,2160.30422606364
54.3490000000002,2154.84719414816
54.3500000000001,2149.81900567863
54.3510000000001,2143.41909516798
54.3520000000001,2136.7731455777
54.3530000000001,2130.62486444356
54.354,2124.87483867458
54.355,2119.34961483767
54.3560000000002,2113.84482423847
54.3570000000002,2106.37143679823
54.3580000000002,2098.1756378846
54.3590000000002,2090.20959219648
54.3600000000001,2082.76078539503
54.3610000000001,2076.10251424783
54.3620000000001,2070.44428161293
54.3630000000001,2064.06784609105
54.364,2058.39431351072
54.365,2054.24254184916
54.3660000000002,2051.60960318318
54.3670000000002,2050.32519106864
54.3680000000002,2050.07150937957
54.3690000000001,2048.58433621787
54.3700000000001,2046.8939334161
54.3710000000001,2045.46886429482
54.3720000000001,2044.177789688
54.373,2042.9096521314
54.374,2041.57065937999
54.375,2038.20039732867
54.3760000000002,2034.32447616809
54.3770000000002,2030.77545975422
54.3780000000002,2027.75568358771
54.3790000000001,2025.38987979049
54.3800000000001,2023.70448952091
54.3810000000001,2020.68899384143
54.3820000000001,2017.88402055168
54.383,2015.93755671225
54.384,2014.85913551685
54.3850000000002,2014.5824372465
54.3860000000002,2014.97590302753
54.3870000000002,2013.89011223927
54.3880000000001,2012.90053247824
54.3890000000001,2012.63719162927
54.3900000000001,2013.1686304707
54.3910000000001,2014.50487883908
54.3920000000001,2016.58045295288
54.393,2017.22162558933
54.394,2018.08056542477
54.3950000000002,2019.67266731405
54.3960000000002,2021.92074773026
54.3970000000002,2024.64451270514
54.3980000000001,2027.57028313781
54.3990000000001,2028.26096425242
54.4000000000001,2028.35251960992
54.4010000000001,2028.27826118355
54.402,2028.00868831258
54.403,2027.52538620804
54.4040000000002,2026.82350675462
54.4050000000002,2023.76320460613
54.4060000000002,2020.46191248519
54.4070000000002,2017.69210663025
54.4080000000001,2015.72375115227
54.4090000000001,2014.71751345915
54.4100000000001,2014.6977636897
54.4110000000001,2013.36439959168
54.412,2012.64261422371
54.413,2012.92520547865
54.4140000000002,2014.11102879165
54.4150000000002,2016.01517902878
54.4160000000002,2018.38759682904
54.4170000000001,2018.73412507179
54.4180000000001,2018.96423327804
54.4190000000001,2019.45220067289
54.4200000000001,2020.17941302322
54.421,2021.06474404185
54.422,2021.94842981801
54.423,2020.41012607974
54.4240000000002,2018.41041093278
54.4250000000002,2016.28319811143
54.4260000000002,2014.03689540373
54.4270000000001,2011.67978357509
54.4280000000001,2009.23197137869
54.4290000000001,2004.54626960695
54.4300000000001,1999.98098780167
54.431,1996.19669541107
54.432,1993.519391529
54.4330000000002,1992.15304333495
54.4340000000002,1992.13216104109
54.4350000000002,1991.07994350677
54.4360000000001,1991.03659784176
54.4370000000001,1992.09869122881
54.4380000000001,1994.01271962435
54.4390000000001,1996.45462969622
54.4400000000001,1999.07831824341
54.441,1999.34975867069
54.442,1999.42353681785
54.4430000000002,1999.64249946295
54.4440000000002,2000.19045095968
54.4450000000002,2001.24187303827
54.4460000000001,2002.91110929472
54.4470000000001,2003.02253395159
54.4480000000001,2003.91254156233
54.4490000000001,2005.82335690438
54.45,2008.69973114439
54.451,2012.36390584906
54.4520000000002,2016.54645135364
54.4530000000002,2018.74294125299
54.4540000000002,2021.11134520714
54.4550000000002,2023.76882934586
54.4560000000001,2026.71418855455
54.4570000000001,2029.94127238019
54.4580000000001,2033.42370773732
54.4590000000001,2034.90144363879
54.46,2036.82201491944
54.461,2039.41733439175
54.4620000000002,2042.74440334592
54.4630000000002,2046.76759646974
54.4640000000002,2051.36086271397
54.4650000000001,2054.10561989316
54.4660000000001,2057.33915826221
54.4670000000001,2061.08636164568
54.4680000000001,2065.23812274012
54.4690000000001,2069.60213833805
54.47,2073.90163620032
54.471,2075.5497712659
54.4720000000002,2076.78945631358
54.4730000000002,2077.46762596659
54.4740000000002,2077.3533583395
54.4750000000001,2076.18048647438
54.4760000000001,2073.6454520758
54.4770000000001,2067.35530769863
54.4780000000001,2059.78538274558
54.479,2051.2035357663
54.48,2041.95162208035
54.4810000000002,2032.45481935185
54.4820000000002,2023.12389387411
54.4830000000002,2012.34148502149
54.4840000000002,2003.14785889071
54.4850000000001,1996.16228702589
54.4860000000001,1991.75568829162
54.4870000000001,1990.00764073455
54.4880000000001,1990.56654223351
54.489,1990.66531684149
54.49,1992.22666159902
54.4910000000002,1994.64994134844
54.4920000000002,1997.21572310426
54.4930000000002,1999.1760879585
54.4940000000001,1999.65264505876
54.4950000000001,1995.456707421
54.4960000000001,1989.23382155234
54.4970000000001,1981.2764379476
54.498,1972.02916996168
54.499,1961.98342424795
54.5,1951.29988374165
54.5010000000002,1937.22313175074
54.5020000000002,1923.27382345234
54.5030000000002,1910.02112388405
54.5040000000001,1897.89657055065
54.5050000000001,1887.14611120833
54.5060000000001,1877.50864795192
54.5070000000001,1866.1563254151
54.508,1855.82002154391
54.509,1846.54310091442
54.5100000000002,1838.3354690767
54.5110000000002,1831.19689703005
54.5120000000002,1824.90681747308
54.5130000000001,1818.02306513853
54.5140000000001,1812.44764069786
54.5150000000001,1808.04488686718
54.5160000000001,1804.50453714466
54.5170000000001,1801.43840291693
54.518,1798.3334286723
54.519,1794.27153426651
54.5200000000002,1790.54703359053
54.5210000000002,1787.0396146881
54.5220000000002,1783.63097847825
54.5230000000001,1780.2840215409
54.5240000000001,1776.92556874274
54.5250000000001,1773.18805191804
54.5260000000001,1770.68388449775
54.527,1769.46593348363
54.528,1769.34487916247
54.5290000000002,1769.96042206491
54.5300000000002,1770.62099780366
54.5310000000002,1769.91677819074
54.5320000000002,1769.29241462962
54.5330000000001,1768.54866495471
54.5340000000001,1767.52453495392
54.5350000000001,1766.16942596907
54.5360000000001,1764.21884824505
54.537,1760.50554998826
54.538,1757.92895551996
54.5390000000002,1757.5850026841
54.5400000000002,1760.74271466025
54.5410000000002,1768.80664766565
54.5420000000001,1782.81743215027
54.5430000000001,1802.71642645859
54.5440000000001,1832.10731269819
54.5450000000001,1872.30886884491
54.546,1924.24713942308
54.547,1988.41740875006
54.548,2064.46081643286
54.5490000000002,2150.78166451286
54.5500000000002,2248.9043546414
54.5510000000002,2358.19118328069
54.5520000000001,2477.68533814113
54.5530000000001,2606.03879339582
54.5540000000001,2740.88110835796
54.5550000000001,2878.27519106369
54.556,3016.42619108691
54.557,3150.29629421364
54.5580000000002,3273.29345036752
54.5590000000002,3377.4141458723
54.5600000000002,3453.18422703766
54.5610000000001,3490.21435050009
54.5620000000001,3482.02883000841
54.5630000000001,3422.12297388692
54.5640000000001,3306.76098771455
54.5650000000001,3135.80122753582
54.566,2912.61692508635
54.567,2643.98063458249
54.5680000000002,2343.11680364912
54.5690000000002,2023.81932705519
54.5700000000002,1700.75947223153
54.5710000000001,1387.9918798076
54.5720000000001,1097.03592605275
54.5730000000001,835.891130673483
54.5740000000001,611.879495429148
54.575,427.005380723792
54.576,280.087364378397
54.5770000000002,167.666573533154
54.5780000000002,84.5703084525164
54.5790000000002,25.2419410249834
54.5800000000002,-12.101632856009
54.5810000000001,-29.3216735309781
54.5820000000001,-26.5876520353264
54.5830000000001,-2.61721289037173
54.5840000000001,44.1409233149078
54.585,115.010962251838
54.586,213.231559178828
54.5870000000002,338.895215708378
54.5880000000002,489.981788131657
54.5890000000002,662.176706779499
54.5900000000001,848.424097416956
54.5910000000001,1039.86263232137
54.5920000000001,1229.38037176554
54.5930000000001,1408.3165772989
54.5940000000001,1568.84946206664
54.595,1704.75033172435
54.596,1811.26467142015
54.5970000000002,1885.92415409051
54.5980000000002,1931.13173992115
54.5990000000002,1949.79343219729
54.6000000000001,1946.28293370094
54.6010000000001,1925.80891431402
54.6020000000001,1893.07842970809
54.6030000000001,1852.42024914872
54.604,1809.83398929818
54.605,1768.78621263036
54.6060000000002,1731.63400639795
54.6070000000002,1699.73525957541
54.6080000000002,1672.88508370145
54.6090000000002,1650.48901209814
54.6100000000001,1634.15795934194
54.6110000000001,1623.71891027009
54.6120000000001,1618.87701825109
54.6130000000001,1619.22634929605
54.614,1623.26779561163
54.615,1629.69024871405
54.6160000000002,1639.63278744351
54.6170000000002,1652.02292500215
54.6180000000002,1665.5550577827
54.6190000000001,1678.87724218685
54.6200000000001,1689.66391501123
54.6210000000001,1696.60751155289
54.6220000000001,1701.66606155955
54.623,1704.86506677528
54.624,1706.45033992657
54.625,1706.85439378067
54.6260000000002,1705.53994256713
54.6270000000002,1702.6651237956
54.6280000000002,1700.79545379146
54.6290000000001,1700.22604731716
54.6300000000001,1700.89401728642
54.6310000000001,1702.47411567265
54.6320000000001,1703.78047130475
54.633,1703.90645219217
54.634,1703.85702641783
54.6350000000002,1703.70625294165
54.6360000000002,1703.62388671073
54.6370000000002,1703.78622243327
54.6380000000001,1703.76612110132
54.6390000000001,1703.02140218029
54.6400000000001,1702.32343771595
54.6410000000001,1701.84313109052
54.6420000000001,1701.72162655138
54.643,1702.01850184055
54.644,1702.15351917048
54.6450000000002,1701.49500731208
54.6460000000002,1700.75399022071
54.6470000000002,1700.17476256994
54.6480000000001,1700.04517716633
54.6490000000001,1700.59692657488
54.6500000000001,1701.1886437707
54.6510000000001,1701.4069331936
54.652,1702.24345683391
54.653,1703.77341775759
54.6540000000002,1706.03477454033
54.6550000000002,1709.01450707918
54.6560000000002,1711.62934023989
54.6570000000002,1713.60742123051
54.6580000000001,1716.32076291669
54.6590000000001,1719.81612130886
54.6600000000001,1724.05954672964
54.6610000000001,1728.93362221687
54.662,1733.16850599826
54.663,1736.45316120876
54.6640000000002,1740.05045147513
54.6650000000002,1743.89068351322
54.6660000000002,1747.85267452604
54.6670000000001,1751.78281466778
54.6680000000001,1754.46630296257
54.6690000000001,1755.72413766315
54.6700000000001,1756.8871655968
54.671,1758.13296361085
54.672,1759.60768674411
54.673,1761.39196934728
54.6740000000002,1762.41022908714
54.6750000000002,1762.59074648932
54.6760000000002,1763.1694808115
54.6770000000001,1764.20391978436
54.6780000000001,1765.68088986642
54.6790000000001,1767.52356135695
54.6800000000001,1768.49095874332
54.681,1768.54157519129
54.682,1768.92635015887
54.6830000000002,1769.78527651437
54.6840000000002,1771.22718287808
54.6850000000002,1773.30784749363
54.6860000000001,1774.86580915724
54.6870000000001,1775.99986368854
54.6880000000001,1777.93780146236
54.6890000000001,1780.75657568895
54.6900000000001,1784.44804870053
54.691,1788.91866370266
54.692,1792.82554123102
54.6930000000002,1796.19417585601
54.6940000000002,1800.10312400306
54.6950000000002,1804.55034638622
54.6960000000001,1809.48178606917
54.6970000000001,1814.7838681535
54.6980000000001,1819.08038265646
54.6990000000001,1822.47476621329
54.7,1826.0388544184
54.701,1829.80950267172
54.7020000000002,1833.79244883643
54.7030000000002,1837.95835592815
54.7040000000002,1841.01029914961
54.7050000000002,1843.24036824639
54.7060000000001,1845.80671463507
54.7070000000001,1848.84147839149
54.7080000000001,1852.40086296906
54.7090000000001,1856.44479045468
54.71,1859.57455996403
54.711,1862.01103047313
54.7120000000002,1864.69527658109
54.7130000000002,1867.5663461935
54.7140000000002,1870.51336248916
54.7150000000001,1873.39004888815
54.7160000000001,1874.75258737162
54.7170000000001,1874.97066063129
54.7180000000001,1875.11860993357
54.7190000000001,1875.36587761915
54.72,1875.86229800747
54.721,1876.71149919776
54.7220000000002,1876.63401925523
54.7230000000002,1876.18997551688
54.7240000000002,1876.44141645039
54.7250000000001,1877.46537555805
54.7260000000001,1879.22906213789
54.7270000000001,1881.59287187837
54.7280000000001,1882.96423212528
54.729,1883.73265946162
54.73,1884.75442844691
54.7310000000002,1886.0002426012
54.7320000000002,1887.42063747046
54.7330000000002,1888.94232442385
54.7340000000002,1889.04062396436
54.7350000000001,1888.33910288523
54.7360000000001,1887.84887703192
54.7370000000001,1887.67824736941
54.7380000000001,1887.8535906132
54.739,1888.30048795956
54.74,1887.36153306582
54.7410000000002,1885.60750300686
54.7420000000002,1883.89796404818
54.7430000000002,1882.23836780071
54.7440000000001,1880.6186674834
54.7450000000001,1879.01890513624
54.7460000000001,1875.88502322261
54.7470000000001,1872.09448638819
54.748,1868.76351706513
54.749,1866.17258836046
54.75,1864.52268740012
54.7510000000002,1863.89075580905
54.7520000000002,1862.63139302561
54.7530000000002,1861.50426791771
54.7540000000001,1861.27958251538
54.7550000000001,1861.84339467577
54.7560000000001,1862.99242521437
54.7570000000001,1864.45650927862
54.758,1864.31696063071
54.759,1863.32560180681
54.7600000000002,1862.27882033129
54.7610000000002,1861.23650863806
54.7620000000002,1860.24421293761
54.7630000000001,1859.30179978941
54.7640000000001,1856.70052462829
54.7650000000001,1853.44653368098
54.7660000000001,1850.3926682576
54.7670000000001,1847.60994945857
54.768,1845.10595816837
54.769,1842.83071578752
54.7700000000002,1839.02132559646
54.7710000000002,1834.77937532092
54.7720000000002,1830.9863390941
54.7730000000001,1827.80708411135
54.7740000000001,1825.35020042276
54.7750000000001,1823.64537658944
54.7760000000001,1820.93837201936
54.777,1818.38861804256
54.778,1816.77487727955
54.7790000000002,1816.16741077995
54.7800000000002,1816.58917481798
54.7810000000002,1818.02667481775
54.7820000000002,1818.71529016521
54.7830000000001,1819.97405963117
54.7840000000001,1822.68063619679
54.7850000000001,1827.04077308018
54.7860000000001,1833.16507229535
54.787,1841.03059508321
54.788,1848.70364721257
54.7890000000002,1857.29663646788
54.7900000000002,1867.25622007922
54.7910000000002,1878.32267949292
54.7920000000001,1890.14144531192
54.7930000000001,1902.29711872754
54.7940000000001,1912.56800275956
54.7950000000001,1922.05245713414
54.796,1931.25223154064
54.797,1940.14641315906
54.798,1948.71995555809
54.7990000000002,1956.93506627064
54.8000000000002,1962.88497636729
54.8010000000002,1968.02661481911
54.8020000000001,1973.02162872743
54.8030000000001,1977.94294205424
54.8040000000001,1982.78881134562
54.8050000000001,1987.48333124243
54.806,1990.03362853959
54.807,1991.9121787452
54.8080000000002,1993.71824666262
54.8090000000002,1995.52011883153
54.8100000000002,1997.32449282671
54.8110000000001,1999.06193134787
54.8120000000001,1998.70640452558
54.8130000000001,1997.76508454483
54.8140000000001,1996.76131369196
54.8150000000001,1995.72345540138
54.816,1994.63634646848
54.817,1993.44197301043
54.8180000000002,1990.12221129241
54.8190000000002,1986.35446611515
54.8200000000002,1982.75089598683
54.8210000000001,1979.45871044193
54.8220000000001,1976.55113174286
54.8230000000001,1974.0026514306
54.8240000000001,1969.7178529212
54.825,1965.34808108311
54.826,1961.33498173165
54.8270000000002,1957.6808595804
54.8280000000002,1954.34592296133
54.8290000000002,1951.25737657665
54.8300000000002,1946.32167749255
54.8310000000001,1941.38648918083
54.8320000000001,1937.06132920844
54.8330000000001,1933.57956792521
54.8340000000001,1931.10854174998
54.835,1929.70410604657
54.836,1927.26017209088
54.8370000000002,1925.54714147705
54.8380000000002,1924.86964351263
54.8390000000002,1925.09189816176
54.8400000000001,1925.96758142639
54.8410000000001,1927.16135034496
54.8420000000001,1926.24918854753
54.8430000000001,1924.90007949973
54.8440000000001,1923.39122896608
54.845,1921.76881352052
54.846,1920.11831822714
54.8470000000002,1918.53869115353
54.8480000000002,1915.04211672303
54.8490000000002,1911.83259035377
54.8500000000001,1909.51616699543
54.8510000000001,1908.36353091315
54.8520000000001,1908.52173907531
54.8530000000001,1909.98258774924
54.854,1910.4327015403
54.855,1911.810982224
54.8560000000002,1914.23102041493
54.8570000000002,1917.47038397761
54.8580000000002,1921.21094375555
54.8590000000002,1925.06254767112
54.8600000000001,1926.40884592259
54.8610000000001,1927.20897856185
54.8620000000001,1927.63406421632
54.8630000000001,1927.72402138588
54.864,1927.57421143032
54.865,1927.31566513599
54.8660000000002,1924.86215659022
54.8670000000002,1922.79922281666
54.8680000000002,1921.69349912961
54.8690000000001,1921.8411334457
54.8700000000001,1923.37970313061
54.8710000000001,1926.25891319286
54.8720000000001,1927.9685003597
54.873,1930.66481321512
54.874,1934.31097854969
54.875,1938.67077177444
54.8760000000002,1943.47177172253
54.8770000000002,1948.43800901719
54.8780000000002,1950.99132439709
54.8790000000001,1953.56208746664
54.8800000000001,1956.42237213386
54.8810000000001,1959.75080391982
54.8820000000001,1963.6677007633
54.883,1968.18082627892
54.884,1970.7904411219
54.8850000000002,1973.91457813804
54.8860000000002,1977.53918272893
54.8870000000002,1981.47343707835
54.8880000000001,1985.42756050159
54.8890000000001,1989.04402409666
54.8900000000001,1989.55666828077
54.8910000000001,1989.36659895421
54.8920000000001,1988.54155807704
54.893,1987.17804776964
54.894,1985.39375709585
54.8950000000002,1983.25634430364
54.8960000000002,1978.513526301
54.8970000000002,1973.89583871983
54.8980000000001,1969.73134532847
54.8990000000001,1966.25349233493
54.9000000000001,1963.6003559785
54.9010000000001,1961.73145258928
54.902,1958.33209747407
54.903,1955.92743010215
54.9040000000002,1954.66048549003
54.9050000000002,1954.57722100032
54.9060000000002,1955.62663220155
54.9070000000002,1957.53857568322
54.9080000000001,1957.87119528505
54.9090000000001,1958.89325879736
54.9100000000001,1960.52926797345
54.9110000000001,1962.62157982176
54.912,1964.95224563422
54.913,1967.10962111973
54.9140000000002,1966.69865687513
54.9150000000002,1966.01468950777
54.9160000000002,1965.13596381649
54.9170000000001,1964.13633883765
54.9180000000001,1963.08335947427
54.9190000000001,1961.83914168112
54.9200000000001,1958.36907459675
54.921,1955.22614155849
54.922,1952.70581053738
54.923,1951.03149415152
54.9240000000002,1950.34812975119
54.9250000000002,1950.49406497691
54.9260000000002,1949.49189955005
54.9270000000001,1949.72218331718
54.9280000000001,1951.31936613688
54.9290000000001,1954.3166753719
54.9300000000001,1958.6546864202
54.931,1963.93550308632
54.932,1968.10057061328
54.9330000000002,1973.24292251724
54.9340000000002,1979.2632366392
54.9350000000002,1985.94741727517
54.9360000000001,1992.98313827578
54.9370000000001,1999.70153084985
54.9380000000001,2003.94046727658
54.9390000000001,2007.64209530258
54.9400000000001,2010.71068586755
54.941,2013.09177681973
54.942,2014.80602506769
54.9430000000002,2015.64338764257
54.9440000000002,2014.11152784209
54.9450000000002,2012.78268551478
54.9460000000001,2012.1400545175
54.9470000000001,2012.53797876617
54.9480000000001,2014.15167359974
54.9490000000001,2016.59044598967
54.95,2017.98582888289
54.951,2020.25446655491
54.9520000000002,2023.13131984944
54.9530000000002,2026.26037691764
54.9540000000002,2029.28032208887
54.9550000000002,2031.50608879776
54.9560000000001,2031.20230734614
54.9570000000001,2030.58959486908
54.9580000000001,2029.94525288819
54.9590000000001,2029.52337600065
54.96,2029.49879067821
54.961,2029.49936673779
54.9620000000002,2027.95291766146
54.9630000000002,2026.88804697486
54.9640000000002,2026.26005864471
54.9650000000001,2025.94752392683
54.9660000000001,2025.82535379196
54.9670000000001,2025.35592358982
54.9680000000001,2023.09343323393
54.9690000000001,2021.43785780949
54.97,2020.84166748321
54.971,2021.66997863173
54.9720000000002,2024.10390710277
54.9730000000002,2027.49290513695
54.9740000000002,2029.81208029245
54.9750000000001,2032.91101050268
54.9760000000001,2036.30917481627
54.9770000000001,2039.36012922626
54.9780000000001,2041.32947241849
54.979,2040.78363134489
54.98,2035.19440001717
54.9810000000002,2026.97511893101
54.9820000000002,2016.50820243836
54.9830000000002,2004.39730147683
54.9840000000002,1991.33762107235
54.9850000000001,1977.14911271177
54.9860000000001,1960.25894497347
54.9870000000001,1944.01271617684
54.9880000000001,1929.14342029203
54.989,1916.16831359671
54.99,1905.32556672812
54.9910000000002,1895.83611536453
54.9920000000002,1885.88168159726
54.9930000000002,1877.39377310874
54.9940000000001,1870.19045381354
54.9950000000001,1864.12829121618
54.9960000000001,1859.18692127358
54.9970000000001,1855.04142769485
54.998,1851.34556951436
54.999,1849.90747761631
55,1850.89781039319
55.0010000000002,1854.18164921523
55.0020000000002,1859.31799414127
55.0030000000002,1865.27598249328
55.0040000000001,1871.0192816865
55.0050000000001,1876.72677536107
55.0060000000001,1881.41492768318
55.0070000000001,1884.26493873099
55.008,1884.86512259188
55.009,1882.9686922606
55.0100000000002,1879.04507189174
55.0110000000002,1875.314490595
55.0120000000002,1872.78269113617
55.0130000000001,1872.12790544598
55.0140000000001,1873.53829559573
55.0150000000001,1876.03062155766
55.0160000000001,1878.18955131925
55.0170000000001,1880.76670709733
55.018,1883.01789918217
55.019,1884.56503878981
55.0200000000002,1885.68916612412
55.0210000000002,1886.65681357063
55.0220000000002,1888.46494307435
55.0230000000001,1895.58228679871
55.0240000000001,1910.81847513085
55.0250000000001,1936.56949607484
55.0260000000001,1974.37492846704
55.027,2023.77311794394
55.028,2083.19983798218
55.0290000000002,2152.98555135051
55.0300000000002,2231.19719081547
55.0310000000002,2315.87379788059
55.0320000000002,2405.53505946197
55.0330000000001,2498.67125890858
55.0340000000001,2594.89595772929
55.0350000000001,2697.08214133883
55.0360000000001,2806.5873473439
55.037,2924.12855494308
55.038,3049.00254604323
55.0390000000002,3177.54588950941
55.0400000000002,3303.99166117153
55.0410000000002,3422.63839946209
55.0420000000001,3524.24557667303
55.0430000000001,3598.48446059825
55.0440000000001,3635.10430535566
55.0450000000001,3624.29255103281
55.046,3559.21930443959
55.047,3438.91854454679
55.048,3264.85905996399
55.0490000000002,3042.47098962437
55.0500000000002,2780.64114291786
55.0510000000002,2489.83366435372
55.0520000000001,2182.3302552531
55.0530000000001,1872.6802347672
55.0540000000001,1572.69965113562
55.0550000000001,1291.95722408864
55.056,1037.17820415821
55.057,811.136377897426
55.0580000000002,614.542981933438
55.0590000000002,448.281582656999
55.0600000000002,310.724720417889
55.0610000000001,200.081648756614
55.0620000000001,115.182816767181
55.0630000000001,54.9601770857051
55.0640000000001,20.2888537486633
55.0650000000001,15.0635935219075
55.066,42.0987448728475
55.067,103.68476914731
55.0680000000002,200.714281679055
55.0690000000002,330.908308389201
55.0700000000002,490.305862526399
55.0710000000001,674.430200434381
55.0720000000001,875.346385626216
55.0730000000001,1083.80020334397
55.0740000000001,1290.18290089693
55.075,1484.43731517011
55.076,1658.95137062415
55.0770000000002,1810.09269198995
55.0780000000002,1935.20551583036
55.0790000000002,2033.81663565414
55.0800000000002,2107.20790261593
55.0810000000001,2156.69071623199
55.0820000000001,2185.18602923714
55.0830000000001,2197.45499722285
55.0840000000001,2196.65050873858
55.085,2185.49309900496
55.086,2166.29415885155
55.0870000000002,2139.88080638572
55.0880000000002,2108.17836322167
55.0890000000002,2074.80628483066
55.0900000000001,2042.0247373465
55.0910000000001,2011.95551202825
55.0920000000001,1986.38798267661
55.0930000000001,1965.20232576206
55.0940000000001,1949.13551418646
55.095,1939.82687035741
55.096,1936.7084458786
55.0970000000002,1938.66870206716
55.0980000000002,1944.31973279409
55.0990000000002,1950.68231838652
55.1000000000001,1957.0092181631
55.1010000000001,1964.46767417504
55.1020000000001,1972.7722508623
55.1030000000001,1981.79060059518
55.104,1991.4384210661
55.105,1999.77402799987
55.1060000000002,2007.11237457733
55.1070000000002,2015.03123733951
55.1080000000002,2022.96541778801
55.1090000000002,2030.16637387193
55.1100000000001,2035.92221902252
55.1110000000001,2038.20947864122
55.1120000000001,2037.37498307372
55.1130000000001,2035.43661398271
55.114,2033.20847125732
55.115,2031.56048613827
55.1160000000002,2031.24697658331
55.1170000000002,2031.66323159065
55.1180000000002,2032.99609000991
55.1190000000001,2036.22150807652
55.1200000000001,2041.21141779565
55.1210000000001,2047.58270341145
55.1220000000001,2054.74476000466
55.123,2061.10228818048
55.124,2065.81197405305
55.125,2069.27601725517
55.1260000000002,2071.66815145302
55.1270000000002,2073.39559786599
55.1280000000002,2074.93736024284
55.1290000000001,2075.70693573659
55.1300000000001,2075.90168610054
55.1310000000001,2076.58661169898
55.1320000000001,2078.13561010248
55.133,2080.7708351237
55.134,2084.49643518653
55.1350000000002,2087.70684843087
55.1360000000002,2090.38928340445
55.1370000000002,2093.34797334955
55.1380000000001,2096.47797990048
55.1390000000001,2099.71120074387
55.1400000000001,2103.0068008324
55.1410000000001,2104.67831101135
55.1420000000001,2105.42099535291
55.143,2106.64366871231
55.144,2108.56642274313
55.1450000000002,2111.28340964543
55.1460000000002,2114.73538892082
55.1470000000002,2116.97976953987
55.1480000000001,2118.50900199264
55.1490000000001,2120.38938984122
55.1500000000001,2122.54657756918
55.1510000000001,2124.87367808194
55.152,2127.24936135087
55.153,2127.83610937989
55.1540000000002,2127.39391399335
55.1550000000002,2127.29166329474
55.1560000000002,2127.90916809878
55.1570000000002,2129.58024569289
55.1580000000001,2132.52102576403
55.1590000000001,2135.03455887846
55.1600000000001,2137.8921300486
55.1610000000001,2142.12754623983
55.162,2147.64497895047
55.163,2154.18280017998
55.1640000000002,2161.33228834745
55.1650000000002,2166.78468402902
55.1660000000002,2171.01084697084
55.1670000000001,2174.82934998124
55.1680000000001,2178.19181183422
55.1690000000001,2181.11106313744
55.1700000000001,2183.63480018481
55.171,2183.96987978369
55.172,2183.28096013714
55.173,2182.89036816597
55.1740000000002,2183.15256532496
55.1750000000002,2184.31458994818
55.1760000000002,2186.48244444133
55.1770000000001,2187.74243305844
55.1780000000001,2189.13342118411
55.1790000000001,2191.67268619201
55.1800000000001,2195.45230189908
55.181,2200.49817164679
55.182,2206.75720977944
55.1830000000002,2212.1674364883
55.1840000000002,2217.79741160127
55.1850000000002,2224.56012170757
55.1860000000001,2232.426806768
55.1870000000001,2241.22515078359
55.1880000000001,2250.62141331863
55.1890000000001,2258.17065867056
55.1900000000001,2264.69586809637
55.191,2270.81406162214
55.192,2276.39446252328
55.1930000000002,2281.39376206484
55.1940000000002,2285.87622437345
55.1950000000002,2288.01356628776
55.1960000000001,2289.56389666384
55.1970000000001,2292.02465358511
55.1980000000001,2296.1020081492
55.1990000000001,2302.35091801785
55.2,2311.06182301287
55.201,2320.14208943895
55.2020000000002,2330.75705941982
55.2030000000002,2343.29547533695
55.2040000000002,2357.14997369027
55.2050000000002,2371.51361220525
55.2060000000001,2385.47371660622
55.2070000000001,2396.03386927398
55.2080000000001,2404.05885246546
55.2090000000001,2410.02745271183
55.21,2413.94068450646
55.211,2415.97347402077
55.2120000000002,2416.41063827314
55.2130000000002,2413.44854425376
55.2140000000002,2409.15881598118
55.2150000000001,2404.85349484145
55.2160000000001,2401.08707777903
55.2170000000001,2398.25783516899
55.2180000000001,2396.5763154337
55.2190000000001,2393.86751580216
55.22,2391.83242693819
55.221,2391.1979955496
55.2220000000002,2391.93087351858
55.2230000000002,2393.84096496425
55.2240000000002,2396.57466401589
55.2250000000001,2397.36678229515
55.2260000000001,2397.59746454253
55.2270000000001,2397.65507500414
55.2280000000001,2397.36264278745
55.229,2396.58861630104
55.23,2395.25800262673
55.2310000000002,2391.03063202623
55.2320000000002,2386.03344217217
55.2330000000002,2381.33315715868
55.2340000000002,2377.42472626347
55.2350000000001,2374.6943353525
55.2360000000001,2373.33870053659
55.2370000000001,2370.92786037672
55.2380000000001,2369.37932527421
55.239,2369.19103141649
55.24,2370.20021779432
55.2410000000002,2372.13183882452
55.2420000000002,2374.63328817161
55.2430000000002,2374.86353575984
55.2440000000001,2374.73413017078
55.2450000000001,2374.81752536316
55.2460000000001,2375.22427695532
55.2470000000001,2376.02575927459
55.248,2377.19514394226
55.249,2376.07327751771
55.25,2374.7785454222
55.2510000000002,2373.80367837289
55.2520000000002,2373.12715563161
55.2530000000002,2372.66935215796
55.2540000000001,2372.30881744548
55.2550000000001,2369.36375971487
55.2560000000001,2366.20637428653
55.2570000000001,2363.54366534913
55.258,2361.65693633283
55.259,2360.74082906343
55.2600000000002,2360.84314968545
55.2610000000002,2359.24821476929
55.2620000000002,2358.26131690393
55.2630000000001,2358.22300975015
55.2640000000001,2358.99925956912
55.2650000000001,2360.37343602221
55.2660000000001,2362.08447972088
55.2670000000001,2361.21909999112
55.268,2360.32207804384
55.269,2360.00977535376
55.2700000000002,2360.61855835214
55.2710000000002,2362.46984541647
55.2720000000002,2365.79807564808
55.2730000000001,2367.99276767863
55.2740000000001,2371.8097242771
55.2750000000001,2377.64692732341
55.2760000000001,2385.38948995293
55.277,2394.6936258853
55.278,2405.01588105464
55.2790000000002,2412.96422643848
55.2800000000002,2420.72564261421
55.2810000000002,2428.25201094904
55.2820000000002,2435.32787524264
55.2830000000001,2441.82627160043
55.2840000000001,2447.70542238036
55.2850000000001,2450.24126145259
55.2860000000001,2452.5303241118
55.287,2455.28517855413
55.288,2458.96294148094
55.2890000000002,2463.88331620962
55.2900000000002,2470.16384966858
55.2910000000002,2474.88488762779
55.2920000000001,2480.81473023259
55.2930000000001,2487.9904866981
55.2940000000001,2496.11987497415
55.2950000000001,2504.76537072902
55.296,2513.38507419004
55.297,2518.55476371248
55.298,2522.88569943454
55.2990000000002,2526.40312655149
55.3000000000002,2529.08756030552
55.3010000000002,2530.96005377749
55.3020000000001,2532.04483852404
55.3030000000001,2529.46409441667
55.3040000000001,2526.45257939422
55.3050000000001,2523.40747206024
55.306,2520.57217695217
55.307,2518.07327196712
55.3080000000002,2515.90265324875
55.3090000000002,2511.01427890402
55.3100000000002,2506.54637145468
55.3110000000001,2502.66090446221
55.3120000000001,2499.43852356702
55.3130000000001,2496.89602175527
55.3140000000001,2494.93306125081
55.3150000000001,2490.60121811979
55.316,2487.02895381295
55.317,2484.42144504527
55.3180000000002,2482.88532084902
55.3190000000002,2482.42417247889
55.3200000000002,2482.8286734843
55.3210000000001,2481.11452876622
55.3220000000001,2480.19057073153
55.3230000000001,2480.04904842154
55.3240000000001,2480.56697271263
55.325,2481.52516655371
55.326,2482.48073818026
55.3270000000002,2480.38564171337
55.3280000000002,2478.0758183439
55.3290000000002,2475.5932181612
55.3300000000002,2472.96684302691
55.3310000000001,2470.2244291431
55.3320000000001,2467.20329468267
55.3330000000001,2461.31182082559
55.3340000000001,2455.73660609624
55.335,2450.8794499723
55.336,2447.0673420588
55.3370000000002,2444.53212793048
55.3380000000002,2443.15426838558
55.3390000000002,2440.38764532747
55.3400000000001,2439.2198564998
55.3410000000001,2439.74832056993
55.3420000000001,2441.8960116398
55.3430000000001,2445.42981683631
55.3440000000001,2449.70725993666
55.345,2451.82895721876
55.346,2454.40110251333
55.3470000000002,2457.27803920586
55.3480000000002,2460.28842911016
55.3490000000002,2463.26726582679
55.3500000000001,2465.74979328092
55.3510000000001,2465.25923230533
55.3520000000001,2464.80977620488
55.3530000000001,2464.69360136091
55.354,2465.12207352832
55.355,2466.19967920836
55.3560000000002,2467.53320030043
55.3570000000002,2466.6801529344
55.3580000000002,2466.4568250285
55.3590000000002,2466.86961399465
55.3600000000001,2467.81064585943
55.3610000000001,2469.1023483729
55.3620000000001,2470.12301385126
55.3630000000001,2468.48026668948
55.364,2467.01831516229
55.365,2465.91101703449
55.3660000000002,2465.26667156224
55.3670000000002,2465.11637281047
55.3680000000002,2464.94819052489
55.3690000000001,2462.52994275102
55.3700000000001,2460.64374025553
55.3710000000001,2459.39204498198
55.3720000000001,2458.79764768942
55.373,2458.83837180962
55.374,2458.97493295695
55.375,2457.16357549088
55.3760000000002,2456.30841627954
55.3770000000002,2456.71348235409
55.3780000000002,2458.57292037421
55.3790000000001,2461.93951496938
55.3800000000001,2466.1567216462
55.3810000000001,2469.0229959513
55.3820000000001,2472.9996692466
55.383,2477.88774225726
55.384,2483.35300084886
55.3850000000002,2488.98228344598
55.3860000000002,2493.74995609644
55.3870000000002,2495.41106145569
55.3880000000001,2496.48540192224
55.3890000000001,2497.06152241321
55.3900000000001,2497.23017220256
55.3910000000001,2497.06091527475
55.3920000000001,2495.94443971819
55.393,2492.09725692796
55.394,2488.21870591208
55.3950000000002,2484.49290880633
55.3960000000002,2481.00021867156
55.3970000000002,2477.74616098743
55.3980000000001,2474.03292061025
55.3990000000001,2468.20645359459
55.4000000000001,2462.97058904887
55.4010000000001,2458.67907668759
55.402,2455.63935288469
55.403,2454.08607249643
55.4040000000002,2453.44336969754
55.4050000000002,2452.18418744719
55.4060000000002,2452.8008873296
55.4070000000002,2455.26505514993
55.4080000000001,2459.29967758595
55.4090000000001,2464.40553907924
55.4100000000001,2469.16648247968
55.4110000000001,2471.39824404197
55.412,2472.98475324901
55.413,2473.59323324818
55.4140000000002,2472.99016984313
55.4150000000002,2471.09465780971
55.4160000000002,2467.21573543549
55.4170000000001,2460.29243079455
55.4180000000001,2453.28843703801
55.4190000000001,2446.95461880232
55.4200000000001,2441.93121848812
55.421,2438.66756800601
55.422,2436.54729595312
55.423,2434.29748905553
55.4240000000002,2434.111356414
55.4250000000002,2435.77707724078
55.4260000000002,2438.88740497818
55.4270000000001,2442.93550708429
55.4280000000001,2446.55935724339
55.4290000000001,2448.21986508967
55.4300000000001,2450.02530540672
55.431,2452.05082439726
55.432,2454.38587841757
55.4330000000002,2457.09919345731
55.4340000000002,2459.31771624318
55.4350000000002,2459.97637666172
55.4360000000001,2461.31833665366
55.4370000000001,2463.41644522057
55.4380000000001,2466.22732376125
55.4390000000001,2469.63523633168
55.4400000000001,2472.56626052694
55.441,2473.96042464181
55.442,2476.02321839276
55.4430000000002,2478.87461532429
55.4440000000002,2482.49907597194
55.4450000000002,2486.71391102882
55.4460000000001,2490.18246219007
55.4470000000001,2491.5524636578
55.4480000000001,2492.49131775803
55.4490000000001,2492.57759545111
55.45,2491.35309898459
55.451,2488.42790562567
55.4520000000002,2482.56245910913
55.4530000000002,2473.02437634906
55.4540000000002,2462.32275699121
55.4550000000002,2451.17284056979
55.4560000000001,2440.33703906356
55.4570000000001,2430.53302367046
55.4580000000001,2421.28498549426
55.4590000000001,2412.30720000132
55.46,2405.94373375548
55.461,2402.30835015577
55.4620000000002,2401.18436885857
55.4630000000002,2402.0875432045
55.4640000000002,2403.18496899461
55.4650000000001,2403.07750025214
55.4660000000001,2403.40129227304
55.4670000000001,2403.8904096737
55.4680000000001,2404.31359922225
55.4690000000001,2404.45363806687
55.47,2402.68719908248
55.471,2397.99485152984
55.4720000000002,2392.76273696669
55.4730000000002,2387.24985306458
55.4740000000002,2381.64542113
55.4750000000001,2376.01478001684
55.4760000000001,2368.64793285249
55.4770000000001,2358.48191058926
55.4780000000001,2348.15751249594
55.479,2338.06325998413
55.48,2328.55348904099
55.4810000000002,2319.87251579358
55.4820000000002,2310.59940376747
55.4830000000002,2300.04564051222
55.4840000000002,2290.46493837805
55.4850000000001,2282.00391465223
55.4860000000001,2274.74078140722
55.4870000000001,2268.71873430328
55.4880000000001,2262.9208801172
55.489,2257.30409670217
55.49,2253.46871465638
55.4910000000002,2251.35192643887
55.4920000000002,2250.69500623917
55.4930000000002,2251.10499710956
55.4940000000001,2251.47485423016
55.4950000000001,2251.70234892892
55.4960000000001,2252.33946596778
55.4970000000001,2252.81946409102
55.498,2252.63286202504
55.499,2251.509313578
55.5,2248.83811810319
55.5010000000002,2245.44235979799
55.5020000000002,2242.93862792591
55.5030000000002,2241.74132309842
55.5040000000001,2241.94975203585
55.5050000000001,2243.30377882088
55.5060000000001,2244.13714392879
55.5070000000001,2243.89275768218
55.508,2243.2220066563
55.509,2241.52167064421
55.5100000000002,2238.48389946928
55.5110000000002,2234.30519643932
55.5120000000002,2228.39001110884
55.5130000000001,2222.2838764858
55.5140000000001,2219.61498433242
55.5150000000001,2222.5461855556
55.5160000000001,2232.9479520105
55.5170000000001,2252.12500812529
55.518,2279.22662187188
55.519,2314.39006043077
55.5200000000002,2358.85007752997
55.5210000000002,2412.15728141895
55.5220000000002,2473.98337376471
55.5230000000001,2544.4134916771
55.5240000000001,2622.67877561406
55.5250000000001,2710.19094179221
55.5260000000001,2809.78320791229
55.527,2922.42642313688
55.528,3047.95827512856
55.5290000000002,3184.5295263516
55.5300000000002,3326.81666586122
55.5310000000002,3469.25330648852
55.5320000000002,3605.66036293708
55.5330000000001,3727.28184032484
55.5340000000001,3824.94604496454
55.5350000000001,3890.02801179061
55.5360000000001,3913.87830082738
55.537,3891.97057729289
55.538,3823.41909413514
55.5390000000002,3708.58122188774
55.5400000000002,3550.05699403523
55.5410000000002,3352.20850368771
55.5420000000001,3119.09672543653
55.5430000000001,2857.48768561099
55.5440000000001,2575.36031927495
55.5450000000001,2279.42185969192
55.546,1976.25609548065
55.547,1672.39611123412
55.548,1372.9568665882
55.5490000000002,1085.33267902235
55.5500000000002,817.876817323921
55.5510000000002,577.683873633885
55.5520000000001,371.410178391675
55.5530000000001,204.861405174909
55.5540000000001,81.0459751683805
55.5550000000001,3.53590412984403
55.556,-25.3026279970284
55.557,-6.26953006654471
55.5580000000002,57.8482661765209
55.5590000000002,162.519382743589
55.5600000000002,300.278673250853
55.5610000000001,465.029831023306
55.5620000000001,650.721744924661
55.5630000000001,850.015417866601
55.5640000000001,1055.65953366687
55.5650000000001,1260.74321538277
55.566,1457.32819150935
55.567,1640.5975213344
55.5680000000002,1807.01352817014
55.5690000000002,1952.88814995533
55.5700000000002,2075.48928878369
55.5710000000001,2173.12033185322
55.5720000000001,2243.58098537361
55.5730000000001,2288.2987380706
55.5740000000001,2310.09696024356
55.575,2311.70277366643
55.576,2296.54294310795
55.5770000000002,2268.52023178365
55.5780000000002,2230.10487739599
55.5790000000002,2186.39881992094
55.5800000000002,2142.42258047063
55.5810000000001,2101.62831351992
55.5820000000001,2066.66051815035
55.5830000000001,2039.24107271422
55.5840000000001,2018.33876867191
55.585,2005.07483291986
55.586,1999.86047382974
55.5870000000002,2001.46287695014
55.5880000000002,2008.23751689301
55.5890000000002,2018.3815080548
55.5900000000001,2028.1036806782
55.5910000000001,2037.52722985929
55.5920000000001,2046.84575722322
55.5930000000001,2055.36603291907
55.5940000000001,2062.61231364967
55.595,2068.30373604707
55.596,2069.97941580856
55.5970000000002,2069.58027375822
55.5980000000002,2068.44878042897
55.5990000000002,2066.50271450479
55.6000000000001,2063.5039214788
55.6010000000001,2059.18823939296
55.6020000000001,2051.2541669843
55.6030000000001,2041.51937327888
55.604,2031.45015111623
55.605,2021.53451152789
55.6060000000002,2012.2604661049
55.6070000000002,2004.08355692576
55.6080000000002,1995.82465044526
55.6090000000002,1988.78984500957
55.6100000000001,1983.99321000259
55.6110000000001,1981.58913262978
55.6120000000001,1981.44031853887
55.6130000000001,1983.10422618958
55.614,1984.80465314496
55.615,1986.10022492581
55.6160000000002,1986.82713467797
55.6170000000002,1986.66424083701
55.6180000000002,1985.44834654469
55.6190000000001,1983.11913264002
55.6200000000001,1978.55516937035
55.6210000000001,1972.30683220349
55.6220000000001,1965.2062820769
55.623,1957.90069750482
55.624,1951.0666796115
55.625,1945.28057656999
55.6260000000002,1939.34528879489
55.6270000000002,1934.57616721727
55.6280000000002,1931.77061252475
55.6290000000001,1931.05996247073
55.6300000000001,1932.41723929524
55.6310000000001,1935.6637545845
55.6320000000001,1938.54308811341
55.633,1942.34043144864
55.634,1947.48395771427
55.6350000000002,1953.68885397795
55.6360000000002,1960.58101463123
55.6370000000002,1967.71353660966
55.6380000000001,1972.59785289427
55.6390000000001,1976.52017110777
55.6400000000001,1979.852461719
55.6410000000001,1982.36820671472
55.6420000000001,1983.8483993621
55.643,1984.11289526244
55.644,1981.11104297346
55.6450000000002,1976.58322565507
55.6460000000002,1971.44579650438
55.6470000000002,1966.14397941143
55.6480000000001,1961.11074042594
55.6490000000001,1956.70822619729
55.6500000000001,1951.20157340157
55.6510000000001,1946.51551385876
55.652,1943.38811896252
55.653,1941.88736035604
55.6540000000002,1941.89254997977
55.6550000000002,1943.11758117397
55.6560000000002,1943.14199336521
55.6570000000002,1943.4183669673
55.6580000000001,1944.23014278132
55.6590000000001,1945.41260835766
55.6600000000001,1946.8148754711
55.6610000000001,1948.30452275674
55.662,1947.73713555808
55.663,1946.98977153183
55.6640000000002,1946.66968021289
55.6650000000002,1946.90997687552
55.6660000000002,1947.7449282217
55.6670000000001,1949.09188126323
55.6680000000001,1948.71578614531
55.6690000000001,1948.35996218974
55.6700000000001,1948.38125571511
55.671,1948.72727520962
55.672,1949.32470506223
55.673,1950.0970230515
55.6740000000002,1948.91971260309
55.6750000000002,1947.83235658558
55.6760000000002,1947.45550136129
55.6770000000001,1948.03844959967
55.6780000000001,1949.74123185272
55.6790000000001,1952.59079543085
55.6800000000001,1954.38506054611
55.681,1956.9784847521
55.682,1960.55343443865
55.6830000000002,1964.86318336596
55.6840000000002,1969.55694971852
55.6850000000002,1974.22045259651
55.6860000000001,1976.35385896109
55.6870000000001,1977.73437914873
55.6880000000001,1978.59091979242
55.6890000000001,1978.94054347173
55.6900000000001,1978.82530899744
55.691,1978.28859608591
55.692,1975.2791851178
55.6930000000002,1972.03658840182
55.6940000000002,1969.07804113596
55.6950000000002,1966.65476340958
55.6960000000001,1964.96141845512
55.6970000000001,1964.12683749376
55.6980000000001,1962.1035654617
55.6990000000001,1961.18095478074
55.7,1961.7340244382
55.701,1963.80754703926
55.7020000000002,1967.27518987833
55.7030000000002,1971.825784911
55.7040000000002,1974.82157559729
55.7050000000002,1978.04616146166
55.7060000000001,1981.26515382908
55.7070000000001,1984.04585864207
55.7080000000001,1985.96807325932
55.7090000000001,1986.67570349283
55.71,1983.71332480756
55.711,1979.44812619365
55.7120000000002,1974.34592658147
55.7130000000002,1968.82937772792
55.7140000000002,1963.33349554851
55.7150000000001,1958.23459454491
55.7160000000001,1951.56206007425
55.7170000000001,1945.97132273904
55.7180000000001,1941.82899192797
55.7190000000001,1939.23789523324
55.72,1938.13187518541
55.721,1938.29722378882
55.7220000000002,1937.12604256727
55.7230000000002,1936.85431408974
55.7240000000002,1937.43415211989
55.7250000000001,1938.72001795887
55.7260000000001,1940.51039738851
55.7270000000001,1942.53291223929
55.7280000000001,1942.10478742932
55.729,1941.54888435638
55.73,1940.79379951631
55.7310000000002,1939.72639664203
55.7320000000002,1938.22323804662
55.7330000000002,1936.12678000287
55.7340000000002,1931.04586514392
55.7350000000001,1925.6073342489
55.7360000000001,1920.12279682769
55.7370000000001,1914.87223166818
55.7380000000001,1910.07456234966
55.739,1905.77084663585
55.74,1899.7250802175
55.7410000000002,1894.45006823712
55.7420000000002,1890.02567921812
55.7430000000002,1886.39774051961
55.7440000000001,1883.41162449833
55.7450000000001,1880.72735733887
55.7460000000001,1875.93777867518
55.7470000000001,1871.35284479892
55.748,1866.99411693062
55.749,1862.84232908683
55.75,1858.84634235506
55.7510000000002,1854.78101330213
55.7520000000002,1848.514198706
55.7530000000002,1842.50670037071
55.7540000000001,1837.011943902
55.7550000000001,1832.29285821578
55.7560000000001,1828.63836354864
55.7570000000001,1826.1751146821
55.758,1823.24792580377
55.759,1822.57187161968
55.7600000000002,1824.5414987228
55.7610000000002,1829.30774333281
55.7620000000002,1836.73310644906
55.7630000000001,1846.15933317243
55.7640000000001,1854.98604085041
55.7650000000001,1864.71846439311
55.7660000000001,1874.59058750784
55.7670000000001,1883.8042917906
55.768,1891.66433583371
55.769,1897.43867370058
55.7700000000002,1899.11630942819
55.7710000000002,1899.21066304683
55.7720000000002,1898.34448359365
55.7730000000001,1897.25131913645
55.7740000000001,1896.66532376712
55.7750000000001,1896.92197614736
55.7760000000001,1896.69333412605
55.777,1898.45987038369
55.778,1902.31609082376
55.7790000000002,1908.04058199682
55.7800000000002,1915.17572036764
55.7810000000002,1922.81805943505
55.7820000000002,1928.70696999422
55.7830000000001,1934.59424890288
55.7840000000001,1940.31878885624
55.7850000000001,1945.81639583621
55.7860000000001,1951.11234910973
55.787,1955.93901230439
55.788,1958.80248211705
55.7890000000002,1961.98885614084
55.7900000000002,1965.67035476238
55.7910000000002,1969.83372805475
55.7920000000001,1974.28523060625
55.7930000000001,1978.3021960663
55.7940000000001,1979.93835545832
55.7950000000001,1980.92829159824
55.796,1981.04639654698
55.797,1980.07671435689
55.798,1977.85725236166
55.7990000000002,1973.89689348067
55.8000000000002,1966.76791868519
55.8010000000002,1958.76155527273
55.8020000000001,1950.29926272
55.8030000000001,1941.77841709383
55.8040000000001,1933.53715309901
55.8050000000001,1925.38006032164
55.806,1916.06928702334
55.807,1907.77295485047
55.8080000000002,1900.65415717717
55.8090000000002,1894.72429356452
55.8100000000002,1889.86928738487
55.8110000000001,1885.41253009927
55.8120000000001,1879.80120353225
55.8130000000001,1874.85731039285
55.8140000000001,1870.57542802177
55.8150000000001,1866.92618442024
55.816,1863.86277969609
55.817,1860.82335543041
55.8180000000002,1856.51104352041
55.8190000000002,1852.87240642495
55.8200000000002,1850.04931929316
55.8210000000001,1848.11314373181
55.8220000000001,1847.06272965207
55.8230000000001,1846.29390283179
55.8240000000001,1844.5214382919
55.825,1843.56629184093
55.826,1843.42946899244
55.8270000000002,1844.01104740238
55.8280000000002,1845.11839133676
55.8290000000002,1845.91353455713
55.8300000000002,1845.0004457058
55.8310000000001,1844.05437866381
55.8320000000001,1843.00672477079
55.8330000000001,1841.78708976858
55.8340000000001,1840.35106170088
55.835,1838.09431721759
55.836,1834.04742660735
55.8370000000002,1830.25598367985
55.8380000000002,1827.02532164648
55.8390000000002,1824.56054401752
55.8400000000001,1822.93490897541
55.8410000000001,1821.43687868374
55.8420000000001,1818.91391112259
55.8430000000001,1817.01586276497
55.8440000000001,1815.62180633004
55.845,1814.56346439125
55.846,1813.68799147183
55.8470000000002,1812.23118712671
55.8480000000002,1809.32415773768
55.8490000000002,1807.01964187292
55.8500000000001,1805.72061040809
55.8510000000001,1805.77610729423
55.8520000000001,1807.42128557267
55.8530000000001,1810.00624520425
55.854,1812.58718083039
55.855,1816.78325156686
55.8560000000002,1822.34226515703
55.8570000000002,1828.83119697473
55.8580000000002,1835.70851048066
55.8590000000002,1841.64727713982
55.8600000000001,1845.3684307794
55.8610000000001,1848.36911399945
55.8620000000001,1850.60392908949
55.8630000000001,1852.09659685864
55.864,1852.92034585038
55.865,1852.3892238529
55.8660000000002,1849.90737344844
55.8670000000002,1847.38816482313
55.8680000000002,1845.09050209608
55.8690000000001,1843.16802237444
55.8700000000001,1841.67624166798
55.8710000000001,1839.78599348793
55.8720000000001,1836.80217150102
55.873,1834.40512552387
55.874,1832.69033699542
55.875,1831.6681494268
55.8760000000002,1831.25923209237
55.8770000000002,1830.46546512801
55.8780000000002,1828.50420133559
55.8790000000001,1826.84755384483
55.8800000000001,1825.44112898696
55.8810000000001,1824.19257407236
55.8820000000001,1823.00006750904
55.883,1820.92364525656
55.884,1817.44642543256
55.8850000000002,1814.26906792973
55.8860000000002,1811.65632111901
55.8870000000002,1809.82166457674
55.8880000000001,1808.89404620608
55.8890000000001,1808.01326768399
55.8900000000001,1806.68986942763
55.8910000000001,1806.37949012549
55.8920000000001,1807.02046216989
55.893,1808.43707944892
55.894,1810.37655835598
55.8950000000002,1811.64091293814
55.8960000000002,1811.627555931
55.8970000000002,1811.73359003106
55.8980000000001,1812.01979853966
55.8990000000001,1812.54939518976
55.9000000000001,1813.37453055098
55.9010000000001,1813.59081225795
55.902,1812.94258584002
55.903,1812.9778703904
55.9040000000002,1813.86475588779
55.9050000000002,1815.69009006383
55.9060000000002,1818.46363406507
55.9070000000002,1821.18733142864
55.9080000000001,1823.57631013056
55.9090000000001,1826.97423101556
55.9100000000001,1831.3767979916
55.9110000000001,1836.67004560969
55.912,1842.63216465124
55.913,1847.99786611453
55.9140000000002,1852.29350278868
55.9150000000002,1856.54571543817
55.9160000000002,1860.53310186445
55.9170000000001,1864.01724707803
55.9180000000001,1866.78288779386
55.9190000000001,1867.69151369988
55.9200000000001,1866.65555622266
55.921,1865.11516936239
55.922,1863.35312773583
55.923,1861.63809745034
55.9240000000002,1860.19471230409
55.9250000000002,1858.16629008053
55.9260000000002,1855.67710812354
55.9270000000001,1854.09659578131
55.9280000000001,1853.49668395581
55.9290000000001,1853.80902409276
55.9300000000001,1854.85245594244
55.931,1855.33224230747
55.932,1855.0660025098
55.9330000000002,1855.09377283843
55.9340000000002,1855.28844093352
55.9350000000002,1855.47302863808
55.9360000000001,1855.43324130262
55.9370000000001,1853.86944773608
55.9380000000001,1850.73333190717
55.9390000000001,1847.15598209806
55.9400000000001,1843.18763074146
55.941,1838.8943805337
55.942,1834.37554233932
55.9430000000002,1828.6775994753
55.9440000000002,1822.22638197309
55.9450000000002,1816.52834575949
55.9460000000001,1811.97332200896
55.9470000000001,1808.83623059079
55.9480000000001,1807.23905860694
55.9490000000001,1805.95560596759
55.95,1805.04805834942
55.951,1805.46690159113
55.9520000000002,1806.94241612211
55.9530000000002,1809.06221282081
55.9540000000002,1811.30924326486
55.9550000000002,1811.71248888011
55.9560000000001,1810.01995773526
55.9570000000001,1807.2622213529
55.9580000000001,1803.39675334352
55.9590000000001,1798.41887326972
55.96,1792.30869992897
55.961,1783.27598322047
55.9620000000002,1771.55064070887
55.9630000000002,1758.84020382837
55.9640000000002,1745.62118559407
55.9650000000001,1732.37534806769
55.9660000000001,1719.51589056933
55.9670000000001,1705.45998657752
55.9680000000001,1690.78456643121
55.9690000000001,1677.42934021475
55.97,1665.9660310218
55.971,1656.83379580769
55.9720000000002,1650.24758801665
55.9730000000002,1644.71039513615
55.9740000000002,1640.39729381839
55.9750000000001,1637.98796117773
55.9760000000001,1636.96444027205
55.9770000000001,1636.72407619268
55.9780000000001,1636.70738154249
55.979,1635.73309355392
55.98,1634.22802539704
55.9810000000002,1632.74144725225
55.9820000000002,1631.21501984072
55.9830000000002,1629.60093246837
55.9840000000002,1627.89104338995
55.9850000000001,1625.52485264768
55.9860000000001,1623.30138557921
55.9870000000001,1621.78745943383
55.9880000000001,1620.91630609053
55.989,1620.5631811
55.99,1620.63432162731
55.9910000000002,1620.4066065678
55.9920000000002,1620.6827744656
55.9930000000002,1622.04852567013
55.9940000000001,1624.37428632505
55.9950000000001,1627.34960531028
55.9960000000001,1630.54455729723
55.9970000000001,1632.23272422837
55.998,1632.91117581439
55.999,1633.43965187929
56,1634.1850799033
56.0010000000002,1635.81298257303
56.0020000000002,1639.28170705151
56.0030000000002,1644.2783077293
56.0040000000001,1653.08656085826
56.0050000000001,1668.25369637629
56.0060000000001,1691.45218440959
56.0070000000001,1724.16456441352
56.008,1767.58495587164
56.009,1821.08349555445
56.0100000000002,1886.03515102078
56.0110000000002,1963.41007884118
56.0120000000002,2052.91550347519
56.0130000000001,2153.70360329933
56.0140000000001,2264.37547087149
56.0150000000001,2381.59343687758
56.0160000000001,2504.02933098817
56.0170000000001,2629.92662883268
56.018,2756.52199478863
56.019,2880.74062558145
56.0200000000002,2999.14010779282
56.0210000000002,3106.30498762676
56.0220000000002,3198.70350448541
56.0230000000001,3271.82677476212
56.0240000000001,3319.60259094759
56.0250000000001,3335.21637180307
56.0260000000001,3311.57729070066
56.027,3240.61058310887
56.028,3118.42081385495
56.0290000000002,2943.62729399145
56.0300000000002,2717.9638402008
56.0310000000002,2447.5436422992
56.0320000000002,2142.91227950713
56.0330000000001,1816.87438220086
56.0340000000001,1487.25612082425
56.0350000000001,1172.03123678062
56.0360000000001,886.804305686712
56.037,643.324310741078
56.038,447.993323754071
56.0390000000002,299.746381705369
56.0400000000002,194.811793268397
56.0410000000002,125.093349364729
56.0420000000001,80.1757212651817
56.0430000000001,50.333945259915
56.0440000000001,28.7488065406264
56.0450000000001,11.4405602244506
56.046,2.08103635414385
56.047,7.98829795156848
56.048,38.2990091529673
56.0490000000002,102.090340422889
56.0500000000002,205.890821109539
56.0510000000002,350.079739229292
56.0520000000001,532.250322092446
56.0530000000001,743.817782744729
56.0540000000001,971.246879757866
56.0550000000001,1198.58321035917
56.056,1409.93915301171
56.057,1590.27782324599
56.0580000000002,1731.90699161096
56.0590000000002,1831.76743857175
56.0600000000002,1891.51176381351
56.0610000000001,1916.94423908105
56.0620000000001,1916.38336614705
56.0630000000001,1897.16525525284
56.0640000000001,1868.77954815138
56.0650000000001,1837.89499054548
56.066,1808.19871040508
56.067,1781.02314410551
56.0680000000002,1756.0380057188
56.0690000000002,1730.45390636496
56.0700000000002,1704.97680836667
56.0710000000001,1680.177093318
56.0720000000001,1657.14608785222
56.0730000000001,1637.69650769956
56.0740000000001,1623.85460010029
56.075,1615.27096401221
56.076,1614.64642072053
56.0770000000002,1622.18397301112
56.0780000000002,1636.37517330975
56.0790000000002,1654.76883761965
56.0800000000002,1674.48933443093
56.0810000000001,1690.48423344026
56.0820000000001,1703.19927142337
56.0830000000001,1712.18095574902
56.0840000000001,1717.33259440184
56.085,1719.28745143277
56.086,1719.14287480123
56.0870000000002,1715.66066912669
56.0880000000002,1712.67784205724
56.0890000000002,1711.52444437399
56.0900000000001,1712.43489523618
56.0910000000001,1715.13571108135
56.0920000000001,1719.05101938989
56.0930000000001,1721.51555933634
56.0940000000001,1724.02439500137
56.095,1726.75923385627
56.096,1729.66474052193
56.0970000000002,1732.69278618805
56.0980000000002,1735.71282368954
56.0990000000002,1737.11067186983
56.1000000000001,1737.54369567509
56.1010000000001,1737.10944392138
56.1020000000001,1735.83568541181
56.1030000000001,1733.84370914341
56.104,1731.3330908063
56.105,1727.37563978458
56.1060000000002,1723.10870948272
56.1070000000002,1719.38479078269
56.1080000000002,1716.98224440285
56.1090000000002,1716.53358247374
56.1100000000001,1718.35265585246
56.1110000000001,1721.05310720185
56.1120000000001,1725.13970275815
56.1130000000001,1730.31038233642
56.114,1736.0539944135
56.115,1741.81523757393
56.1160000000002,1747.03717162175
56.1170000000002,1749.3845342824
56.1180000000002,1750.34623529578
56.1190000000001,1750.10947449085
56.1200000000001,1748.839392844
56.1210000000001,1746.78723443614
56.1220000000001,1744.22817922746
56.123,1739.35076962251
56.124,1734.64145510407
56.125,1730.64641784378
56.1260000000002,1727.65894704835
56.1270000000002,1725.87278903696
56.1280000000002,1725.3928810103
56.1290000000001,1724.16610107785
56.1300000000001,1724.45069630416
56.1310000000001,1726.55414165692
56.1320000000001,1730.53708331515
56.133,1736.26845381214
56.134,1743.38436071715
56.1350000000002,1749.19448898993
56.1360000000002,1755.23150107665
56.1370000000002,1761.0603512231
56.1380000000001,1766.18078711301
56.1390000000001,1770.18339770298
56.1400000000001,1772.81151977359
56.1410000000001,1771.87256585435
56.1420000000001,1769.91748999081
56.143,1767.66434826709
56.144,1765.87693273698
56.1450000000002,1765.28024428514
56.1460000000002,1766.42302034222
56.1470000000002,1767.40888194914
56.1480000000001,1770.65695769888
56.1490000000001,1776.11418653344
56.1500000000001,1783.40663220443
56.1510000000001,1791.91602307009
56.152,1800.83250190911
56.153,1807.20283453077
56.1540000000002,1812.71652494404
56.1550000000002,1817.06985295882
56.1560000000002,1820.09527192866
56.1570000000002,1821.75530518754
56.1580000000001,1822.02898931197
56.1590000000001,1818.87415222013
56.1600000000001,1814.88888443627
56.1610000000001,1810.51425449865
56.162,1806.12555209961
56.163,1802.00613946474
56.1640000000002,1798.21320448943
56.1650000000002,1792.69339672071
56.1660000000002,1787.81932357344
56.1670000000001,1783.7293751057
56.1680000000001,1780.42698508468
56.1690000000001,1777.78385176518
56.1700000000001,1775.40704298116
56.171,1770.93236853822
56.172,1766.40836597027
56.173,1761.83452602565
56.1740000000002,1757.27531593793
56.1750000000002,1752.89302203174
56.1760000000002,1748.77763732281
56.1770000000001,1743.31763000294
56.1780000000001,1739.36045476321
56.1790000000001,1737.69116587051
56.1800000000001,1739.00866062166
56.181,1743.83085029931
56.182,1752.19072098341
56.1830000000002,1762.08573961003
56.1840000000002,1775.45032945577
56.1850000000002,1791.82700119153
56.1860000000001,1810.4385152091
56.1870000000001,1830.25965720138
56.1880000000001,1849.86739950528
56.1890000000001,1866.20623889686
56.1900000000001,1880.49876535559
56.191,1892.1604004894
56.192,1900.85602666813
56.1930000000002,1906.51893499807
56.1940000000002,1909.04429120585
56.1950000000002,1907.01128327397
56.1960000000001,1903.21077472651
56.1970000000001,1898.4567490217
56.1980000000001,1893.45987160313
56.1990000000001,1888.74363952715
56.2,1884.2778524579
56.201,1878.38578052144
56.2020000000002,1873.26348317363
56.2030000000002,1869.02098374933
56.2040000000002,1865.73591896638
56.2050000000002,1863.5228723369
56.2060000000001,1862.21939287362
56.2070000000001,1860.42288363351
56.2080000000001,1860.75088595727
56.2090000000001,1863.82791994511
56.21,1870.1173833532
56.211,1879.80279801928
56.2120000000002,1892.30407531906
56.2130000000002,1905.40788904888
56.2140000000002,1920.45279174218
56.2150000000001,1936.54663096697
56.2160000000001,1952.64192704729
56.2170000000001,1967.68698027908
56.2180000000001,1980.34024561836
56.2190000000001,1988.3869357631
56.22,1993.79958213252
56.221,1996.9356348049
56.2220000000002,1998.39836292619
56.2230000000002,1998.91407648991
56.2240000000002,1998.72150119217
56.2250000000001,1996.87177884594
56.2260000000001,1995.94249211058
56.2270000000001,1996.31394691741
56.2280000000001,1998.06092029352
56.229,2000.98725611024
56.23,2004.19514370071
56.2310000000002,2005.7453457429
56.2320000000002,2007.34964343349
56.2330000000002,2008.91682696175
56.2340000000002,2010.43839669122
56.2350000000001,2011.97419385994
56.2360000000001,2013.0807672286
56.2370000000001,2012.46992480694
56.2380000000001,2012.32236352003
56.239,2012.90454614192
56.24,2014.34463108971
56.2410000000002,2016.61168348156
56.2420000000002,2018.9538491112
56.2430000000002,2019.77629692832
56.2440000000001,2020.82550167574
56.2450000000001,2022.03406958109
56.2460000000001,2023.32691683612
56.2470000000001,2024.63328854684
56.248,2025.27599590161
56.249,2023.97694079289
56.25,2022.85417851469
56.2510000000002,2022.20473732773
56.2520000000002,2022.28004089174
56.2530000000002,2023.2529305762
56.2540000000001,2024.53916627385
56.2550000000001,2024.95014469246
56.2560000000001,2026.45626979224
56.2570000000001,2029.10768914308
56.258,2032.83385296124
56.259,2037.4608887696
56.2600000000002,2042.06398506942
56.2610000000002,2045.30490911926
56.2620000000002,2048.91345989223
56.2630000000001,2052.86369671734
56.2640000000001,2057.09614308755
56.2650000000001,2061.5143727238
56.2660000000001,2065.28828700625
56.2670000000001,2067.30538756195
56.268,2069.37419482724
56.269,2071.60280713931
56.2700000000002,2074.06990042819
56.2710000000002,2076.82951245344
56.2720000000002,2079.18267281593
56.2730000000001,2080.27180771806
56.2740000000001,2082.05572670128
56.2750000000001,2084.77333783066
56.2760000000001,2088.55824873597
56.277,2093.4128055585
56.278,2098.41462035805
56.2790000000002,2102.48868958463
56.2800000000002,2107.22964185775
56.2810000000002,2112.46548524577
56.2820000000002,2117.954145898
56.2830000000001,2123.42778870428
56.2840000000001,2127.81144787466
56.2850000000001,2130.16311792698
56.2860000000001,2132.26480448404
56.287,2134.24969191007
56.288,2136.20128508586
56.2890000000002,2138.1233390249
56.2900000000002,2139.06502801271
56.2910000000002,2138.18865214866
56.2920000000001,2137.18053225416
56.2930000000001,2136.05331697973
56.2940000000001,2134.79326855931
56.2950000000001,2133.40167135032
56.296,2131.01846515747
56.297,2127.15242816952
56.298,2123.88144466161
56.2990000000002,2121.64739157515
56.3000000000002,2120.77850399307
56.3010000000002,2121.41859610082
56.3020000000001,2122.35655296953
56.3030000000001,2122.5194365589
56.3040000000001,2123.62875659618
56.3050000000001,2125.45127893978
56.306,2127.59734328154
56.307,2129.5274717028
56.3080000000002,2129.22123293859
56.3090000000002,2125.1025055146
56.3100000000002,2119.14599208576
56.3110000000001,2111.54272115479
56.3120000000001,2102.66977760657
56.3130000000001,2093.00662420605
56.3140000000001,2081.6386905208
56.3150000000001,2068.2022566326
56.316,2055.46748062407
56.317,2044.13542616391
56.3180000000002,2034.66548523378
56.3190000000002,2027.19316703208
56.3200000000002,2020.42931563309
56.3210000000001,2013.53890804607
56.3220000000001,2007.62235774556
56.3230000000001,2002.21955533623
56.3240000000001,1996.96676299436
56.325,1991.74158699814
56.326,1986.10720718318
56.3270000000002,1980.68496156498
56.3280000000002,1976.9936852488
56.3290000000002,1975.34410210759
56.3300000000002,1975.69152822835
56.3310000000001,1977.62050175555
56.3320000000001,1979.88913918882
56.3330000000001,1981.92384550094
56.3340000000001,1983.59809785766
56.335,1983.98749453724
56.336,1982.48455387759
56.3370000000002,1979.04469165176
56.3380000000002,1973.48465033564
56.3390000000002,1967.20364421023
56.3400000000001,1962.87655534361
56.3410000000001,1961.89457136075
56.3420000000001,1965.03444585614
56.3430000000001,1972.17648005428
56.3440000000001,1981.01819056086
56.345,1989.6487327064
56.346,1997.28492616166
56.3470000000002,2001.80937042792
56.3480000000002,2001.71506348877
56.3490000000002,1996.65514012693
56.3500000000001,1986.49919472681
56.3510000000001,1974.15312602727
56.3520000000001,1965.59972782868
56.3530000000001,1966.30242092261
56.354,1981.83822083135
56.355,2017.06948554656
56.3560000000002,2074.09907686632
56.3570000000002,2154.48730115277
56.3580000000002,2258.94202264063
56.3590000000002,2384.62739790723
56.3600000000001,2526.82652335611
56.3610000000001,2679.53683477083
56.3620000000001,2834.8749903232
56.3630000000001,2986.61370989306
56.364,3130.40092353862
56.365,3261.50689822815
56.3660000000002,3376.11230651734
56.3670000000002,3471.1562619603
56.3680000000002,3542.69155963416
56.3690000000001,3588.62211584325
56.3700000000001,3607.9186158802
56.3710000000001,3598.01180766352
56.3720000000001,3556.05199296053
56.373,3479.15652326242
56.374,3363.44512803261
56.375,3207.77693644333
56.3760000000002,3013.60131869404
56.3770000000002,2783.10305075249
56.3780000000002,2520.65237759896
56.3790000000001,2232.83364794653
56.3800000000001,1926.79859361008
56.3810000000001,1613.04567758081
56.3820000000001,1303.81870495946
56.383,1010.1405103974
56.384,742.089374484175
56.3850000000002,508.074978828694
56.3860000000002,312.910586026644
56.3870000000002,160.982402632951
56.3880000000001,55.222856801941
56.3890000000001,-4.56042920137344
56.3900000000001,-20.1631868651074
56.3910000000001,5.51784492716046
56.3920000000001,67.4839431581272
56.393,162.471041673451
56.394,287.775130086659
56.3950000000002,439.377473674219
56.3960000000002,612.78786119949
56.3970000000002,802.825264273878
56.3980000000001,1001.99065233438
56.3990000000001,1204.15723047143
56.4000000000001,1403.28346881523
56.4010000000001,1592.17075509732
56.402,1764.02809409151
56.403,1913.08794616606
56.4040000000002,2033.6397140154
56.4050000000002,2124.22451453072
56.4060000000002,2186.02826534075
56.4070000000002,2221.20398372182
56.4080000000001,2233.42988601853
56.4090000000001,2227.33680039013
56.4100000000001,2206.3194133085
56.4110000000001,2175.94123051491
56.412,2141.5303302667
56.413,2106.54497770936
56.4140000000002,2073.44803346027
56.4150000000002,2043.8078997233
56.4160000000002,2016.88083750753
56.4170000000001,1994.03402008856
56.4180000000001,1976.68984502107
56.4190000000001,1965.16972425099
56.4200000000001,1959.6120142549
56.421,1959.90721018917
56.422,1963.71583342333
56.423,1971.53213395146
56.4240000000002,1983.50084722797
56.4250000000002,1998.31864357993
56.4260000000002,2014.44759362804
56.4270000000001,2030.32860072759
56.4280000000001,2042.40201340065
56.4290000000001,2051.3909374603
56.4300000000001,2058.15076474052
56.431,2062.63790169233
56.432,2065.0620287233
56.4330000000002,2065.82942009571
56.4340000000002,2063.2356270454
56.4350000000002,2059.59254284874
56.4360000000001,2056.67314678666
56.4370000000001,2054.80607680186
56.4380000000001,2054.00678869746
56.4390000000001,2054.05798876543
56.4400000000001,2052.81514905377
56.441,2051.16864945028
56.442,2049.88373587397
56.4430000000002,2048.9460069069
56.4440000000002,2048.33564420518
56.4450000000002,2048.00277915198
56.4460000000001,2046.62973860371
56.4470000000001,2044.61800848414
56.4480000000001,2042.65620171193
56.4490000000001,2041.07682113778
56.45,2040.18276478142
56.451,2040.14159344393
56.4520000000002,2039.81868775452
56.4530000000002,2039.38456842661
56.4540000000002,2039.25444562787
56.4550000000002,2039.54384354457
56.4560000000001,2040.34299097838
56.4570000000001,2041.64193099728
56.4580000000001,2041.82966660357
56.4590000000001,2041.52785703041
56.46,2041.28510515016
56.461,2041.2223414147
56.4620000000002,2041.47610168807
56.4630000000002,2042.14821678184
56.4640000000002,2041.36623673524
56.4650000000001,2040.60303315952
56.4660000000001,2040.70390058206
56.4670000000001,2041.79194669184
56.4680000000001,2043.88799107994
56.4690000000001,2046.90609555574
56.47,2048.62051250515
56.471,2050.5071842079
56.4720000000002,2053.19573341601
56.4730000000002,2056.5750881228
56.4740000000002,2060.42405004323
56.4750000000001,2064.41846677198
56.4760000000001,2066.15261991038
56.4770000000001,2066.91605447305
56.4780000000001,2067.208958579
56.479,2066.98931360483
56.48,2066.25166879932
56.4810000000002,2065.02920422746
56.4820000000002,2061.39304722192
56.4830000000002,2057.21058358041
56.4840000000002,2053.49115698626
56.4850000000001,2050.69156736832
56.4860000000001,2049.17195336214
56.4870000000001,2049.13686537338
56.4880000000001,2048.53377104148
56.489,2049.07257600025
56.49,2051.26873359058
56.4910000000002,2054.98911496763
56.4920000000002,2059.97090002851
56.4930000000002,2065.85037677092
56.4940000000001,2070.06874338862
56.4950000000001,2074.16104092906
56.4960000000001,2078.50435677871
56.4970000000001,2082.99772849381
56.498,2087.50521421559
56.499,2091.83545364097
56.5,2093.59194740645
56.5010000000002,2094.54381562539
56.5020000000002,2095.19127628145
56.5030000000002,2095.6188169075
56.5040000000001,2095.92989980095
56.5050000000001,2096.24839986098
56.5060000000001,2094.53916375144
56.5070000000001,2093.0717044322
56.508,2092.71027964686
56.509,2093.83018838536
56.5100000000002,2096.62914811605
56.5110000000002,2101.06618391591
56.5120000000002,2104.62295608131
56.5130000000001,2108.96602760671
56.5140000000001,2114.09866757962
56.5150000000001,2119.55896871072
56.5160000000001,2124.84283766059
56.5170000000001,2129.47527182747
56.518,2130.83676210563
56.519,2130.96670686906
56.5200000000002,2130.45866886311
56.5210000000002,2129.69664369672
56.5220000000002,2129.08845618646
56.5230000000001,2128.97522986981
56.5240000000001,2127.30524142772
56.5250000000001,2126.43732144287
56.5260000000001,2126.82546249169
56.527,2128.44302305044
56.528,2131.07502658934
56.5290000000002,2134.35503464775
56.5300000000002,2135.52859019958
56.5310000000002,2136.52510645046
56.5320000000002,2137.46429854529
56.5330000000001,2138.24827327561
56.5340000000001,2138.78992162805
56.5350000000001,2138.99389768625
56.5360000000001,2136.3913049185
56.537,2133.39368382187
56.538,2130.45830130165
56.5390000000002,2127.83306674093
56.5400000000002,2125.74884815977
56.5410000000002,2124.40124982319
56.5420000000001,2121.52838824826
56.5430000000001,2119.83011798135
56.5440000000001,2119.83408826288
56.5450000000001,2121.74808484168
56.546,2125.57013712259
56.547,2131.04609221952
56.548,2135.19715089122
56.5490000000002,2140.02009706825
56.5500000000002,2145.17489119212
56.5510000000002,2150.11853861004
56.5520000000001,2154.30324616977
56.5530000000001,2157.23745089328
56.5540000000001,2155.98312129039
56.5550000000001,2153.17980954517
56.556,2149.29918241051
56.557,2144.85771914697
56.5580000000002,2140.42777385116
56.5590000000002,2136.53549264948
56.5600000000002,2130.9431291471
56.5610000000001,2126.82514334155
56.5620000000001,2124.63744295392
56.5630000000001,2124.53219739626
56.5640000000001,2126.40183182563
56.5650000000001,2129.88806128109
56.566,2131.73574905654
56.567,2134.32131680161
56.5680000000002,2137.3300012779
56.5690000000002,2140.41576934262
56.5700000000002,2143.2346084538
56.5710000000001,2145.403935264
56.5720000000001,2143.96009512854
56.5730000000001,2141.64287314878
56.5740000000001,2138.61681840548
56.575,2135.05147562436
56.576,2131.10813655964
56.5770000000002,2126.82812015795
56.5780000000002,2119.74472974358
56.5790000000002,2112.89531925222
56.5800000000002,2106.69574296659
56.5810000000001,2101.49393492528
56.5820000000001,2097.56102388744
56.5830000000001,2094.94237252172
56.5840000000001,2091.23982375188
56.585,2089.33553743574
56.586,2089.44593969834
56.5870000000002,2091.62498260306
56.5880000000002,2095.75798971419
56.5890000000002,2101.38774641429
56.5900000000001,2105.67184462042
56.5910000000001,2110.95883836506
56.5920000000001,2117.00349393772
56.5930000000001,2123.50284901502
56.5940000000001,2130.14003139685
56.595,2136.40718880658
56.596,2139.73216973828
56.5970000000002,2142.83223071808
56.5980000000002,2146.02006275317
56.5990000000002,2149.64991944834
56.6000000000001,2154.0811260292
56.6010000000001,2159.37433300716
56.6020000000001,2163.4972172563
56.6030000000001,2169.35864053495
56.604,2177.24867900667
56.605,2187.23285212334
56.6060000000002,2199.14258164067
56.6070000000002,2212.29181052535
56.6080000000002,2223.92759601459
56.6090000000002,2236.13378107067
56.6100000000001,2248.51262761659
56.6110000000001,2260.63620071646
56.6120000000001,2272.10018075644
56.6130000000001,2282.23036007162
56.614,2288.68696909553
56.615,2294.10328749277
56.6160000000002,2298.81508747329
56.6170000000002,2303.19793812545
56.6180000000002,2307.62122348621
56.6190000000001,2312.02115123434
56.6200000000001,2314.58741850897
56.6210000000001,2318.0957044235
56.6220000000001,2322.79531089294
56.623,2328.71196805974
56.624,2335.64591713602
56.625,2342.77663785433
56.6260000000002,2347.59609378131
56.6270000000002,2352.11889430689
56.6280000000002,2356.00553751125
56.6290000000001,2358.90766046808
56.6300000000001,2360.51513139881
56.6310000000001,2360.13377952973
56.6320000000001,2355.75179227031
56.633,2350.02833621219
56.634,2343.42816065348
56.6350000000002,2336.46357294917
56.6360000000002,2329.64598908924
56.6370000000002,2322.93196037151
56.6380000000001,2314.8675834035
56.6390000000001,2308.32812682997
56.6400000000001,2303.762747125
56.6410000000001,2301.41202302818
56.6420000000001,2301.29367082223
56.643,2302.66861880437
56.644,2303.42014739961
56.6450000000002,2305.60601493663
56.6460000000002,2308.98032879571
56.6470000000002,2313.22198310712
56.6480000000001,2317.96672542458
56.6490000000001,2322.25822002731
56.6500000000001,2324.09345963464
56.6510000000001,2325.70530652488
56.652,2327.20041417895
56.653,2328.69858044843
56.6540000000002,2330.30459336778
56.6550000000002,2331.454712744
56.6560000000002,2330.57572938399
56.6570000000002,2330.12800358066
56.6580000000001,2330.31795027641
56.6590000000001,2331.22641130267
56.6600000000001,2332.8012172577
56.6610000000001,2334.19524362854
56.662,2333.63746347229
56.663,2333.30630762909
56.6640000000002,2333.20169414111
56.6650000000002,2333.28689518884
56.6660000000002,2333.50050367639
56.6670000000001,2333.04888581138
56.6680000000001,2330.43681401283
56.6690000000001,2328.09343843458
56.6700000000001,2326.29599356571
56.671,2325.2602391113
56.672,2325.11434614201
56.673,2325.10812601969
56.6740000000002,2323.80949492497
56.6750000000002,2323.54729686038
56.6760000000002,2324.39868112049
56.6770000000001,2326.31964137999
56.6780000000001,2329.16107108214
56.6790000000001,2331.8769114211
56.6800000000001,2332.93896638455
56.681,2334.56132628683
56.682,2336.83555393243
56.6830000000002,2339.83407768123
56.6840000000002,2343.60686264702
56.6850000000002,2347.31039052235
56.6860000000001,2349.75799265244
56.6870000000001,2353.3373220348
56.6880000000001,2358.24250435601
56.6890000000001,2364.51670801808
56.6900000000001,2372.03468876007
56.691,2379.59861264141
56.692,2385.70089180166
56.6930000000002,2392.23103237415
56.6940000000002,2398.93657886218
56.6950000000002,2405.50319925032
56.6960000000001,2411.59919344571
56.6970000000001,2415.97983940541
56.6980000000001,2417.41986715355
56.6990000000001,2418.10752203768
56.7,2418.28105682347
56.701,2418.17347960678
56.7020000000002,2417.97933121084
56.7030000000002,2416.8463054069
56.7040000000002,2413.92887987794
56.7050000000002,2411.54317604863
56.7060000000001,2409.96025621243
56.7070000000001,2409.34179715717
56.7080000000001,2409.74210718395
56.7090000000001,2410.07496132454
56.71,2409.3762947153
56.711,2409.76813065141
56.7120000000002,2411.33173424854
56.7130000000002,2414.01613434179
56.7140000000002,2417.62645568445
56.7150000000001,2420.74838519571
56.7160000000001,2422.20663941614
56.7170000000001,2423.79613249574
56.7180000000001,2425.38544672794
56.7190000000001,2426.8460806621
56.72,2428.08870220712
56.721,2427.96495627195
56.7220000000002,2425.88021748844
56.7230000000002,2424.19583672979
56.7240000000002,2423.40337597921
56.7250000000001,2423.89617195909
56.7260000000001,2425.89384738215
56.7270000000001,2428.20789080894
56.7280000000001,2430.01440052673
56.729,2433.07611536126
56.73,2437.12078537324
56.7310000000002,2441.72060525499
56.7320000000002,2446.36177063692
56.7330000000002,2449.2873335923
56.7340000000002,2449.54867363133
56.7350000000001,2449.0376077164
56.7360000000001,2447.96108203767
56.7370000000001,2446.60076167174
56.7380000000001,2445.25023884141
56.739,2442.87223088763
56.74,2439.1981430188
56.7410000000002,2436.39129557764
56.7420000000002,2434.66955357441
56.7430000000002,2434.04529962408
56.7440000000001,2434.33459432093
56.7450000000001,2433.87412123538
56.7460000000001,2431.91634331252
56.7470000000001,2430.11475787678
56.748,2428.39111064136
56.749,2426.6736101045
56.75,2424.90680765571
56.7510000000002,2421.69213384693
56.7520000000002,2416.83016073571
56.7530000000002,2412.46857214948
56.7540000000001,2409.07182620026
56.7550000000001,2407.07465988897
56.7560000000001,2406.84363527195
56.7570000000001,2407.23270250132
56.758,2408.27065724862
56.759,2411.96947832426
56.7600000000002,2418.45510417691
56.7610000000002,2427.58003168492
56.7620000000002,2438.91170116438
56.7630000000001,2450.32731506414
56.7640000000001,2460.9398048144
56.7650000000001,2471.71425343852
56.7660000000001,2481.96235114793
56.7670000000001,2491.01673782551
56.768,2498.31291468471
56.769,2501.985354946
56.7700000000002,2501.95254179945
56.7710000000002,2500.19507257466
56.7720000000002,2497.28655540282
56.7730000000001,2493.86154667508
56.7740000000001,2490.52931606753
56.7750000000001,2486.28239340223
56.7760000000001,2481.68041661637
56.777,2478.83652575922
56.778,2478.14989161858
56.7790000000002,2479.82289122155
56.7800000000002,2483.88232728531
56.7810000000002,2488.66188816949
56.7820000000002,2494.21410048164
56.7830000000001,2502.03933521142
56.7840000000001,2512.01719972422
56.7850000000001,2523.84058155367
56.7860000000001,2537.00137957564
56.787,2549.21531125176
56.788,2560.02801335538
56.7890000000002,2570.34028751411
56.7900000000002,2579.60663785249
56.7910000000002,2587.33127076058
56.7920000000001,2593.13991171811
56.7930000000001,2595.19031953648
56.7940000000001,2593.96350905422
56.7950000000001,2591.425571316
56.796,2588.22824621517
56.797,2584.99686271429
56.798,2582.22972483623
56.7990000000002,2578.52940814201
56.8000000000002,2574.52538295305
56.8010000000002,2571.80067614602
56.8020000000001,2570.3536831245
56.8030000000001,2569.9980518821
56.8040000000001,2570.42563009733
56.8050000000001,2569.45859034125
56.806,2567.38330482352
56.807,2565.65961334428
56.8080000000002,2564.37140232999
56.8090000000002,2563.5101704248
56.8100000000002,2562.90134604389
56.8110000000001,2560.08403420395
56.8120000000001,2555.22450709417
56.8130000000001,2549.63939503663
56.8140000000001,2543.1906880798
56.8150000000001,2535.75855209053
56.816,2527.27095114071
56.817,2515.32861976012
56.8180000000002,2500.90118249695
56.8190000000002,2486.51912656416
56.8200000000002,2473.34657593998
56.8210000000001,2462.52876921592
56.8220000000001,2454.97005190317
56.8230000000001,2448.67467939083
56.8240000000001,2444.55584013325
56.825,2444.21982914045
56.826,2447.36879805399
56.8270000000002,2453.32037339641
56.8280000000002,2461.07498782833
56.8290000000002,2467.42046640454
56.8300000000002,2472.12644135339
56.8310000000001,2475.59526420722
56.8320000000001,2477.19920729369
56.8330000000001,2476.55681244905
56.8340000000001,2473.58425191685
56.835,2467.27524028795
56.836,2459.12983928372
56.8370000000002,2450.57769397949
56.8380000000002,2442.17406010791
56.8390000000002,2434.3872566062
56.8400000000001,2427.64206742663
56.8410000000001,2421.39950406553
56.8420000000001,2417.10160390918
56.8430000000001,2415.58594433145
56.8440000000001,2416.71138682912
56.845,2420.03606445513
56.846,2424.91451461564
56.8470000000002,2429.12204530253
56.8480000000002,2433.18704830965
56.8490000000002,2437.46544582277
56.8500000000001,2441.54218382864
56.8510000000001,2445.12480501535
56.8520000000001,2448.10817636706
56.8530000000001,2448.5088743527
56.854,2448.16120138169
56.855,2449.03398470607
56.8560000000002,2452.19419295724
56.8570000000002,2458.71427292889
56.8580000000002,2469.5913508008
56.8590000000002,2483.41753137447
56.8600000000001,2502.53801924123
56.8610000000001,2529.05356069072
56.8620000000001,2563.96285582577
56.8630000000001,2608.16022349671
56.864,2662.41379780891
56.865,2725.09140979675
56.8660000000002,2798.19376929333
56.8670000000002,2883.0285182951
56.8680000000002,2979.43588729044
56.8690000000001,3086.55728574443
56.8700000000001,3202.72059653335
56.8710000000001,3323.16892283906
56.8720000000001,3446.27263545122
56.873,3569.19701857469
56.874,3687.63883321658
56.875,3796.88498202304
56.8760000000002,3892.03696876323
56.8770000000002,3965.9834744383
56.8780000000002,4015.94237312254
56.8790000000001,4038.96387822007
56.8800000000001,4031.79588495108
56.8810000000001,3991.76709835689
56.8820000000001,3916.84393589961
56.883,3803.41781038019
56.884,3652.84149745789
56.8850000000002,3466.69485429963
56.8860000000002,3246.82933728086
56.8870000000002,2996.25074119141
56.8880000000001,2719.22820298725
56.8890000000001,2419.03360292931
56.8900000000001,2104.5925276781
56.8910000000001,1785.23209809858
56.8920000000001,1470.52945253218
56.893,1170.64029359641
56.894,895.791974258642
56.8950000000002,653.326679505038
56.8960000000002,453.92220594623
56.8970000000002,305.57893039228
56.8980000000001,213.377661425601
56.8990000000001,179.764471203697
56.9000000000001,204.344577850025
56.9010000000001,281.512684830378
56.902,407.599874987639
56.903,575.697058342293
56.9040000000002,776.666703807594
56.9050000000002,1000.4090776203
56.9060000000002,1236.52736335973
56.9070000000002,1472.53662902673
56.9080000000001,1701.48912287844
56.9090000000001,1916.51200284885
56.9100000000001,2111.676407015
56.9110000000001,2282.66416577521
56.912,2426.72877445621
56.913,2540.09921137629
56.9140000000002,2625.10362539593
56.9150000000002,2683.7990346738
56.9160000000002,2718.56889136108
56.9170000000001,2732.44662404768
56.9180000000001,2728.90419174794
56.9190000000001,2709.11461694403
56.9200000000001,2679.29070057477
56.921,2643.98367296303
56.922,2606.87171449966
56.923,2571.05965340077
56.9240000000002,2538.91322336818
56.9250000000002,2509.30129398741
56.9260000000002,2485.58162360179
56.9270000000001,2468.55708891779
56.9280000000001,2457.86591538176
56.9290000000001,2452.63610892078
56.9300000000001,2451.68407481131
56.931,2450.78110520457
56.932,2451.81253589774
56.9330000000002,2454.56015560662
56.9340000000002,2458.45008709165
56.9350000000002,2463.04555643408
56.9360000000001,2468.02082039754
56.9370000000001,2469.84382874092
56.9380000000001,2471.96124878905
56.9390000000001,2474.92504542829
56.9400000000001,2478.62070652805
56.941,2482.80855145567
56.942,2487.19696444123
56.9430000000002,2488.1712578338
56.9440000000002,2489.29410239067
56.9450000000002,2491.12469567493
56.9460000000001,2493.65061072101
56.9470000000001,2496.71743859386
56.9480000000001,2500.04038559008
56.9490000000001,2500.38056469338
56.95,2500.33013046762
56.951,2500.1159107845
56.9520000000002,2499.62954327209
56.9530000000002,2498.75087512338
56.9540000000002,2497.3726775708
56.9550000000002,2493.34048101213
56.9560000000001,2488.50391040307
56.9570000000001,2483.6079743005
56.9580000000001,2479.31784781799
56.9590000000001,2476.20031471649
56.96,2474.55730236453
56.961,2472.48922936236
56.9620000000002,2471.09665757567
56.9630000000002,2470.45138930443
56.9640000000002,2470.51752434969
56.9650000000001,2471.23610129642
56.9660000000001,2472.49157111918
56.9670000000001,2471.73391449305
56.9680000000001,2471.09272594398
56.9690000000001,2470.98947594709
56.97,2471.77483436353
56.971,2473.73868736634
56.9720000000002,2476.9923642444
56.9730000000002,2478.44471305277
56.9740000000002,2480.99130401542
56.9750000000001,2484.55251122956
56.9760000000001,2488.75690230405
56.9770000000001,2493.12303598087
56.9780000000001,2497.13359401042
56.979,2497.21136749772
56.98,2496.57726610797
56.9810000000002,2495.47387811472
56.9820000000002,2494.13768153053
56.9830000000002,2492.81632842857
56.9840000000002,2491.70352446792
56.9850000000001,2487.85531668701
56.9860000000001,2484.77034120304
56.9870000000001,2482.7455402307
56.9880000000001,2481.9068440587
56.989,2482.24023593365
56.99,2483.566677694
56.9910000000002,2482.75960428483
56.9920000000002,2482.98873272132
56.9930000000002,2484.44556503537
56.9940000000001,2487.26122110583
56.9950000000001,2491.48681307752
56.9960000000001,2496.95330484085
56.9970000000001,2500.5646527048
56.998,2505.33889854227
56.999,2511.18490092437
57,2517.8341433116
57.0010000000002,2524.876919909
57.0020000000002,2531.65528612852
57.0030000000002,2534.80548015203
57.0040000000001,2537.16685078955
57.0050000000001,2538.71565264441
57.0060000000001,2539.49201534669
57.0070000000001,2539.6106737998
57.008,2539.04686025217
57.009,2535.26699017421
57.0100000000002,2531.78641815305
57.0110000000002,2529.14959064523
57.0120000000002,2527.74679321294
57.0130000000001,2527.77836930121
57.0140000000001,2528.99224983057
57.0150000000001,2528.54626915716
57.0160000000001,2529.33970898318
57.0170000000001,2531.29853464645
57.018,2534.25172550244
57.019,2537.98880116076
57.0200000000002,2542.01456661507
57.0210000000002,2543.6233591867
57.0220000000002,2545.85125347969
57.0230000000001,2548.93023602997
57.0240000000001,2552.99451153658
57.0250000000001,2558.03306611848
57.0260000000001,2563.52278161294
57.027,2566.65805401566
57.028,2570.04354471441
57.0290000000002,2573.41850870286
57.0300000000002,2576.43533515486
57.0310000000002,2578.73761959899
57.0320000000002,2579.65338148167
57.0330000000001,2576.6674590334
57.0340000000001,2572.80820273415
57.0350000000001,2568.48972681054
57.0360000000001,2564.12342389451
57.037,2560.05434161387
57.038,2556.08291334188
57.0390000000002,2550.04032344337
57.0400000000002,2544.8811463733
57.0410000000002,2540.73988829487
57.0420000000001,2537.61236203592
57.0430000000001,2535.42288030075
57.0440000000001,2533.62423329643
57.0450000000001,2530.03336126045
57.046,2527.6737788711
57.047,2526.95652113683
57.048,2528.21224445726
57.0490000000002,2531.62335925886
57.0500000000002,2536.65202766688
57.0510000000002,2540.96524416217
57.0520000000001,2547.03276113379
57.0530000000001,2554.5145446962
57.0540000000001,2562.88260603021
57.0550000000001,2571.5116276558
57.056,2579.2148285564
57.057,2583.45863307117
57.0580000000002,2586.82694854569
57.0590000000002,2589.47991499305
57.0600000000002,2591.66388357444
57.0610000000001,2593.65230300915
57.0620000000001,2595.05721398179
57.0630000000001,2594.06118483077
57.0640000000001,2593.61319197519
57.0650000000001,2593.90074229873
57.066,2594.89163552207
57.067,2596.3649590288
57.0680000000002,2597.29557608807
57.0690000000002,2595.39448864536
57.0700000000002,2593.21766174295
57.0710000000001,2590.80963603598
57.0720000000001,2588.24372850782
57.0730000000001,2585.61772999352
57.0740000000001,2582.3134658241
57.075,2576.62149455032
57.076,2571.52166082833
57.0770000000002,2567.38971457735
57.0780000000002,2564.45258640208
57.0790000000002,2562.76547358603
57.0800000000002,2561.43629928021
57.0810000000001,2558.48290748877
57.0820000000001,2556.41962333664
57.0830000000001,2555.17725573016
57.0840000000001,2554.5913916309
57.085,2554.42924368965
57.086,2553.59878418813
57.0870000000002,2550.21383167861
57.0880000000002,2546.86962530319
57.0890000000002,2543.71843994201
57.0900000000001,2540.8819307939
57.0910000000001,2538.43707484239
57.0920000000001,2535.54291456225
57.0930000000001,2530.67215604
57.0940000000001,2526.54457981285
57.095,2523.4007845831
57.096,2521.37384344403
57.0970000000002,2520.4920051171
57.0980000000002,2519.79215976718
57.0990000000002,2517.76177655654
57.1000000000001,2516.94332939371
57.1010000000001,2517.47953685076
57.1020000000001,2519.41739514524
57.1030000000001,2522.70655524765
57.104,2526.26795549997
57.105,2528.61309056225
57.1060000000002,2532.12845540121
57.1070000000002,2536.8597485344
57.1080000000002,2542.76209551743
57.1090000000002,2549.70945834744
57.1100000000001,2556.5316210526
57.1110000000001,2561.82950771024
57.1120000000001,2567.96619494148
57.1130000000001,2575.04127946336
57.114,2583.082518615
57.115,2592.03826582205
57.1160000000002,2600.74415566436
57.1170000000002,2607.92506439562
57.1180000000002,2615.90781052353
57.1190000000001,2624.73372208307
57.1200000000001,2634.33774723991
57.1210000000001,2644.55895176943
57.1220000000001,2654.08190065246
57.123,2661.65447643719
57.124,2669.53210559732
57.125,2677.7721455677
57.1260000000002,2686.3751428516
57.1270000000002,2695.28455498601
57.1280000000002,2703.26605712649
57.1290000000001,2709.28750065033
57.1300000000001,2715.63656494563
57.1310000000001,2722.39132878361
57.1320000000001,2729.50013550027
57.133,2736.78113537473
57.134,2742.77429020518
57.1350000000002,2746.33379086495
57.1360000000002,2749.50251095719
57.1370000000002,2752.22160674419
57.1380000000001,2754.39758641437
57.1390000000001,2755.92364703233
57.1400000000001,2755.49071276901
57.1410000000001,2752.33823297257
57.1420000000001,2748.81014112122
57.143,2745.20493651404
57.144,2741.73287154057
57.1450000000002,2738.48584921967
57.1460000000002,2734.17169158539
57.1470000000002,2728.0468613048
57.1480000000001,2722.22281701015
57.1490000000001,2716.74778134517
57.1500000000001,2711.58197554503
57.1510000000001,2706.62848601665
57.152,2700.47807368004
57.153,2692.53509625001
57.1540000000002,2685.01630628651
57.1550000000002,2678.21308951303
57.1560000000002,2672.35140160204
57.1570000000002,2667.55742379723
57.1580000000001,2662.51214330907
57.1590000000001,2656.70870850003
57.1600000000001,2652.14366721399
57.1610000000001,2648.82579769724
57.162,2646.62697411797
57.163,2645.31255409003
57.1640000000002,2643.21998199786
57.1650000000002,2639.754739597
57.1660000000002,2636.82614121109
57.1670000000001,2634.54439468021
57.1680000000001,2632.99926673846
57.1690000000001,2632.2385759049
57.1700000000001,2630.82779436154
57.171,2628.48967970078
57.172,2627.21186020051
57.173,2627.06718716278
57.1740000000002,2627.96493839119
57.1750000000002,2629.65865064592
57.1760000000002,2630.29932187942
57.1770000000001,2629.36167284663
57.1780000000001,2628.53453593803
57.1790000000001,2627.74343273516
57.1800000000001,2626.91551694399
57.181,2625.99641197206
57.182,2623.43209459121
57.1830000000002,2619.25585249197
57.1840000000002,2615.59208626246
57.1850000000002,2612.78110178643
57.1860000000001,2611.04554930144
57.1870000000001,2610.46273191714
57.1880000000001,2609.38819620273
57.1890000000001,2607.75846839467
57.1900000000001,2607.3122207777
57.191,2607.97803601676
57.192,2609.57823006255
57.1930000000002,2611.87309690941
57.1940000000002,2612.98299462976
57.1950000000002,2612.92613847934
57.1960000000001,2613.51945213366
57.1970000000001,2614.89290705177
57.1980000000001,2617.095997433
57.1990000000001,2620.07253441667
57.2,2621.98257992784
57.201,2622.895051303
57.2020000000002,2624.38658693318
57.2030000000002,2626.28858248491
57.2040000000002,2628.31192129189
57.2050000000002,2630.09954399297
57.2060000000001,2629.57977370489
57.2070000000001,2626.8904880885
57.2080000000001,2623.72538197397
57.2090000000001,2620.2531544891
57.21,2616.63905158969
57.211,2613.02057984305
57.2120000000002,2607.73385092416
57.2130000000002,2601.3479317316
57.2140000000002,2595.71014835649
57.2150000000001,2591.03902620233
57.2160000000001,2587.41686085128
57.2170000000001,2584.80648755613
57.2180000000001,2581.31059368354
57.2190000000001,2577.37765718877
57.22,2574.6108544287
57.221,2573.10475282217
57.2220000000002,2572.86611680049
57.2230000000002,2573.81185528481
57.2240000000002,2573.97321592294
57.2250000000001,2573.83568625598
57.2260000000001,2574.86651880239
57.2270000000001,2577.05281220863
57.2280000000001,2580.27443502933
57.229,2584.31120166655
57.23,2587.0197131574
57.2310000000002,2588.8386252285
57.2320000000002,2591.04265729367
57.2330000000002,2593.47186295927
57.2340000000002,2595.85331198962
57.2350000000001,2597.81649418605
57.2360000000001,2597.06814230411
57.2370000000001,2594.07382339418
57.2380000000001,2590.07577834955
57.239,2585.07586246585
57.24,2579.13369682283
57.2410000000002,2572.38871348474
57.2420000000002,2563.17947252998
57.2430000000002,2552.81136786422
57.2440000000001,2543.210040503
57.2450000000001,2534.9930326583
57.2460000000001,2528.60869519107
57.2470000000001,2524.27389909127
57.248,2520.03280130709
57.249,2516.6606680623
57.25,2515.13108686499
57.2510000000002,2515.01505415455
57.2520000000002,2515.7190322616
57.2530000000002,2516.58639089933
57.2540000000001,2515.09822621386
57.2550000000001,2511.96712488662
57.2560000000001,2508.37930007491
57.2570000000001,2504.58096550044
57.258,2500.95699742384
57.259,2497.98128008426
57.2600000000002,2494.22728711228
57.2610000000002,2491.38233001073
57.2620000000002,2491.07340655846
57.2630000000001,2493.55970231306
57.2640000000001,2498.72812669611
57.2650000000001,2506.0961168364
57.2660000000001,2512.93103266007
57.2670000000001,2519.5714912109
57.268,2526.20978951544
57.269,2531.9918974602
57.2700000000002,2536.14192188766
57.2710000000002,2538.07995121888
57.2720000000002,2535.5540054584
57.2730000000001,2530.01405754207
57.2740000000001,2523.02332494862
57.2750000000001,2515.33780182408
57.2760000000001,2507.74592701772
57.277,2500.96101822841
57.278,2493.54986606392
57.2790000000002,2487.31657117228
57.2800000000002,2483.47515914388
57.2810000000002,2481.97297071931
57.2820000000002,2482.42286000502
57.2830000000001,2484.18471842829
57.2840000000001,2484.47604466817
57.2850000000001,2484.06378582778
57.2860000000001,2483.34649468629
57.287,2481.93181326742
57.288,2479.53005557074
57.2890000000002,2475.98139487799
57.2900000000002,2469.24491820338
57.2910000000002,2461.08577524471
57.2920000000001,2452.78144282779
57.2930000000001,2444.76397148547
57.2940000000001,2437.38103139798
57.2950000000001,2430.86940026092
57.296,2423.27474506721
57.297,2416.33527210994
57.298,2410.94384142252
57.2990000000002,2406.99845618819
57.3000000000002,2404.17947964894
57.3010000000002,2401.98552439578
57.3020000000001,2397.59439685217
57.3030000000001,2392.20367684841
57.3040000000001,2386.2365462391
57.3050000000001,2379.37629235603
57.306,2371.35188529366
57.307,2361.96856865372
57.3080000000002,2348.62781687173
57.3090000000002,2333.42460516105
57.3100000000002,2317.71517618445
57.3110000000001,2302.11620627576
57.3120000000001,2287.16687309489
57.3130000000001,2273.22768619371
57.3140000000001,2257.45449197758
57.3150000000001,2242.10722204022
57.316,2228.32201695956
57.317,2216.2823610668
57.3180000000002,2206.00138235831
57.3190000000002,2197.29392406249
57.3200000000002,2186.87622652129
57.3210000000001,2176.64690395587
57.3220000000001,2167.34423616506
57.3230000000001,2158.97998186871
57.3240000000001,2151.57395528577
57.325,2145.13732563922
57.326,2137.60304754841
57.3270000000002,2130.92085694128
57.3280000000002,2125.65834312429
57.3290000000002,2121.69220363123
57.3300000000002,2118.77336017261
57.3310000000001,2116.60363306081
57.3320000000001,2113.75721469032
57.3330000000001,2111.58804961326
57.3340000000001,2110.07871773223
57.335,2108.76354779018
57.336,2107.17443251576
57.3370000000002,2104.97542161526
57.3380000000002,2101.01420725224
57.3390000000002,2096.93097451802
57.3400000000001,2093.04728407545
57.3410000000001,2089.26326447495
57.3420000000001,2085.35557875343
57.3430000000001,2081.04189231363
57.3440000000001,2074.77228021083
57.345,2068.09953674282
57.346,2061.18607659888
57.3470000000002,2053.95627067874
57.3480000000002,2046.5199642327
57.3490000000002,2039.28668154393
57.3500000000001,2031.03135198205
57.3510000000001,2024.99851348015
57.3520000000001,2022.85190941839
57.3530000000001,2025.72315813011
57.354,2034.36548280234
57.355,2049.04180631412
57.3560000000002,2067.20430578644
57.3570000000002,2090.7834040567
57.3580000000002,2119.79264595158
57.3590000000002,2154.092916304
57.3600000000001,2194.0281310897
57.3610000000001,2240.61590769447
57.3620000000001,2293.30394836759
57.3630000000001,2356.71179067829
57.364,2433.54885776883
57.365,2525.59503379581
57.3660000000002,2633.38822982283
57.3670000000002,2755.74407370195
57.3680000000002,2887.35940843992
57.3690000000001,3025.59810040401
57.3700000000001,3164.28409658443
57.3710000000001,3295.95692987768
57.3720000000001,3412.84088802198
57.373,3507.55914073992
57.374,3571.54648201001
57.375,3602.09300741881
57.3760000000002,3595.77502207974
57.3770000000002,3550.05363527271
57.3780000000002,3463.25856380327
57.3790000000001,3334.45576218001
57.3800000000001,3161.35427089119
57.3810000000001,2947.3958184117
57.3820000000001,2695.53790116193
57.383,2410.65448912132
57.384,2100.12004371951
57.3850000000002,1773.91107561555
57.3860000000002,1442.08860117809
57.3870000000002,1120.69205486064
57.3880000000001,823.620520660121
57.3890000000001,563.001781987623
57.3900000000001,347.800535296761
57.3910000000001,182.691614802429
57.3920000000001,65.4432769630079
57.393,-5.9485074290941
57.394,-39.0543374285666
57.3950000000002,-43.3000990273203
57.3960000000002,-27.9736666300852
57.3970000000002,-0.456518293251465
57.3980000000001,32.8909790197589
57.3990000000001,74.1006385377737
57.4000000000001,126.21767884407
57.4010000000001,194.34182503327
57.402,284.053022811748
57.403,399.65820472733
57.4040000000002,540.547033709894
57.4050000000002,707.212895617578
57.4060000000002,893.9802828294
57.4070000000002,1091.92120416842
57.4080000000001,1290.13519697781
57.4090000000001,1477.32139315224
57.4100000000001,1641.38766420371
57.4110000000001,1777.40819045343
57.412,1881.47430339873
57.413,1953.04718674189
57.4140000000002,1994.53270596699
57.4150000000002,2010.35999449922
57.4160000000002,2004.06050494205
57.4170000000001,1983.78429640319
57.4180000000001,1954.71979818699
57.4190000000001,1920.88402445653
57.4200000000001,1885.07502316001
57.421,1848.97615972939
57.422,1811.70564066407
57.423,1776.73389122206
57.4240000000002,1745.09745858366
57.4250000000002,1717.80463156686
57.4260000000002,1695.80379224392
57.4270000000001,1679.66981223688
57.4280000000001,1667.59405293709
57.4290000000001,1662.30642307153
57.4300000000001,1663.15098766398
57.431,1668.81758344143
57.432,1677.5940376339
57.4330000000002,1687.43224571372
57.4340000000002,1694.35960641024
57.4350000000002,1700.57333767672
57.4360000000001,1705.41409300396
57.4370000000001,1708.51934665261
57.4380000000001,1709.83695821815
57.4390000000001,1709.29570331477
57.4400000000001,1705.05928964065
57.441,1700.75678236972
57.442,1696.79241369717
57.4430000000002,1693.27195889368
57.4440000000002,1690.09230115532
57.4450000000002,1686.83158408053
57.4460000000001,1681.69485965043
57.4470000000001,1676.65309649077
57.4480000000001,1671.84549227123
57.4490000000001,1667.39762204853
57.45,1663.3913050191
57.451,1659.69642679831
57.4520000000002,1655.17462092615
57.4530000000002,1650.73232630166
57.4540000000002,1646.55189749724
57.4550000000002,1642.84142420926
57.4560000000001,1639.76144273784
57.4570000000001,1637.21705053258
57.4580000000001,1634.11850013423
57.4590000000001,1631.18568497199
57.46,1628.51910199591
57.461,1626.26149999036
57.4620000000002,1624.55160648464
57.4630000000002,1623.28663090175
57.4640000000002,1621.4103335556
57.4650000000001,1620.06622000528
57.4660000000001,1619.50965231387
57.4670000000001,1619.97825772697
57.4680000000001,1621.61145268264
57.4690000000001,1624.06342372743
57.47,1625.80208208271
57.471,1628.24321636457
57.4720000000002,1631.06492615081
57.4730000000002,1633.84524558602
57.4740000000002,1636.14135404097
57.4750000000001,1637.16457561988
57.4760000000001,1635.2809360106
57.4770000000001,1632.51985126843
57.4780000000001,1629.1134123727
57.479,1625.35634034034
57.48,1621.58398678306
57.4810000000002,1617.72295136629
57.4820000000002,1612.81994834142
57.4830000000002,1609.12888338929
57.4840000000002,1606.98916481765
57.4850000000001,1606.55508658756
57.4860000000001,1607.80350374091
57.4870000000001,1610.1324667964
57.4880000000001,1612.08015569906
57.489,1615.14410346069
57.49,1619.10505785927
57.4910000000002,1623.66245061754
57.4920000000002,1628.45626486061
57.4930000000002,1632.63569186501
57.4940000000001,1634.69315347855
57.4950000000001,1636.10568590125
57.4960000000001,1636.7655357277
57.4970000000001,1636.59578283852
57.498,1635.57303665497
57.499,1633.254275012
57.5,1628.7093247845
57.5010000000002,1623.96515376089
57.5020000000002,1619.45722077812
57.5030000000002,1615.56984400507
57.5040000000001,1612.59990939202
57.5050000000001,1610.21643240145
57.5060000000001,1607.49467600974
57.5070000000001,1606.15813227251
57.508,1606.23676638888
57.509,1607.62483516244
57.5100000000002,1610.11613240344
57.5110000000002,1612.90771966776
57.5120000000002,1614.79994575816
57.5130000000001,1617.25193481029
57.5140000000001,1620.20418023984
57.5150000000001,1623.56389016809
57.5160000000001,1627.20078483572
57.5170000000001,1630.38786092612
57.518,1632.08652748864
57.519,1633.78698133775
57.5200000000002,1635.49632775866
57.5210000000002,1637.20141503341
57.5220000000002,1638.88862330371
57.5230000000001,1639.9792647981
57.5240000000001,1639.72886254653
57.5250000000001,1639.83640693951
57.5260000000001,1640.5500887014
57.527,1642.03660882669
57.528,1644.35147702134
57.5290000000002,1646.8143793286
57.5300000000002,1648.51846845095
57.5310000000002,1650.78152075552
57.5320000000002,1653.42891529755
57.5330000000001,1656.20763278102
57.5340000000001,1658.83424416896
57.5350000000001,1660.40774227736
57.5360000000001,1660.07639965224
57.537,1659.30341542086
57.538,1658.23343641981
57.5390000000002,1657.0211918905
57.5400000000002,1655.8063067643
57.5410000000002,1654.03137339354
57.5420000000001,1651.16441785374
57.5430000000001,1648.75819610595
57.5440000000001,1646.95443596446
57.5450000000001,1645.80485601259
57.546,1645.28948208721
57.547,1644.64952144816
57.548,1643.26206504109
57.5490000000002,1642.56868198955
57.5500000000002,1642.67042292372
57.5510000000002,1643.6028261029
57.5520000000001,1645.31872535771
57.5530000000001,1646.94517285238
57.5540000000001,1647.76764433471
57.5550000000001,1649.02004175153
57.556,1650.55372757727
57.557,1652.14816719146
57.5580000000002,1653.54480896516
57.5590000000002,1653.71318737591
57.5600000000002,1652.0029218511
57.5610000000001,1649.81840897948
57.5620000000001,1647.33632960933
57.5630000000001,1644.76517925555
57.5640000000001,1642.31542946711
57.5650000000001,1639.35471789331
57.566,1635.60766429823
57.567,1632.63406084285
57.5680000000002,1630.60295819995
57.5690000000002,1629.52645988788
57.5700000000002,1629.25708013853
57.5710000000001,1628.66146673621
57.5720000000001,1627.02380306898
57.5730000000001,1625.44390464565
57.5740000000001,1623.77781690154
57.575,1621.90657078904
57.576,1619.75750755764
57.5770000000002,1616.43472302051
57.5780000000002,1611.70913223022
57.5790000000002,1607.15669456023
57.5800000000002,1603.1224746593
57.5810000000001,1599.88212800311
57.5820000000001,1597.59376387403
57.5830000000001,1595.36285140642
57.5840000000001,1592.84631585891
57.585,1591.21769961209
57.586,1590.33398089095
57.5870000000002,1589.95215250728
57.5880000000002,1589.77483061125
57.5890000000002,1588.57313396887
57.5900000000001,1585.965010686
57.5910000000001,1583.20111075684
57.5920000000001,1580.44546991147
57.5930000000001,1577.90534514299
57.5940000000001,1575.79803367607
57.595,1573.35868948921
57.596,1570.66202765286
57.5970000000002,1569.15241630244
57.5980000000002,1569.02231551919
57.5990000000002,1570.32185548862
57.6000000000001,1572.96398330982
57.6010000000001,1575.77306859976
57.6020000000001,1578.47868615062
57.6030000000001,1582.11281344139
57.604,1586.58473744533
57.605,1591.78150126999
57.6060000000002,1597.57950452285
57.6070000000002,1602.86128846084
57.6080000000002,1607.57966608134
57.6090000000002,1612.92714595431
57.6100000000001,1619.01721467459
57.6110000000001,1625.91264354993
57.6120000000001,1633.61252084849
57.6130000000001,1641.02806742175
57.614,1648.16112514358
57.615,1656.09724172506
57.6160000000002,1664.81967364314
57.6170000000002,1674.22597044646
57.6180000000002,1684.13414110132
57.6190000000001,1693.24298414326
57.6200000000001,1701.46259280808
57.6210000000001,1709.74574601692
57.6220000000001,1718.01626087459
57.623,1726.16818596092
57.624,1734.0686747819
57.625,1740.48291171544
57.6260000000002,1745.49678229565
57.6270000000002,1750.15529389076
57.6280000000002,1754.49605868689
57.6290000000001,1758.50030873793
57.6300000000001,1762.08687941255
57.6310000000001,1764.01889265332
57.6320000000001,1764.43257947985
57.633,1764.31425047859
57.634,1763.68945129885
57.6350000000002,1762.557805586
57.6360000000002,1760.90209855574
57.6370000000002,1757.57683878906
57.6380000000001,1752.94209503244
57.6390000000001,1748.15502467711
57.6400000000001,1743.45682338264
57.6410000000001,1739.04734578179
57.6420000000001,1735.06413476085
57.643,1730.41824377548
57.644,1725.52022920832
57.6450000000002,1721.40578973126
57.6460000000002,1718.14419492976
57.6470000000002,1715.69850852071
57.6480000000001,1713.92895673992
57.6490000000001,1711.43098163369
57.6500000000001,1708.40598075307
57.6510000000001,1705.64281810026
57.652,1703.06405487819
57.653,1700.56902165464
57.6540000000002,1698.03839993658
57.6550000000002,1694.14425753374
57.6560000000002,1689.29929015634
57.6570000000002,1684.45041677121
57.6580000000001,1679.72723511074
57.6590000000001,1675.22906824096
57.6600000000001,1671.01153798577
57.6610000000001,1665.85983624365
57.662,1660.34380615012
57.663,1655.43617024857
57.6640000000002,1651.28567175557
57.6650000000002,1647.98301306614
57.6660000000002,1645.55547301117
57.6670000000001,1642.71506856625
57.6680000000001,1640.05133314381
57.6690000000001,1638.45149153677
57.6700000000001,1637.98828528657
57.671,1638.6603744047
57.672,1640.38389760485
57.673,1641.69587822635
57.6740000000002,1643.10593889126
57.6750000000002,1645.3048558378
57.6760000000002,1648.1674885016
57.6770000000001,1651.48705136892
57.6780000000001,1654.98394504404
57.6790000000001,1656.97920283619
57.6800000000001,1657.95745931427
57.681,1658.56448394691
57.682,1658.73508504963
57.6830000000002,1658.42365114061
57.6840000000002,1657.61087279425
57.6850000000002,1654.91630481024
57.6860000000001,1651.30347821805
57.6870000000001,1647.80294941827
57.6880000000001,1644.71336967843
57.6890000000001,1642.27253059303
57.6900000000001,1640.63265454146
57.691,1638.42177185982
57.692,1636.5914405836
57.6930000000002,1635.94543994442
57.6940000000002,1636.49642293895
57.6950000000002,1638.15192553361
57.6960000000001,1640.73114562573
57.6970000000001,1642.52754633173
57.6980000000001,1644.31409047871
57.6990000000001,1646.69488371969
57.7,1649.57654295668
57.701,1652.81235040755
57.7020000000002,1656.20146595445
57.7030000000002,1658.01607270373
57.7040000000002,1659.09433428934
57.7050000000002,1660.03902795613
57.7060000000001,1660.82063907619
57.7070000000001,1661.39961419196
57.7080000000001,1661.73411342689
57.7090000000001,1660.27703543691
57.71,1658.17136675741
57.711,1656.2528818638
57.7120000000002,1654.73123257255
57.7130000000002,1653.73833979883
57.7140000000002,1653.29954541761
57.7150000000001,1651.77503976884
57.7160000000001,1650.19362969283
57.7170000000001,1649.10661759052
57.7180000000001,1648.43303809349
57.7190000000001,1648.03774385688
57.72,1647.75776390096
57.721,1645.86865489582
57.7220000000002,1643.51282564969
57.7230000000002,1641.39518413111
57.7240000000002,1639.70911762386
57.7250000000001,1638.62244063043
57.7260000000001,1638.24145578122
57.7270000000001,1637.02624619263
57.7280000000001,1636.22029868136
57.729,1636.41532312424
57.73,1637.61942772208
57.7310000000002,1639.7436960803
57.7320000000002,1642.614108508
57.7330000000002,1644.42225010191
57.7340000000002,1646.25659148541
57.7350000000001,1648.52709075117
57.7360000000001,1651.1509503798
57.7370000000001,1653.98972642082
57.7380000000001,1656.84231471687
57.739,1657.85109645813
57.74,1658.1694496544
57.7410000000002,1658.20234676675
57.7420000000002,1657.9408504262
57.7430000000002,1657.39967416828
57.7440000000001,1656.6267505754
57.7450000000001,1654.10273838398
57.7460000000001,1651.43059528904
57.7470000000001,1649.37912092088
57.748,1648.27087454268
57.749,1648.31911361754
57.75,1649.58578096356
57.7510000000002,1650.38131031062
57.7520000000002,1651.94601778137
57.7530000000002,1654.46349916369
57.7540000000001,1657.64484041047
57.7550000000001,1661.12966583151
57.7560000000001,1664.54402401328
57.7570000000001,1665.97957292209
57.758,1666.75564048059
57.759,1667.30003871763
57.7600000000002,1667.79834612791
57.7610000000002,1668.48083363122
57.7620000000002,1669.57904793174
57.7630000000001,1669.67547253155
57.7640000000001,1670.50229370677
57.7650000000001,1672.58215918112
57.7660000000001,1675.9823678648
57.7670000000001,1680.60107196393
57.768,1686.18164823429
57.769,1690.72193116491
57.7700000000002,1695.4482984701
57.7710000000002,1700.37195405971
57.7720000000002,1705.2135573111
57.7730000000001,1709.69229396931
57.7740000000001,1713.54282318639
57.7750000000001,1714.89321289052
57.7760000000001,1715.25513877246
57.777,1714.90113877099
57.778,1713.84505182807
57.7790000000002,1712.06360904072
57.7800000000002,1709.49392862567
57.7810000000002,1704.39363811239
57.7820000000002,1698.44261045668
57.7830000000001,1692.00272121435
57.7840000000001,1685.24071586388
57.7850000000001,1678.34691887743
57.7860000000001,1671.53822736826
57.787,1663.35901119755
57.788,1655.8826791373
57.7890000000002,1649.72134625243
57.7900000000002,1645.18789528202
57.7910000000002,1642.42217869263
57.7920000000001,1641.35170333999
57.7930000000001,1639.81362792498
57.7940000000001,1639.32475608666
57.7950000000001,1639.68942739673
57.796,1640.43038308017
57.797,1640.995918714
57.798,1640.80689032923
57.7990000000002,1637.0127519196
57.8000000000002,1631.54478036287
57.8010000000002,1624.66275127008
57.8020000000001,1616.61016005487
57.8030000000001,1607.68556968648
57.8040000000001,1598.14478217704
57.8050000000001,1585.29529644418
57.806,1572.0281396183
57.807,1559.0227438385
57.8080000000002,1546.7795845854
57.8090000000002,1535.68401396745
57.8100000000002,1525.93182192498
57.8110000000001,1514.67027554913
57.8120000000001,1504.58400176687
57.8130000000001,1496.00458163397
57.8140000000001,1489.12311841161
57.8150000000001,1484.04890904455
57.816,1480.7595509377
57.817,1477.31032154827
57.8180000000002,1475.3966635231
57.8190000000002,1474.71826188504
57.8200000000002,1474.78903440925
57.8210000000001,1475.07653059859
57.8220000000001,1475.11050050207
57.8230000000001,1473.69198332647
57.8240000000001,1472.04004474179
57.825,1470.06900016286
57.826,1467.6975304864
57.8270000000002,1464.88725707756
57.8280000000002,1461.65222511873
57.8290000000002,1457.34985012422
57.8300000000002,1453.41589682476
57.8310000000001,1449.90471901484
57.8320000000001,1446.75983867212
57.8330000000001,1443.90541007299
57.8340000000001,1441.29432596519
57.835,1438.2861067639
57.836,1436.32432033551
57.8370000000002,1435.46732813493
57.8380000000002,1435.61874782356
57.8390000000002,1436.58650144373
57.8400000000001,1438.09594070686
57.8410000000001,1438.75055540038
57.8420000000001,1440.40136568724
57.8430000000001,1443.47028067798
57.8440000000001,1448.60190001109
57.845,1456.70041321725
57.846,1468.78203277105
57.8470000000002,1484.38399034585
57.8480000000002,1507.05713709157
57.8490000000002,1538.34302570079
57.8500000000001,1579.51604799982
57.8510000000001,1631.47284575093
57.8520000000001,1694.51153410984
57.8530000000001,1766.94705993845
57.854,1850.503073857
57.855,1944.70717279331
57.8560000000002,2048.78242539085
57.8570000000002,2161.67536302332
57.8580000000002,2281.84260253318
57.8590000000002,2405.97809728513
57.8600000000001,2533.67034026845
57.8610000000001,2661.9323407009
57.8620000000001,2786.74810779735
57.8630000000001,2902.98041041084
57.864,3004.20790414536
57.865,3081.8916316138
57.8660000000002,3130.37986140433
57.8670000000002,3142.40298484405
57.8680000000002,3111.46621379209
57.8690000000001,3032.65317416265
57.8700000000001,2903.18183620922
57.8710000000001,2722.10679760547
57.8720000000001,2495.20981633674
57.873,2230.11844891405
57.874,1937.60571993377
57.875,1630.853578743
57.8760000000002,1324.09653287934
57.8770000000002,1030.41256439713
57.8780000000002,764.577011238865
57.8790000000001,536.884988911001
57.8800000000001,353.671392653372
57.8810000000001,216.723361340523
57.8820000000001,123.005890089503
57.883,64.5527786817174
57.884,33.7873582842809
57.8850000000002,20.3877525044485
57.8860000000002,14.5481239093595
57.8870000000002,8.55488220080415
57.8880000000001,-2.33128011990303
57.8890000000001,-19.9025928994375
57.8900000000001,-39.1222086090181
57.8910000000001,-53.448116906871
57.8920000000001,-54.5884734292165
57.893,-34.0763321154031
57.894,14.8086312552645
57.8950000000002,95.1855212522183
57.8960000000002,209.5255962451
57.8970000000002,354.941137738577
57.8980000000001,525.032318085668
57.8990000000001,710.755182034052
57.9000000000001,901.265922508363
57.9010000000001,1084.81836396965
57.902,1253.64356676076
57.903,1400.4998694314
57.9040000000002,1520.67353136089
57.9050000000002,1612.0907686268
57.9060000000002,1674.68003135347
57.9070000000002,1709.56328307461
57.9080000000001,1721.98368012032
57.9090000000001,1716.36246451579
57.9100000000001,1697.24244252585
57.9110000000001,1668.90509670306
57.912,1634.69315539453
57.913,1596.72967495861
57.9140000000002,1559.48389548924
57.9150000000002,1525.23643143433
57.9160000000002,1495.69387828785
57.9170000000001,1472.01327903079
57.9180000000001,1454.25515451799
57.9190000000001,1441.41244449296
57.9200000000001,1435.28379231262
57.921,1435.26843429529
57.922,1440.38259357212
57.923,1449.42275609423
57.9240000000002,1460.42730543786
57.9250000000002,1471.08756227836
57.9260000000002,1482.92096771392
57.9270000000001,1495.21263923224
57.9280000000001,1507.31995585262
57.9290000000001,1518.7184352953
57.9300000000001,1528.29135531224
57.931,1534.75200393304
57.932,1540.40853350485
57.9330000000002,1545.30097793743
57.9340000000002,1549.40091442155
57.9350000000002,1552.66711665091
57.9360000000001,1554.56514689797
57.9370000000001,1554.29638590208
57.9380000000001,1553.5775877109
57.9390000000001,1552.80418896514
57.9400000000001,1552.31018459733
57.941,1552.3042703568
57.942,1552.47862746537
57.9430000000002,1551.98487160803
57.9440000000002,1551.59198087667
57.9450000000002,1551.45474493634
57.9460000000001,1551.77247418106
57.9470000000001,1552.72428475821
57.9480000000001,1554.05143114952
57.9490000000001,1555.01506850094
57.95,1556.3844849046
57.951,1558.3429910185
57.9520000000002,1561.04351983989
57.9530000000002,1564.53257275495
57.9540000000002,1568.32241317941
57.9550000000002,1571.45078193767
57.9560000000001,1574.45779621873
57.9570000000001,1577.35024000779
57.9580000000001,1580.19342264579
57.9590000000001,1583.05382382685
57.96,1585.38898092561
57.961,1586.49178815383
57.9620000000002,1587.58902426878
57.9630000000002,1588.90616177835
57.9640000000002,1590.66940455004
57.9650000000001,1593.06600557397
57.9660000000001,1595.46156465627
57.9670000000001,1597.27574674058
57.9680000000001,1600.09868186344
57.9690000000001,1604.01606498154
57.97,1608.99661829167
57.971,1614.90532226275
57.9720000000002,1620.74781644172
57.9730000000002,1625.70991667853
57.9740000000002,1631.12364619261
57.9750000000001,1636.92852713892
57.9760000000001,1643.01456332076
57.9770000000001,1649.21618614447
57.9780000000001,1654.54297613295
57.979,1658.2465875813
57.98,1661.59709264738
57.9810000000002,1664.6272075788
57.9820000000002,1667.37308960667
57.9830000000002,1669.86708911941
57.9840000000002,1671.3337964316
57.9850000000001,1671.36215820091
57.9860000000001,1671.479680187
57.9870000000001,1671.98570435686
57.9880000000001,1673.13248274797
57.989,1675.08718669115
57.99,1677.05963538575
57.9910000000002,1678.62089883742
57.9920000000002,1681.10276859151
57.9930000000002,1684.50849510006
57.9940000000001,1688.73505338388
57.9950000000001,1693.58422623556
57.9960000000001,1697.90336888001
57.9970000000001,1701.08987672521
57.998,1704.34350620719
57.999,1707.67837041097
58,1711.12581135846
58.0010000000002,1714.72112081222
58.0020000000002,1717.57352732345
58.0030000000002,1719.44738030936
58.0040000000001,1721.78624184131
58.0050000000001,1724.79455793395
58.0060000000001,1728.58363340262
58.0070000000001,1733.14633719799
58.008,1737.406287185
58.009,1740.95239481582
58.0100000000002,1744.92194792798
58.0110000000002,1749.25245485627
58.0120000000002,1753.84863612561
58.0130000000001,1758.59373942878
58.0140000000001,1762.38670607328
58.0150000000001,1764.99785762624
58.0160000000001,1767.72763015649
58.0170000000001,1770.73652307749
58.018,1774.1359486764
58.019,1777.95553819382
58.0200000000002,1781.12346565954
58.0210000000002,1783.44277453353
58.0220000000002,1786.06625695796
58.0230000000001,1788.98867975326
58.0240000000001,1792.15962494379
58.0250000000001,1795.4988307538
58.0260000000001,1797.88196577112
58.027,1799.25317663338
58.028,1800.88937361694
58.0290000000002,1802.97546018661
58.0300000000002,1805.63560892926
58.0310000000002,1808.89445166038
58.0320000000002,1811.58031169898
58.0330000000001,1813.57558889456
58.0340000000001,1815.90935400036
58.0350000000001,1818.46943339454
58.0360000000001,1821.08185281918
58.037,1823.54001663725
58.038,1824.51374209874
58.0390000000002,1824.00498034755
58.0400000000002,1823.24893867396
58.0410000000002,1822.47208236919
58.0420000000001,1821.90270656013
58.0430000000001,1821.72595765018
58.0440000000001,1820.87713490753
58.0450000000001,1819.59959458979
58.046,1819.12532437742
58.047,1819.53972292429
58.048,1820.81028746038
58.0490000000002,1822.79801875949
58.0500000000002,1824.06225813458
58.0510000000002,1824.64531784471
58.0520000000001,1825.60813789199
58.0530000000001,1826.99400184814
58.0540000000001,1828.82629505134
58.0550000000001,1831.08333626566
58.056,1832.39413746851
58.057,1832.97875053159
58.0580000000002,1833.95804290721
58.0590000000002,1835.38076459907
58.0600000000002,1837.21795780093
58.0610000000001,1839.35618022401
58.0620000000001,1840.26557531178
58.0630000000001,1840.15035183807
58.0640000000001,1840.06827488433
58.0650000000001,1840.06700330533
58.066,1840.15983382836
58.067,1840.3067401225
58.0680000000002,1839.03540045487
58.0690000000002,1836.71345772431
58.0700000000002,1834.43466302642
58.0710000000001,1832.2930466851
58.0720000000001,1830.33314094352
58.0730000000001,1828.54143092365
58.0740000000001,1825.45719447867
58.075,1821.57158791287
58.076,1817.98603780331
58.0770000000002,1814.83671002259
58.0780000000002,1812.20430988747
58.0790000000002,1810.10236096575
58.0800000000002,1807.06300221551
58.0810000000001,1803.66994213207
58.0820000000001,1801.00631841311
58.0830000000001,1799.23527336726
58.0840000000001,1798.48534427857
58.085,1798.83930552362
58.086,1798.87791645511
58.0870000000002,1799.32626168204
58.0880000000002,1801.25052338154
58.0890000000002,1804.74292366873
58.0900000000001,1809.75154697064
58.0910000000001,1816.06261277347
58.0920000000001,1821.82373994411
58.0930000000001,1827.3877159147
58.0940000000001,1833.35690749841
58.095,1839.47321096112
58.096,1845.49159087873
58.0970000000002,1851.21421702299
58.0980000000002,1854.99169513568
58.0990000000002,1857.70848607369
58.1000000000001,1860.54811389953
58.1010000000001,1863.92322039394
58.1020000000001,1868.2192637676
58.1030000000001,1873.72965190321
58.104,1879.05021961172
58.105,1885.15521526192
58.1060000000002,1892.96321407685
58.1070000000002,1902.44848514502
58.1080000000002,1913.42728505249
58.1090000000002,1925.58429895129
58.1100000000001,1936.92218319286
58.1110000000001,1948.04651464349
58.1120000000001,1959.56127855281
58.1130000000001,1971.31819432003
58.114,1983.14287648969
58.115,1994.81162426689
58.1160000000002,2004.40710173486
58.1170000000002,2012.7057579043
58.1180000000002,2020.32632548722
58.1190000000001,2027.1092225235
58.1200000000001,2032.83344168578
58.1210000000001,2037.23228946941
58.1220000000001,2038.36206389129
58.123,2037.17438311947
58.124,2034.47626619278
58.125,2030.45177857766
58.1260000000002,2025.32767064024
58.1270000000002,2019.34754877018
58.1280000000002,2011.0423781349
58.1290000000001,2001.9014310989
58.1300000000001,1993.05929727614
58.1310000000001,1984.90621856674
58.1320000000001,1977.70065793795
58.133,1971.54339248728
58.134,1964.63572956697
58.1350000000002,1958.13376228262
58.1360000000002,1952.69056895028
58.1370000000002,1948.25850841737
58.1380000000001,1944.72299128437
58.1390000000001,1941.91788391899
58.1400000000001,1937.88631085463
58.1410000000001,1933.83883758535
58.1420000000001,1930.49889655037
58.143,1928.0058458434
58.144,1926.46505058748
58.1450000000002,1925.91417645587
58.1460000000002,1924.49800963783
58.1470000000002,1923.55646067258
58.1480000000001,1923.74509115057
58.1490000000001,1925.07207393279
58.1500000000001,1927.43530758201
58.1510000000001,1930.61758769734
58.152,1932.44883868656
58.153,1934.11384052279
58.1540000000002,1936.05750420016
58.1550000000002,1938.1851472618
58.1560000000002,1940.38344253444
58.1570000000002,1942.51583218467
58.1580000000001,1942.53999266729
58.1590000000001,1941.95007262717
58.1600000000001,1941.41262599305
58.1610000000001,1941.09065115406
58.162,1941.11007392723
58.163,1941.53505834004
58.1640000000002,1940.42929699776
58.1650000000002,1939.45146061227
58.1660000000002,1939.24075838752
58.1670000000001,1939.88579382297
58.1680000000001,1941.36588455749
58.1690000000001,1943.53949527764
58.1700000000001,1944.16073163564
58.171,1944.74526456394
58.172,1945.67346623882
58.173,1946.85003022451
58.1740000000002,1948.15012126447
58.1750000000002,1949.43058637508
58.1760000000002,1948.49021293043
58.1770000000001,1947.18605673051
58.1780000000001,1946.18014597824
58.1790000000001,1945.73337339816
58.1800000000001,1946.08081227826
58.181,1947.39150608652
58.182,1947.61979989726
58.1830000000002,1948.7945044926
58.1840000000002,1951.43781980883
58.1850000000002,1955.51328404812
58.1860000000001,1960.79024550072
58.1870000000001,1966.85179882312
58.1880000000001,1970.99893849777
58.1890000000001,1974.72974500171
58.1900000000001,1978.07468288356
58.191,1980.76476405413
58.192,1982.61471488426
58.1930000000002,1983.54931599702
58.1940000000002,1981.47842102486
58.1950000000002,1978.74533261718
58.1960000000001,1976.23647901618
58.1970000000001,1974.53891469611
58.1980000000001,1974.14968684505
58.1990000000001,1975.39038856825
58.2,1976.19929255864
58.201,1978.64254360039
58.2020000000002,1982.91689706959
58.2030000000002,1988.72903748243
58.2040000000002,1995.59572973361
58.2050000000002,2002.8986457371
58.2060000000001,2007.76827897344
58.2070000000001,2011.83948616657
58.2080000000001,2015.09635942174
58.2090000000001,2017.38894490923
58.21,2018.65144269612
58.211,2018.87679398848
58.2120000000002,2015.85017737616
58.2130000000002,2012.0187730118
58.2140000000002,2007.99403997331
58.2150000000001,2004.17024125156
58.2160000000001,2000.88134428676
58.2170000000001,1998.36705228889
58.2180000000001,1994.45204956553
58.2190000000001,1991.64366636343
58.22,1990.36215348467
58.221,1990.72918281684
58.2220000000002,1992.70270657974
58.2230000000002,1996.06142255064
58.2240000000002,1998.0521848164
58.2250000000001,2000.75850832583
58.2260000000001,2004.10498541354
58.2270000000001,2007.8633584409
58.2280000000001,2011.80178749499
58.229,2015.69767809508
58.23,2016.93955614667
58.2310000000002,2018.04161182483
58.2320000000002,2019.3366249581
58.2330000000002,2021.05616657607
58.2340000000002,2023.3598603649
58.2350000000001,2026.27665177996
58.2360000000001,2027.25183075086
58.2370000000001,2028.73805685542
58.2380000000001,2030.74395878941
58.239,2033.11811656709
58.24,2035.62713602493
58.2410000000002,2037.98168449611
58.2420000000002,2037.43357931151
58.2430000000002,2036.49331554667
58.2440000000001,2035.29534992695
58.2450000000001,2033.97759063671
58.2460000000001,2032.65988883564
58.2470000000001,2031.36223703065
58.248,2027.66834591321
58.249,2024.24028280859
58.25,2021.2532189242
58.2510000000002,2018.78191913501
58.2520000000002,2016.82172056325
58.2530000000002,2015.22368396228
58.2540000000001,2011.55185640629
58.2550000000001,2008.42503327975
58.2560000000001,2006.07940516862
58.2570000000001,2004.71659745692
58.258,2004.48982713157
58.259,2005.35911674068
58.2600000000002,2005.09355189663
58.2610000000002,2006.21435616562
58.2620000000002,2008.80658419771
58.2630000000001,2012.80919275533
58.2640000000001,2018.03459546937
58.2650000000001,2024.03998995622
58.2660000000001,2028.35594798572
58.2670000000001,2033.19372679519
58.268,2038.47315993629
58.269,2044.09576935366
58.2700000000002,2049.9661816004
58.2710000000002,2055.8123426587
58.2720000000002,2059.53616845041
58.2730000000001,2063.63820921998
58.2740000000001,2068.35286111998
58.2750000000001,2073.84943988395
58.2760000000001,2080.22159114066
58.277,2087.25101727612
58.278,2092.89549388441
58.2790000000002,2099.45541782001
58.2800000000002,2106.90065171425
58.2810000000002,2115.03876210733
58.2820000000002,2123.53222512165
58.2830000000001,2131.66804046223
58.2840000000001,2137.0364643138
58.2850000000001,2141.5546872453
58.2860000000001,2144.98037889075
58.287,2147.0961740034
58.288,2147.75234264254
58.2890000000002,2146.59590434444
58.2900000000002,2141.84049735198
58.2910000000002,2136.09715930323
58.2920000000001,2129.85974331326
58.2930000000001,2123.59377517094
58.2940000000001,2117.69576286932
58.2950000000001,2112.12416134021
58.296,2105.27964394343
58.297,2099.65300247964
58.298,2095.46210660092
58.2990000000002,2092.78256114648
58.3000000000002,2091.578638547
58.3010000000002,2091.34873596768
58.3020000000001,2090.13831568326
58.3030000000001,2090.20874170196
58.3040000000001,2091.57982963297
58.3050000000001,2094.1380212461
58.306,2097.60939850749
58.307,2101.0761137677
58.3080000000002,2101.95203975212
58.3090000000002,2102.28837771757
58.3100000000002,2101.79778834868
58.3110000000001,2100.1974980629
58.3120000000001,2097.23279355994
58.3130000000001,2092.09591352014
58.3140000000001,2082.32025727279
58.3150000000001,2071.00415225421
58.316,2058.83871147349
58.317,2046.57503868624
58.3180000000002,2034.88182327424
58.3190000000002,2023.53304211756
58.3200000000002,2010.31970784975
58.3210000000001,1998.34137073963
58.3220000000001,1987.91839537563
58.3230000000001,1979.21965460995
58.3240000000001,1972.25944816545
58.325,1966.3275474883
58.326,1959.51139565982
58.3270000000002,1953.92241863769
58.3280000000002,1949.47279919906
58.3290000000002,1946.02283617109
58.3300000000002,1943.41958944053
58.3310000000001,1941.20405958213
58.3320000000001,1938.745022094
58.3330000000001,1937.25417348206
58.3340000000001,1936.44614962499
58.335,1935.93951730792
58.336,1935.40895960799
58.3370000000002,1934.43725119287
58.3380000000002,1932.87769038788
58.3390000000002,1932.26676394342
58.3400000000001,1932.91300978494
58.3410000000001,1935.01013983719
58.3420000000001,1938.60861978554
58.3430000000001,1943.18922217094
58.3440000000001,1947.93675308659
58.345,1953.88860044725
58.346,1960.40448889428
58.3470000000002,1966.70509124471
58.3480000000002,1972.06945712789
58.3490000000002,1975.38990527089
58.3500000000001,1975.55567898284
58.3510000000001,1974.99686532605
58.3520000000001,1974.61906417003
58.3530000000001,1975.47706939533
58.354,1978.62054231045
58.355,1984.21499049943
58.3560000000002,1991.84024443385
58.3570000000002,2004.42629130225
58.3580000000002,2022.93725968461
58.3590000000002,2048.4557436604
58.3600000000001,2082.30320511413
58.3610000000001,2125.30562550938
58.3620000000001,2178.1808147059
58.3630000000001,2244.71572650563
58.364,2326.3207086424
58.365,2423.44472075499
58.3660000000002,2535.24732525596
58.3670000000002,2658.692046988
58.3680000000002,2789.31315325945
58.3690000000001,2924.606142589
58.3700000000001,3059.81368750794
58.3710000000001,3190.2314893771
58.3720000000001,3311.66058656588
58.373,3419.79897518499
58.374,3510.91933975719
58.375,3584.29647036575
58.3760000000002,3636.94011288209
58.3770000000002,3664.70624059916
58.3780000000002,3661.9531277071
58.3790000000001,3620.8259603454
58.3800000000001,3532.90211145458
58.3810000000001,3393.13760087601
58.3820000000001,3196.97642486335
58.383,2943.64906681325
58.384,2637.44395100929
58.3850000000002,2287.40509608497
58.3860000000002,1908.02200086064
58.3870000000002,1520.3400440038
58.3880000000001,1145.48835728114
58.3890000000001,803.660020559129
58.3900000000001,511.511939458875
58.3910000000001,279.214539165587
58.3920000000001,110.545167419489
58.393,5.18491553098892
58.394,-44.1890111844609
58.3950000000002,-48.2840918324164
58.3960000000002,-18.7346624971344
58.3970000000002,33.3012581339796
58.3980000000001,100.197511044202
58.3990000000001,180.644011780908
58.4000000000001,275.395292074508
58.4010000000001,387.586049653019
58.402,520.941289763023
58.403,676.911244887599
58.4040000000002,854.613316321316
58.4050000000002,1051.80032468246
58.4060000000002,1261.09506050088
58.4070000000002,1472.39144932904
58.4080000000001,1674.36702574441
58.4090000000001,1855.23694473501
58.4100000000001,2006.02125208131
58.4110000000001,2123.25887321215
58.412,2205.73116459791
58.413,2255.6626185868
58.4140000000002,2277.85550056626
58.4150000000002,2277.44744492152
58.4160000000002,2260.49019842248
58.4170000000001,2234.32455494603
58.4180000000001,2203.40474856782
58.4190000000001,2170.61721239206
58.4200000000001,2137.53483661734
58.421,2103.78551559162
58.422,2069.63900932454
58.423,2037.57813157176
58.4240000000002,2008.91071040526
58.4250000000002,1985.17734132407
58.4260000000002,1967.874192891
58.4270000000001,1956.79749299562
58.4280000000001,1952.2492629427
58.4290000000001,1955.68010908039
58.4300000000001,1965.92210842586
58.431,1981.07402819944
58.432,1998.87756398482
58.4330000000002,2015.60697094501
58.4340000000002,2029.63767850147
58.4350000000002,2042.01133593569
58.4360000000001,2052.35507001325
58.4370000000001,2060.71567349417
58.4380000000001,2067.41030272823
58.4390000000001,2071.20136817019
58.4400000000001,2072.71499779453
58.441,2074.30519894755
58.442,2075.96593808428
58.4430000000002,2077.39998618523
58.4440000000002,2078.2165671277
58.4450000000002,2076.75655900906
58.4460000000001,2073.09835868906
58.4470000000001,2069.20175324952
58.4480000000001,2065.66451141112
58.4490000000001,2063.04664793909
58.45,2061.73249877767
58.451,2060.9793921678
58.4520000000002,2060.34210109046
58.4530000000002,2060.4637014368
58.4540000000002,2061.2211435618
58.4550000000002,2062.44879430803
58.4560000000001,2063.94320728495
58.4570000000001,2064.69323315527
58.4580000000001,2064.2058000623
58.4590000000001,2063.32057989241
58.46,2062.49523221722
58.461,2062.23852969304
58.4620000000002,2062.93013874469
58.4630000000002,2063.69809689456
58.4640000000002,2064.26947278222
58.4650000000001,2065.35962698237
58.4660000000001,2066.85122737339
58.4670000000001,2068.6036369073
58.4680000000001,2070.48189855207
58.4690000000001,2071.02576626346
58.47,2070.51084078607
58.471,2070.46409188319
58.4720000000002,2071.33290160129
58.4730000000002,2073.5200402857
58.4740000000002,2077.28497751962
58.4750000000001,2081.10957616917
58.4760000000001,2085.3058585913
58.4770000000001,2091.00405027472
58.4780000000001,2097.84195285533
58.479,2105.28543802354
58.48,2112.72686138237
58.4810000000002,2118.02736085281
58.4820000000002,2121.29041547198
58.4830000000002,2123.75784401377
58.4840000000002,2125.63284647885
58.4850000000001,2127.18207599774
58.4860000000001,2128.65061867921
58.4870000000001,2128.63081137438
58.4880000000001,2127.72752208881
58.489,2127.27599118893
58.49,2127.38009918728
58.4910000000002,2128.01606772016
58.4920000000002,2129.06253805776
58.4930000000002,2128.73791244911
58.4940000000001,2127.5549423161
58.4950000000001,2126.80787083945
58.4960000000001,2126.73804236059
58.4970000000001,2127.55165505049
58.498,2129.36108599222
58.499,2130.47601040582
58.5,2131.51391530786
58.5010000000002,2133.57866682795
58.5020000000002,2136.59608700066
58.5030000000002,2140.38320483121
58.5040000000001,2144.68280691158
58.5050000000001,2147.50031397785
58.5060000000001,2149.44775770094
58.5070000000001,2151.69246012874
58.508,2154.41439637213
58.509,2157.77271203256
58.5100000000002,2161.85127467408
58.5110000000002,2164.86217220852
58.5120000000002,2167.60136148959
58.5130000000001,2171.14385466903
58.5140000000001,2175.4612670966
58.5150000000001,2180.40340278638
58.5160000000001,2185.71456172954
58.5170000000001,2189.27409602878
58.518,2191.7749098892
58.519,2194.21167274483
58.5200000000002,2196.66336899652
58.5210000000002,2199.21438348135
58.5220000000002,2201.92584248393
58.5230000000001,2202.9875769751
58.5240000000001,2203.49056070228
58.5250000000001,2204.63371648579
58.5260000000001,2206.64248830566
58.527,2209.64350467291
58.528,2213.64636255473
58.5290000000002,2216.68813011644
58.5300000000002,2219.77908309757
58.5310000000002,2223.8950215023
58.5320000000002,2229.08474200999
58.5330000000001,2235.32012020782
58.5340000000001,2242.48281819254
58.5350000000001,2248.47527384526
58.5360000000001,2254.29324652169
58.537,2260.76134454887
58.538,2267.79284567121
58.5390000000002,2275.1952296514
58.5400000000002,2282.66564624729
58.5410000000002,2287.85257991829
58.5420000000001,2291.71968782274
58.5430000000001,2295.02052357673
58.5440000000001,2297.74092355136
58.5450000000001,2299.90228155677
58.546,2301.55323983109
58.547,2300.7364187054
58.548,2299.01581946311
58.5490000000002,2297.59421297884
58.5500000000002,2296.82488446027
58.5510000000002,2296.91562516078
58.5520000000001,2297.88169094768
58.5530000000001,2297.45722706773
58.5540000000001,2296.88564972847
58.5550000000001,2296.85516520689
58.556,2297.27074513921
58.557,2298.02792877664
58.5580000000002,2299.04127396934
58.5590000000002,2298.12316880648
58.5600000000002,2296.97165945012
58.5610000000001,2296.74979134351
58.5620000000001,2297.89422909528
58.5630000000001,2300.72083289128
58.5640000000001,2305.33162521706
58.5650000000001,2309.33771764818
58.566,2314.09584933317
58.567,2320.02608811191
58.5680000000002,2326.6917585906
58.5690000000002,2333.52579618602
58.5700000000002,2339.89858245044
58.5710000000001,2342.90380061926
58.5720000000001,2343.95772512583
58.5730000000001,2343.81921320447
58.5740000000001,2342.78461736522
58.575,2341.26466071262
58.576,2339.68698658669
58.5770000000002,2336.0412290226
58.5780000000002,2332.53974098393
58.5790000000002,2330.20968060425
58.5800000000002,2329.21370009631
58.5810000000001,2329.41941141227
58.5820000000001,2330.40531365585
58.5830000000001,2329.13159585354
58.5840000000001,2326.95620058529
58.585,2324.14575228014
58.586,2320.5257208107
58.5870000000002,2316.09523263229
58.5880000000002,2311.0367479294
58.5890000000002,2303.28059292238
58.5900000000001,2295.49053521543
58.5910000000001,2289.11977813891
58.5920000000001,2285.01656449732
58.5930000000001,2283.80261301084
58.5940000000001,2285.75511065594
58.595,2288.27686180603
58.596,2293.16936617918
58.5970000000002,2300.52378044063
58.5980000000002,2309.72346079898
58.5990000000002,2320.02295020283
58.6000000000001,2330.64751756011
58.6010000000001,2338.36145292745
58.6020000000001,2345.0461575639
58.6030000000001,2351.22898183267
58.604,2357.15706774451
58.605,2363.15839846453
58.6060000000002,2369.53552560066
58.6070000000002,2373.90752893749
58.6080000000002,2378.81461297194
58.6090000000002,2384.91044553932
58.6100000000001,2392.23540141509
58.6110000000001,2400.62864992008
58.6120000000001,2409.76388945655
58.6130000000001,2416.60741802761
58.614,2423.33609256585
58.615,2430.35881186549
58.6160000000002,2437.79116898223
58.6170000000002,2445.78767258269
58.6180000000002,2454.48658524388
58.6190000000001,2461.30457775327
58.6200000000001,2468.90994072008
58.6210000000001,2477.87547087562
58.6220000000001,2488.27289067805
58.623,2499.96035653458
58.624,2512.576207985
58.625,2522.89353838428
58.6260000000002,2533.04697343754
58.6270000000002,2543.04574197093
58.6280000000002,2552.6300691539
58.6290000000001,2561.56689622879
58.6300000000001,2569.64937784862
58.6310000000001,2573.95852455942
58.6320000000001,2577.23653224425
58.633,2579.9785759052
58.634,2582.38587106338
58.6350000000002,2584.5423375053
58.6360000000002,2586.36943590133
58.6370000000002,2584.85169949555
58.6380000000001,2582.60775409975
58.6390000000001,2579.80946245129
58.6400000000001,2576.40523879212
58.6410000000001,2572.3507470283
58.6420000000001,2567.63750022133
58.643,2559.5026475697
58.644,2551.17124015188
58.6450000000002,2543.42957983514
58.6460000000002,2536.90831547227
58.6470000000002,2532.13418527826
58.6480000000001,2529.42916231997
58.6490000000001,2525.99585288135
58.6500000000001,2524.76036109531
58.6510000000001,2525.7539768469
58.652,2528.65201032728
58.653,2532.92267792745
58.6540000000002,2537.88610437729
58.6550000000002,2539.92844136487
58.6560000000002,2541.56167830838
58.6570000000002,2542.66290668772
58.6580000000001,2543.15445416485
58.6590000000001,2543.0414034109
58.6600000000001,2542.36445107439
58.6610000000001,2538.22857589069
58.662,2534.01906586662
58.663,2530.18971090426
58.6640000000002,2527.11044643395
58.6650000000002,2525.05266858043
58.6660000000002,2524.11168407021
58.6670000000001,2521.42346008977
58.6680000000001,2520.17921502416
58.6690000000001,2520.53329103023
58.6700000000001,2522.44429070244
58.671,2525.67374172313
58.672,2529.69158077378
58.673,2531.09533690679
58.6740000000002,2532.51200861844
58.6750000000002,2533.66356626176
58.6760000000002,2534.2866412622
58.6770000000001,2534.19629979579
58.6780000000001,2533.17261430178
58.6790000000001,2528.51886313458
58.6800000000001,2523.66680032772
58.681,2519.20932391963
58.682,2515.6604253388
58.6830000000002,2513.37958760264
58.6840000000002,2512.31160458643
58.6850000000002,2509.66459219168
58.6860000000001,2508.37015916967
58.6870000000001,2508.27286218763
58.6880000000001,2509.04325444046
58.6890000000001,2510.2729075173
58.6900000000001,2511.32185458287
58.691,2509.27119727281
58.692,2507.21264579883
58.6930000000002,2505.47501472597
58.6940000000002,2504.42494892826
58.6950000000002,2504.41107870172
58.6960000000001,2505.40359588345
58.6970000000001,2504.99662192206
58.6980000000001,2506.29656528294
58.6990000000001,2509.31151957926
58.7,2513.75608721865
58.701,2519.10811978977
58.7020000000002,2524.36291489735
58.7030000000002,2526.39609042569
58.7040000000002,2527.71014322305
58.7050000000002,2528.14729668309
58.7060000000001,2527.68450883932
58.7070000000001,2526.4579945592
58.7080000000001,2524.37082982447
58.7090000000001,2519.47627188399
58.71,2515.26011523414
58.711,2512.3813397028
58.7120000000002,2511.26425019313
58.7130000000002,2512.03850538918
58.7140000000002,2514.10258320872
58.7150000000001,2514.79159079748
58.7160000000001,2516.45067271257
58.7170000000001,2518.62077716795
58.7180000000001,2520.78185051476
58.7190000000001,2522.47403603793
58.72,2522.93646010123
58.721,2519.99630165054
58.7220000000002,2516.72109608571
58.7230000000002,2513.68143620223
58.7240000000002,2511.42384893177
58.7250000000001,2510.37124940918
58.7260000000001,2510.23635418585
58.7270000000001,2508.9787905509
58.7280000000001,2509.20147620088
58.729,2510.68410457127
58.73,2512.9880502541
58.7310000000002,2515.57109723093
58.7320000000002,2517.35941516655
58.7330000000002,2516.02428924735
58.7340000000002,2514.23899020874
58.7350000000001,2512.29200392072
58.7360000000001,2510.54362771799
58.7370000000001,2509.35450422378
58.7380000000001,2508.40855834451
58.739,2505.99112011626
58.74,2504.90802055894
58.7410000000002,2505.22049922853
58.7420000000002,2506.74007862999
58.7430000000002,2509.08952769741
58.7440000000001,2511.14557540281
58.7450000000001,2510.64703763085
58.7460000000001,2509.94659744643
58.7470000000001,2508.98808705895
58.748,2507.73182376556
58.749,2506.14534509078
58.75,2503.50999254281
58.7510000000002,2498.12241354838
58.7520000000002,2492.69644053008
58.7530000000002,2487.51126190232
58.7540000000001,2482.80427439589
58.7550000000001,2478.79506249107
58.7560000000001,2474.98431449896
58.7570000000001,2470.04574586672
58.758,2466.8775862364
58.759,2465.90921962966
58.7600000000002,2467.35017882717
58.7610000000002,2471.13196607956
58.7620000000002,2476.11806382017
58.7630000000001,2480.19185746783
58.7640000000001,2485.08992186409
58.7650000000001,2490.04157328207
58.7660000000001,2494.16341443056
58.7670000000001,2496.59673180973
58.768,2495.83911176054
58.769,2490.10649263357
58.7700000000002,2481.89173742568
58.7710000000002,2471.69628706252
58.7720000000002,2460.20860945701
58.7730000000001,2448.21959831181
58.7740000000001,2435.68470026729
58.7750000000001,2422.0634106636
58.7760000000001,2410.45415959044
58.777,2401.48054796841
58.778,2395.45313539367
58.7790000000002,2392.38977672899
58.7800000000002,2391.19917059631
58.7810000000002,2390.3644146225
58.7820000000002,2391.85518648203
58.7830000000001,2395.39533949439
58.7840000000001,2400.62410081642
58.7850000000001,2407.13805446398
58.7860000000001,2413.63019744043
58.787,2418.69874757361
58.788,2424.36232633399
58.7890000000002,2430.5325268986
58.7900000000002,2437.06159645889
58.7910000000002,2443.75539927792
58.7920000000001,2449.45934003572
58.7930000000001,2453.03906766862
58.7940000000001,2456.63123709939
58.7950000000001,2460.29940649652
58.796,2464.04555243936
58.797,2467.82201389694
58.798,2470.57527144909
58.7990000000002,2471.38009304232
58.8000000000002,2472.3924932093
58.8010000000002,2473.69556895998
58.8020000000001,2475.25305848176
58.8030000000001,2476.92370087533
58.8040000000001,2477.48601513811
58.8050000000001,2475.96186357799
58.806,2474.30395108292
58.807,2472.4851532404
58.8080000000002,2470.43056000715
58.8090000000002,2468.05158153717
58.8100000000002,2464.23856567698
58.8110000000001,2458.33075856377
58.8120000000001,2452.49804920375
58.8130000000001,2446.9753382171
58.8140000000001,2441.89905529956
58.8150000000001,2437.30356347723
58.816,2432.05844279526
58.817,2425.50439397334
58.8180000000002,2419.62721372129
58.8190000000002,2414.51884247499
58.8200000000002,2410.21839087389
58.8210000000001,2406.74582349096
58.8220000000001,2402.97893138313
58.8230000000001,2398.46057640205
58.8240000000001,2395.36372566542
58.825,2393.91098022443
58.826,2394.11832507447
58.8270000000002,2395.74934778792
58.8280000000002,2396.97935727154
58.8290000000002,2396.5500151533
58.8300000000002,2395.95959824167
58.8310000000001,2394.67461052804
58.8320000000001,2392.13035370763
58.8330000000001,2387.80052838674
58.8340000000001,2379.69834055674
58.835,2366.95252226688
58.836,2352.24137381846
58.8370000000002,2336.39655979143
58.8380000000002,2320.37062694714
58.8390000000002,2305.07113995536
58.8400000000001,2289.53257227054
58.8410000000001,2273.58624592065
58.8420000000001,2260.04191498045
58.8430000000001,2249.34940221715
58.8440000000001,2241.65983923386
58.845,2236.81800592946
58.846,2233.05931708264
58.8470000000002,2229.55094553083
58.8480000000002,2227.49813738129
58.8490000000002,2226.35487371508
58.8500000000001,2225.57448586467
58.8510000000001,2224.70809500112
58.8520000000001,2222.6510345775
58.8530000000001,2219.57182546716
58.854,2216.58451820948
58.855,2213.55532064451
58.8560000000002,2210.24495683226
58.8570000000002,2206.39415632762
58.8580000000002,2201.15547961389
58.8590000000002,2194.93958891351
58.8600000000001,2188.68908721793
58.8610000000001,2182.34652782582
58.8620000000001,2175.88230415078
58.8630000000001,2169.40404875812
58.864,2162.37820494855
58.865,2155.72343319444
58.8660000000002,2151.04419307475
58.8670000000002,2148.64263650332
58.8680000000002,2148.50110691588
58.8690000000001,2150.29423095492
58.8700000000001,2152.21151287119
58.8710000000001,2153.91187700894
58.8720000000001,2156.32925479801
58.873,2159.18472949671
58.874,2162.45960572528
58.875,2166.52143034407
58.8760000000002,2170.70916321763
58.8770000000002,2176.58318500293
58.8780000000002,2187.45984595477
58.8790000000001,2205.330916735
58.8800000000001,2232.06722146203
58.8810000000001,2269.23052554043
58.8820000000001,2316.46906558769
58.883,2374.78197091808
58.884,2445.87492836312
58.8850000000002,2529.56176579102
58.8860000000002,2625.16668457049
58.8870000000002,2731.60439150456
58.8880000000001,2845.9981301292
58.8890000000001,2967.04264379588
58.8900000000001,3094.00229658909
58.8910000000001,3224.22713759673
58.8920000000001,3354.24076050502
58.893,3479.61517479099
58.894,3593.45847877204
58.8950000000002,3689.97918909353
58.8960000000002,3763.53862567209
58.8970000000002,3806.84366764923
58.8980000000001,3812.68426401158
58.8990000000001,3774.61347431653
58.9000000000001,3686.21024839689
58.9010000000001,3545.42012494078
58.902,3353.83173774638
58.903,3115.01199031565
58.9040000000002,2835.69676634388
58.9050000000002,2525.48211092056
58.9060000000002,2194.66312073353
58.9070000000002,1856.96730281064
58.9080000000001,1526.89953804698
58.9090000000001,1216.71545392624
58.9100000000001,936.466923594665
58.9110000000001,693.270028934302
58.912,489.479563158498
58.913,326.649283809434
58.9140000000002,204.382342333724
58.9150000000002,119.540175231136
58.9160000000002,68.2935490896387
58.9170000000001,47.0710546132909
58.9180000000001,51.7194363317041
58.9190000000001,81.7433983836436
58.9200000000001,138.253159335789
58.921,221.944016944116
58.922,333.324060770062
58.923,471.8795553844
58.9240000000002,633.815871889994
58.9250000000002,815.682982457414
58.9260000000002,1012.2577891177
58.9270000000001,1215.61567095925
58.9280000000001,1416.84949952946
58.9290000000001,1607.0470858859
58.9300000000001,1776.70439822249
58.931,1920.71720848477
58.932,2036.5813129375
58.9330000000002,2123.33770146097
58.9340000000002,2182.25610829894
58.9350000000002,2216.3208993651
58.9360000000001,2227.93876103706
58.9370000000001,2222.55227849492
58.9380000000001,2205.49638273661
58.9390000000001,2180.56227877471
58.9400000000001,2150.71270490575
58.941,2118.12657631313
58.942,2082.68719736871
58.9430000000002,2046.80174359943
58.9440000000002,2012.69215904462
58.9450000000002,1981.60133646237
58.9460000000001,1954.67481640716
58.9470000000001,1932.88752707336
58.9480000000001,1915.01202548716
58.9490000000001,1902.81204402838
58.95,1897.27678402946
58.951,1897.84840603523
58.9520000000002,1903.46501843689
58.9530000000002,1912.73560561871
58.9540000000002,1921.92115069795
58.9550000000002,1931.4943101525
58.9560000000001,1941.47097766629
58.9570000000001,1950.90871472837
58.9580000000001,1959.04258869674
58.9590000000001,1965.33518040651
58.96,1967.14199945475
58.961,1966.49833613947
58.9620000000002,1964.72177659352
58.9630000000002,1961.99786773413
58.9640000000002,1958.46155459695
58.9650000000001,1954.25637164731
58.9660000000001,1947.69448100009
58.9670000000001,1940.57352613304
58.9680000000001,1934.18208656683
58.9690000000001,1928.93336698125
58.97,1925.04667721835
58.971,1922.51529845635
58.9720000000002,1919.86994737308
58.9730000000002,1917.4244054875
58.9740000000002,1915.47385501653
58.9750000000001,1913.97075963581
58.9760000000001,1912.8972225865
58.9770000000001,1912.2242699828
58.9780000000001,1910.82746461479
58.979,1909.04912058007
58.98,1907.43486598414
58.9810000000002,1906.32320439544
58.9820000000002,1906.00734568776
58.9830000000002,1906.61400239075
58.9840000000002,1906.76426005002
58.9850000000001,1906.88614021713
58.9860000000001,1907.20571829623
58.9870000000001,1907.59759462092
58.9880000000001,1907.93180021787
58.989,1908.06550025159
58.99,1906.08898484906
58.9910000000002,1903.33449882164
58.9920000000002,1900.52519023225
58.9930000000002,1897.92508270787
58.9940000000001,1895.7966592573
58.9950000000001,1894.35424201916
58.9960000000001,1891.70841190366
58.9970000000001,1889.73457263171
58.998,1889.16029954466
58.999,1889.99686813516
59,1892.09154055271
59.0010000000002,1895.16095477358
59.0020000000002,1896.84178845373
59.0030000000002,1898.60844440047
59.0040000000001,1900.87468511289
59.0050000000001,1903.56190590045
59.0060000000001,1906.58345726974
59.0070000000001,1909.83590915777
59.008,1911.2471702203
59.009,1912.49039172553
59.0100000000002,1914.12352560779
59.0110000000002,1916.2099406874
59.0120000000002,1918.72486877758
59.0130000000001,1921.54537659869
59.0140000000001,1922.49354199318
59.0150000000001,1923.18210201126
59.0160000000001,1924.00563598849
59.0170000000001,1924.92701820085
59.018,1925.87057878262
59.019,1926.72365847357
59.0200000000002,1925.32405311926
59.0210000000002,1923.51532491725
59.0220000000002,1921.82279246049
59.0230000000001,1920.38076991852
59.0240000000001,1919.27813804615
59.0250000000001,1918.54141130449
59.0260000000001,1916.07604351084
59.027,1913.83446634011
59.028,1912.29034697344
59.0290000000002,1911.50021638247
59.0300000000002,1911.42162343328
59.0310000000002,1911.91347998997
59.0320000000002,1910.69908661939
59.0330000000001,1909.6179110635
59.0340000000001,1909.00214211404
59.0350000000001,1908.88720529743
59.0360000000001,1909.30486875874
59.037,1910.27864054909
59.038,1909.7530951099
59.0390000000002,1909.87451650368
59.0400000000002,1911.15912583919
59.0410000000002,1913.77881331014
59.0420000000001,1917.77506291309
59.0430000000001,1923.03126995355
59.0440000000001,1927.19025915707
59.0450000000001,1932.05592653133
59.046,1937.64769485366
59.047,1943.68712247029
59.048,1949.84905378097
59.0490000000002,1955.79259037196
59.0500000000002,1959.08407227735
59.0510000000002,1961.725203545
59.0520000000001,1963.97666024267
59.0530000000001,1965.92400900581
59.0540000000001,1967.62590015643
59.0550000000001,1969.07750635823
59.056,1968.07588108552
59.057,1966.78449175099
59.0580000000002,1965.42481173226
59.0590000000002,1963.99799673526
59.0600000000002,1962.45165111179
59.0610000000001,1960.6993372412
59.0620000000001,1956.51294287869
59.0630000000001,1952.20086554081
59.0640000000001,1948.11669398343
59.0650000000001,1944.47567342495
59.066,1941.43776620288
59.067,1939.07439438406
59.0680000000002,1935.1791007803
59.0690000000002,1932.09512769942
59.0700000000002,1929.99469874555
59.0710000000001,1928.87668614464
59.0720000000001,1928.6663551958
59.0730000000001,1929.23094090763
59.0740000000001,1928.1562033214
59.075,1927.83088224549
59.076,1928.40729061047
59.0770000000002,1929.92095077745
59.0780000000002,1932.30589970873
59.0790000000002,1935.36351868474
59.0800000000002,1936.43641996044
59.0810000000001,1937.77012789362
59.0820000000001,1939.19384482182
59.0830000000001,1940.47139432103
59.0840000000001,1941.35274543435
59.085,1941.56706745962
59.086,1938.64220220963
59.0870000000002,1935.12202047571
59.0880000000002,1931.28245909161
59.0890000000002,1927.38582952275
59.0900000000001,1923.64030150916
59.0910000000001,1920.07539103907
59.0920000000001,1914.43719159741
59.0930000000001,1909.21775341696
59.0940000000001,1904.51721185738
59.095,1900.33958079596
59.096,1896.63552611719
59.0970000000002,1893.2200792332
59.0980000000002,1887.85540397864
59.0990000000002,1883.08679975965
59.1000000000001,1879.19815400347
59.1010000000001,1876.40752828221
59.1020000000001,1874.82355117915
59.1030000000001,1874.25032928
59.104,1872.36580174216
59.105,1871.34343645761
59.1060000000002,1870.98150415618
59.1070000000002,1870.95995694692
59.1080000000002,1870.90629282807
59.1090000000002,1870.27109101871
59.1100000000001,1866.72870683868
59.1110000000001,1862.61617647981
59.1120000000001,1858.15016443737
59.1130000000001,1853.59217120977
59.114,1849.21150694946
59.115,1845.01571404328
59.1160000000002,1839.20769245355
59.1170000000002,1834.32124697969
59.1180000000002,1830.57695340128
59.1190000000001,1828.04671273863
59.1200000000001,1826.68683324747
59.1210000000001,1826.12462619027
59.1220000000001,1824.35758659299
59.123,1823.67552793573
59.124,1824.24016618197
59.125,1826.18910009512
59.1260000000002,1829.62596898459
59.1270000000002,1834.31355804939
59.1280000000002,1838.45871285322
59.1290000000001,1844.31462366144
59.1300000000001,1851.92937816663
59.1310000000001,1861.19563821254
59.1320000000001,1871.86698073945
59.133,1883.26611749092
59.134,1893.27004927123
59.1350000000002,1903.74376759204
59.1360000000002,1914.49214370291
59.1370000000002,1925.29753143786
59.1380000000001,1935.94142121018
59.1390000000001,1945.86412970905
59.1400000000001,1953.25863643996
59.1410000000001,1960.25975829962
59.1420000000001,1966.98347375922
59.143,1973.49978412981
59.144,1979.82717283448
59.1450000000002,1985.54330669352
59.1460000000002,1989.01582365881
59.1470000000002,1992.38493216596
59.1480000000001,1995.75237500179
59.1490000000001,1999.14291360277
59.1500000000001,2002.51828452106
59.1510000000001,2005.37307954537
59.152,2006.11473618307
59.153,2006.81870784246
59.1540000000002,2007.58276094363
59.1550000000002,2008.43329960388
59.1560000000002,2009.32713732586
59.1570000000002,2009.70738263549
59.1580000000001,2008.016317406
59.1590000000001,2006.23190254182
59.1600000000001,2004.40335294113
59.1610000000001,2002.52753789271
59.162,2000.5653788843
59.163,1997.97377905879
59.1640000000002,1993.3492983259
59.1650000000002,1988.76670383977
59.1660000000002,1984.42378064009
59.1670000000001,1980.45433622363
59.1680000000001,1976.91270852025
59.1690000000001,1973.24404977746
59.1700000000001,1968.04702585052
59.171,1963.24923781964
59.172,1958.87717243826
59.173,1954.88115763685
59.1740000000002,1951.15891387763
59.1750000000002,1947.03159288122
59.1760000000002,1941.16407328052
59.1770000000001,1935.51281136023
59.1780000000001,1930.25687964223
59.1790000000001,1925.54415748907
59.1800000000001,1921.47419593014
59.181,1917.50498793534
59.182,1912.47621080009
59.1830000000002,1908.3119195506
59.1840000000002,1905.12198431856
59.1850000000002,1902.91967279756
59.1860000000001,1901.63102187513
59.1870000000001,1900.50022821053
59.1880000000001,1898.27856838527
59.1890000000001,1896.73042745934
59.1900000000001,1895.87991018046
59.191,1895.69413606112
59.192,1896.08210963389
59.1930000000002,1896.24747638336
59.1940000000002,1895.01324639518
59.1950000000002,1894.13432757896
59.1960000000001,1893.62537330553
59.1970000000001,1893.44513973074
59.1980000000001,1893.50881473777
59.1990000000001,1893.01053265246
59.2,1890.91059215121
59.201,1889.06852935007
59.2020000000002,1887.62347036951
59.2030000000002,1886.66530315151
59.2040000000002,1886.22971819204
59.2050000000002,1885.5625596298
59.2060000000001,1883.74252291607
59.2070000000001,1882.60523596898
59.2080000000001,1882.21833116008
59.2090000000001,1882.55070607858
59.21,1883.48972875472
59.211,1884.09888335447
59.2120000000002,1883.41911252878
59.2130000000002,1883.20878588619
59.2140000000002,1883.56071105417
59.2150000000001,1884.5517914544
59.2160000000001,1886.24831589741
59.2170000000001,1887.89707168378
59.2180000000001,1888.82625871626
59.2190000000001,1890.93420078147
59.22,1894.37685808019
59.221,1899.15192398655
59.2220000000002,1905.08686524498
59.2230000000002,1911.00817515859
59.2240000000002,1915.8226425981
59.2250000000001,1920.86815882396
59.2260000000001,1925.82773734461
59.2270000000001,1930.36314895928
59.2280000000001,1934.17094095909
59.229,1936.15885500024
59.23,1935.65317332791
59.2310000000002,1934.48777480594
59.2320000000002,1932.99499888287
59.2330000000002,1931.49015983549
59.2340000000002,1930.22011915452
59.2350000000001,1928.4239919803
59.2360000000001,1925.61935063276
59.2370000000001,1923.47668278006
59.2380000000001,1922.01540750421
59.239,1921.12368812151
59.24,1920.6030748964
59.2410000000002,1919.29264848808
59.2420000000002,1916.55057989799
59.2430000000002,1913.95597195731
59.2440000000001,1911.65002221574
59.2450000000001,1909.76415153857
59.2460000000001,1908.39169247686
59.2470000000001,1906.60057042807
59.248,1903.9857075384
59.249,1902.14088464715
59.25,1901.13230051216
59.2510000000002,1900.91995501676
59.2520000000002,1901.37643993831
59.2530000000002,1901.31155364809
59.2540000000001,1900.21572890163
59.2550000000001,1899.57166733516
59.2560000000001,1899.43738778516
59.2570000000001,1899.81996428484
59.258,1900.65753044378
59.259,1900.7738587483
59.2600000000002,1899.73601188662
59.2610000000002,1898.9525074499
59.2620000000002,1898.41432929219
59.2630000000001,1898.07074188435
59.2640000000001,1897.85208815218
59.2650000000001,1896.63362177504
59.2660000000001,1894.22948235049
59.2670000000001,1892.24839776233
59.268,1890.96278748057
59.269,1890.5832796146
59.2700000000002,1891.22030796823
59.2710000000002,1891.77815941019
59.2720000000002,1892.04496528662
59.2730000000001,1893.3246478057
59.2740000000001,1895.51994879995
59.2750000000001,1898.42896381675
59.2760000000001,1901.78303572491
59.277,1904.19278802968
59.278,1905.39785717075
59.2790000000002,1906.67506969296
59.2800000000002,1908.07996759945
59.2810000000002,1909.65273714429
59.2820000000002,1911.39805754131
59.2830000000001,1912.15793997718
59.2840000000001,1911.93646997532
59.2850000000001,1912.04487683579
59.2860000000001,1912.52632719751
59.287,1913.35199193652
59.288,1914.44482781766
59.2890000000002,1914.57096885356
59.2900000000002,1913.8179449065
59.2910000000002,1913.50987104041
59.2920000000001,1913.77127577695
59.2930000000001,1914.6580310289
59.2940000000001,1916.1477676955
59.2950000000001,1916.98198389958
59.296,1917.2522586632
59.297,1918.1237955528
59.298,1919.5793430203
59.2990000000002,1921.55443502098
59.3000000000002,1923.9690285089
59.3010000000002,1925.56869917797
59.3020000000001,1926.63739355867
59.3030000000001,1928.50192810167
59.3040000000001,1931.36378574745
59.3050000000001,1935.33634519576
59.306,1940.413661759
59.307,1945.23429674765
59.3080000000002,1949.90490599019
59.3090000000002,1955.33538861142
59.3100000000002,1961.25294936909
59.3110000000001,1967.28217337862
59.3120000000001,1972.99699414185
59.3130000000001,1976.7327465888
59.3140000000001,1978.57808988645
59.3150000000001,1979.52843790289
59.316,1979.61883625991
59.317,1978.91631696116
59.3180000000002,1977.49977848478
59.3190000000002,1974.17193975897
59.3200000000002,1969.49910455935
59.3210000000001,1964.71805284712
59.3220000000001,1959.99404636202
59.3230000000001,1955.38658498149
59.3240000000001,1950.86010361069
59.325,1944.95522295174
59.326,1938.10690305689
59.3270000000002,1931.4036355777
59.3280000000002,1924.9114367532
59.3290000000002,1918.62991427483
59.3300000000002,1912.47998248906
59.3310000000001,1904.70446881815
59.3320000000001,1895.73929993087
59.3330000000001,1886.78481396472
59.3340000000001,1877.96454572128
59.335,1869.34233557353
59.336,1860.88763161805
59.3370000000002,1850.52030970192
59.3380000000002,1838.7794897753
59.3390000000002,1827.14543427063
59.3400000000001,1815.97080138089
59.3410000000001,1805.58679191289
59.3420000000001,1796.22201074735
59.3430000000001,1785.84064045462
59.3440000000001,1775.19464645102
59.345,1765.81710949944
59.346,1757.99811116404
59.3470000000002,1751.91131599403
59.3480000000002,1747.55633883252
59.3490000000002,1743.16188343994
59.3500000000001,1739.19997842081
59.3510000000001,1736.31469715195
59.3520000000001,1734.18455847686
59.3530000000001,1732.49678437226
59.354,1731.04500894202
59.355,1728.9765412799
59.3560000000002,1727.23224441903
59.3570000000002,1726.5009828392
59.3580000000002,1726.82427284071
59.3590000000002,1728.10576455455
59.3600000000001,1730.14221653762
59.3610000000001,1731.98983836587
59.3620000000001,1734.19688002954
59.3630000000001,1736.81647223767
59.364,1739.35638470729
59.365,1741.34888310673
59.3660000000002,1742.48037663869
59.3670000000002,1741.91573500545
59.3680000000002,1740.6785537819
59.3690000000001,1739.39312473898
59.3700000000001,1738.11058563732
59.3710000000001,1736.73548893944
59.3720000000001,1735.06626004319
59.373,1731.6011591983
59.374,1727.30452667791
59.375,1723.00637473934
59.3760000000002,1719.14475496389
59.3770000000002,1716.44739801555
59.3780000000002,1715.96094451157
59.3790000000001,1717.32606849292
59.3800000000001,1723.36631506059
59.3810000000001,1736.73007797657
59.3820000000001,1759.24719159527
59.383,1792.45541048354
59.384,1837.45018341771
59.3850000000002,1893.07510195224
59.3860000000002,1960.62369589429
59.3870000000002,2040.45750878224
59.3880000000001,2131.72451194153
59.3890000000001,2233.09790657078
59.3900000000001,2342.87872207139
59.3910000000001,2457.49015746365
59.3920000000001,2576.12980348299
59.393,2697.37742192363
59.394,2819.01106424795
59.3950000000002,2938.47657506738
59.3960000000002,3052.69638284829
59.3970000000002,3156.22192833168
59.3980000000001,3245.61430194966
59.3990000000001,3315.76898219696
59.4000000000001,3359.94119071097
59.4010000000001,3370.60504003574
59.402,3340.0830420255
59.403,3259.81949117833
59.4040000000002,3126.25027543419
59.4050000000002,2938.27120204347
59.4060000000002,2698.2809216503
59.4070000000002,2413.22726983053
59.4080000000001,2094.52912743358
59.4090000000001,1755.61504779565
59.4100000000001,1415.29651950843
59.4110000000001,1091.97338193163
59.412,801.653185401259
59.413,556.412407475155
59.4140000000002,362.923611356215
59.4150000000002,220.1309175363
59.4160000000002,124.546889048361
59.4170000000001,67.5736104247472
59.4180000000001,37.8451854457709
59.4190000000001,24.0178016650431
59.4200000000001,16.9873164418871
59.421,9.81823455786521
59.422,3.58236967604121
59.423,2.92371789087989
59.4240000000002,15.3035203754848
59.4250000000002,49.5306489320911
59.4260000000002,113.608057123368
59.4270000000001,210.998993208514
59.4280000000001,344.457805706841
59.4290000000001,511.080952874419
59.4300000000001,703.241016164088
59.431,910.110858231049
59.432,1119.31284596266
59.4330000000002,1316.93371249308
59.4340000000002,1494.44229300505
59.4350000000002,1645.21845325312
59.4360000000001,1765.70934510835
59.4370000000001,1855.59093903425
59.4380000000001,1917.07198570322
59.4390000000001,1952.11576295107
59.4400000000001,1966.86251480006
59.441,1966.09177686193
59.442,1953.55119901509
59.4430000000002,1932.12874922972
59.4440000000002,1903.99009163842
59.4450000000002,1868.97500710083
59.4460000000001,1830.69910091768
59.4470000000001,1791.59657949451
59.4480000000001,1753.96915683671
59.4490000000001,1720.14379239621
59.45,1692.19603741515
59.451,1669.46737913763
59.4520000000002,1655.03474768324
59.4530000000002,1649.28388782665
59.4540000000002,1651.35660406627
59.4550000000002,1659.68190637458
59.4560000000001,1672.29025906101
59.4570000000001,1684.63135638134
59.4580000000001,1697.82678244856
59.4590000000001,1711.02949296024
59.46,1723.41060260607
59.461,1734.48914530698
59.4620000000002,1744.06371477966
59.4630000000002,1749.42909228529
59.4640000000002,1753.8114878096
59.4650000000001,1757.73148715223
59.4660000000001,1761.21254785562
59.4670000000001,1764.14868618611
59.4680000000001,1766.40062972222
59.4690000000001,1765.72662544297
59.47,1764.49336657265
59.471,1763.27455560243
59.4720000000002,1762.43838136333
59.4730000000002,1762.25749675997
59.4740000000002,1762.84485509918
59.4750000000001,1762.69642691041
59.4760000000001,1762.79748282052
59.4770000000001,1763.3203268165
59.4780000000001,1764.3726839289
59.479,1766.02692329454
59.48,1768.25669544995
59.4810000000002,1769.58369248014
59.4820000000002,1770.76066680149
59.4830000000002,1771.92137510564
59.4840000000002,1773.18413349269
59.4850000000001,1774.62561482013
59.4860000000001,1776.20419633183
59.4870000000001,1776.32862164731
59.4880000000001,1775.87312077389
59.489,1774.98311650214
59.49,1773.86629486307
59.4910000000002,1772.77283122255
59.4920000000002,1771.9169106682
59.4930000000002,1769.50498006379
59.4940000000001,1767.58109059551
59.4950000000001,1766.49945198489
59.4960000000001,1766.51618482661
59.4970000000001,1767.78512872832
59.498,1770.31300895175
59.499,1771.61873605351
59.5,1774.08532802679
59.5010000000002,1777.63014654137
59.5020000000002,1782.04700432679
59.5030000000002,1787.05334761565
59.5040000000001,1792.28519114768
59.5050000000001,1795.15814949721
59.5060000000001,1797.99606128966
59.5070000000001,1800.86942766948
59.508,1803.84813138951
59.509,1806.98888998002
59.5100000000002,1810.23729247826
59.5110000000002,1811.45736954842
59.5120000000002,1812.9837003315
59.5130000000001,1815.00482694482
59.5140000000001,1817.63317027608
59.5150000000001,1820.90122796944
59.5160000000001,1824.64886932302
59.5170000000001,1826.70039943694
59.518,1829.24727362689
59.519,1832.37419152866
59.5200000000002,1836.09956991404
59.5210000000002,1840.36779594275
59.5220000000002,1844.89479479401
59.5230000000001,1847.44130195905
59.5240000000001,1850.13206903912
59.5250000000001,1852.95872769235
59.5260000000001,1855.86645095523
59.527,1858.76976337104
59.528,1861.3841460187
59.5290000000002,1861.63547821996
59.5300000000002,1861.80705017698
59.5310000000002,1862.10571298748
59.5320000000002,1862.7026444924
59.5330000000001,1863.71320048557
59.5340000000001,1864.96379606501
59.5350000000001,1864.51465795938
59.5360000000001,1864.60382292824
59.537,1865.35557759779
59.538,1866.8168839885
59.5390000000002,1868.97053468902
59.5400000000002,1871.50188360652
59.5410000000002,1872.48317897145
59.5420000000001,1874.11774592078
59.5430000000001,1876.57322587814
59.5440000000001,1879.96709032242
59.5450000000001,1884.34987225397
59.546,1889.40860177649
59.547,1893.26769021205
59.548,1897.99649175578
59.5490000000002,1903.5874948275
59.5500000000002,1909.92755550973
59.5510000000002,1916.81123418894
59.5520000000001,1923.64845656652
59.5530000000001,1928.43807782015
59.5540000000001,1933.08343071931
59.5550000000001,1937.53284915984
59.556,1941.71636471672
59.557,1945.54856621954
59.5580000000002,1948.58477006665
59.5590000000002,1949.10384900329
59.5600000000002,1949.21430506061
59.5610000000001,1949.09694053629
59.5620000000001,1948.90113786584
59.5630000000001,1948.73945023194
59.5640000000001,1948.30335063801
59.5650000000001,1946.0724573197
59.566,1944.2577052499
59.567,1943.11731108046
59.5680000000002,1942.8354951499
59.5690000000002,1943.51051977327
59.5700000000002,1944.73015863442
59.5710000000001,1944.91398208925
59.5720000000001,1946.06685852228
59.5730000000001,1948.21046994591
59.5740000000001,1951.25716230296
59.575,1955.02099098088
59.576,1958.78403214551
59.5770000000002,1960.79842668487
59.5780000000002,1962.90423752059
59.5790000000002,1965.06200406383
59.5800000000002,1967.21979177124
59.5810000000001,1969.31962816789
59.5820000000001,1970.80533105716
59.5830000000001,1970.2246310955
59.5840000000001,1969.70156446886
59.585,1969.46724615078
59.586,1969.69317864155
59.5870000000002,1970.4686222254
59.5880000000002,1971.24400506311
59.5890000000002,1970.55402772346
59.5900000000001,1970.39620816528
59.5910000000001,1970.80318208022
59.5920000000001,1971.70668553738
59.5930000000001,1972.94675455717
59.5940000000001,1973.7075877081
59.595,1972.40782970571
59.596,1970.94360392884
59.5970000000002,1969.35825669987
59.5980000000002,1967.69066763455
59.5990000000002,1965.97116168995
59.6000000000001,1963.59920408754
59.6010000000001,1959.34803444658
59.6020000000001,1955.33509174573
59.6030000000001,1951.81087100496
59.604,1948.94642610848
59.605,1946.81723002641
59.6060000000002,1944.74921172827
59.6070000000002,1941.48992626797
59.6080000000002,1938.98059381934
59.6090000000002,1937.31401405952
59.6100000000001,1936.52436391861
59.6110000000001,1936.59379704933
59.6120000000001,1936.76624446665
59.6130000000001,1935.86358827662
59.614,1935.8456348162
59.615,1936.82700063425
59.6160000000002,1938.82311746074
59.6170000000002,1941.73301131928
59.6180000000002,1944.60732499725
59.6190000000001,1946.12732886076
59.6200000000001,1947.96970697907
59.6210000000001,1949.99755089716
59.6220000000001,1952.03506564958
59.623,1953.9014193351
59.624,1954.68655125453
59.625,1953.3873658641
59.6260000000002,1951.99625344103
59.6270000000002,1950.83063528947
59.6280000000002,1950.19918166232
59.6290000000001,1950.36511257403
59.6300000000001,1950.72497120175
59.6310000000001,1950.54047471441
59.6320000000001,1951.77792245545
59.633,1954.6012042387
59.634,1959.03445533957
59.6350000000002,1964.97843365751
59.6360000000002,1971.41332290109
59.6370000000002,1977.3364419499
59.6380000000001,1984.42896589359
59.6390000000001,1992.69741263576
59.6400000000001,2002.10609373587
59.6410000000001,2012.5692013969
59.6420000000001,2023.07989578564
59.643,2032.75223912006
59.644,2043.2232169517
59.6450000000002,2054.40750222838
59.6460000000002,2066.09207149626
59.6470000000002,2077.94218311644
59.6480000000001,2088.62711436239
59.6490000000001,2097.05308878079
59.6500000000001,2104.60276192028
59.6510000000001,2111.07272518468
59.652,2116.2714595561
59.653,2120.04268912005
59.6540000000002,2121.3531454041
59.6550000000002,2119.6485745046
59.6560000000002,2116.83542431227
59.6570000000002,2113.30658395698
59.6580000000001,2109.44997452722
59.6590000000001,2105.61662097412
59.6600000000001,2101.124550867
59.6610000000001,2095.72497923334
59.662,2091.36221883239
59.663,2088.33191230472
59.6640000000002,2086.77084101408
59.6650000000002,2086.65101491603
59.6660000000002,2086.78277154587
59.6670000000001,2086.46344465829
59.6680000000001,2087.08082382205
59.6690000000001,2088.44802139007
59.6700000000001,2090.29239216767
59.671,2092.27496006087
59.672,2092.9749113641
59.673,2091.69026712571
59.6740000000002,2089.83131787215
59.6750000000002,2087.3884858239
59.6760000000002,2084.37246030525
59.6770000000001,2080.81237252757
59.6780000000001,2075.67777581434
59.6790000000001,2068.79768580084
59.6800000000001,2061.99893572128
59.681,2055.67794175533
59.682,2050.17490943492
59.6830000000002,2045.74036191052
59.6840000000002,2041.39415419102
59.6850000000002,2036.9804228223
59.6860000000001,2034.08020828052
59.6870000000001,2032.73092739966
59.6880000000001,2032.79990346855
59.6890000000001,2033.99653321192
59.6900000000001,2034.75270327575
59.691,2034.49233789885
59.692,2034.39680910116
59.6930000000002,2034.31256229851
59.6940000000002,2034.12316987718
59.6950000000002,2033.76290368181
59.6960000000001,2032.02275305219
59.6970000000001,2028.92649498025
59.6980000000001,2026.195946972
59.6990000000001,2024.18901512789
59.7,2023.1644992123
59.701,2023.23317056936
59.7020000000002,2023.08945801759
59.7030000000002,2022.57989459339
59.7040000000002,2022.97499017907
59.7050000000002,2024.11396051672
59.7060000000001,2025.75237809307
59.7070000000001,2027.61204599293
59.7080000000001,2028.14211696256
59.7090000000001,2027.31288858968
59.71,2026.61775731866
59.711,2026.29507824241
59.7120000000002,2026.57834832138
59.7130000000002,2027.65256319204
59.7140000000002,2028.28466695932
59.7150000000001,2028.72313614928
59.7160000000001,2030.41937217704
59.7170000000001,2033.39776225363
59.7180000000001,2037.5262366064
59.7190000000001,2042.54488340455
59.72,2046.74622067309
59.721,2050.08499540998
59.7220000000002,2053.73281390538
59.7230000000002,2057.6256248365
59.7240000000002,2061.68221227067
59.7250000000001,2065.79694130049
59.7260000000001,2068.43883102252
59.7270000000001,2069.85027982861
59.7280000000001,2071.34568676866
59.729,2072.99147538139
59.73,2074.78117691824
59.7310000000002,2076.6401000703
59.7320000000002,2077.00817058756
59.7330000000002,2076.21729238389
59.7340000000002,2075.5767856923
59.7350000000001,2075.20799614818
59.7360000000001,2075.18292342063
59.7370000000001,2075.51721544572
59.7380000000001,2074.70489385662
59.739,2073.21882077788
59.74,2072.36906239185
59.7410000000002,2072.28663047594
59.7420000000002,2073.02470667869
59.7430000000002,2074.55749329134
59.7440000000001,2075.3001908536
59.7450000000001,2075.72467194257
59.7460000000001,2077.01735320806
59.7470000000001,2079.22362069853
59.748,2082.29507160248
59.749,2086.08199041545
59.75,2088.80660566837
59.7510000000002,2090.84993180293
59.7520000000002,2093.20606915437
59.7530000000002,2095.77680602143
59.7540000000001,2098.40591000962
59.7550000000001,2100.8870109892
59.7560000000001,2101.39536726708
59.7570000000001,2100.46258144651
59.758,2099.20181269286
59.759,2097.71804377667
59.7600000000002,2096.09589521978
59.7610000000002,2094.38357044357
59.7620000000002,2090.97177247365
59.7630000000001,2086.67588291643
59.7640000000001,2082.72468079327
59.7650000000001,2079.31712510421
59.7660000000001,2076.56713860975
59.7670000000001,2074.49309463263
59.768,2071.36717009829
59.769,2067.98070451338
59.7700000000002,2065.4175358672
59.7710000000002,2063.7695928793
59.7720000000002,2063.05885710645
59.7730000000001,2063.22888939053
59.7740000000001,2062.4439903446
59.7750000000001,2061.51702632427
59.7760000000001,2061.43884074137
59.777,2062.22467663439
59.778,2063.79899339397
59.7790000000002,2065.98925290979
59.7800000000002,2066.80408968462
59.7810000000002,2067.02861165784
59.7820000000002,2067.535025202
59.7830000000001,2068.31010137239
59.7840000000001,2069.32173191975
59.7850000000001,2070.51900739111
59.7860000000001,2070.07303108859
59.787,2069.08837159479
59.788,2068.63155411735
59.7890000000002,2068.87734341754
59.7900000000002,2069.89928526488
59.7910000000002,2071.64273917926
59.7920000000001,2072.13269531725
59.7930000000001,2072.32674217805
59.7940000000001,2072.95073993471
59.7950000000001,2073.86032272935
59.796,2074.85758661122
59.797,2075.72820633072
59.798,2074.49862887965
59.7990000000002,2072.38191979816
59.8000000000002,2070.41204825136
59.8010000000002,2068.93864962953
59.8020000000001,2068.33272873625
59.8030000000001,2068.93997991139
59.8040000000001,2069.23769141448
59.8050000000001,2070.77415812718
59.806,2074.53757583716
59.807,2080.57730313137
59.8080000000002,2088.6740863931
59.8090000000002,2098.34680299749
59.8100000000002,2107.0690080815
59.8110000000001,2115.48296269922
59.8120000000001,2123.67314724467
59.8130000000001,2131.06613138376
59.8140000000001,2137.16811297185
59.8150000000001,2141.62709189557
59.816,2142.41549162471
59.817,2141.1282428043
59.8180000000002,2138.91261674649
59.8190000000002,2136.37210142975
59.8200000000002,2134.11045706201
59.8210000000001,2132.64776117701
59.8220000000001,2130.46963574852
59.8230000000001,2129.37770877948
59.8240000000001,2130.22006192073
59.825,2132.99801041681
59.826,2137.47171030765
59.8270000000002,2143.20214376571
59.8280000000002,2147.70127876779
59.8290000000002,2152.02220757849
59.8300000000002,2156.37705116024
59.8310000000001,2160.42627313953
59.8320000000001,2163.84864697923
59.8330000000001,2166.35220867004
59.8340000000001,2165.73357847803
59.835,2163.56470030583
59.836,2160.53807846188
59.8370000000002,2156.85040044421
59.8380000000002,2152.70088709627
59.8390000000002,2148.27261592495
59.8400000000001,2141.68554567873
59.8410000000001,2134.92526044865
59.8420000000001,2128.86821253327
59.8430000000001,2123.77882985977
59.8440000000001,2119.7547349291
59.845,2116.69401013692
59.846,2111.96476765204
59.8470000000002,2107.19990920434
59.8480000000002,2102.74822859285
59.8490000000002,2098.38165533612
59.8500000000001,2093.80037411132
59.8510000000001,2088.64019647123
59.8520000000001,2079.73123196377
59.8530000000001,2069.14406169276
59.854,2057.7240770984
59.855,2045.93987014663
59.8560000000002,2034.31857344872
59.8570000000002,2023.33361502643
59.8580000000002,2010.16980208677
59.8590000000002,1997.7227517193
59.8600000000001,1987.20106966159
59.8610000000001,1979.14697343994
59.8620000000001,1973.84463373845
59.8630000000001,1971.22172712729
59.864,1968.18143277566
59.865,1966.3992121756
59.8660000000002,1965.75947929302
59.8670000000002,1965.69088220585
59.8680000000002,1965.6849453746
59.8690000000001,1965.38792386654
59.8700000000001,1962.99581929956
59.8710000000001,1960.42066515803
59.8720000000001,1958.14831691922
59.873,1956.32899295285
59.874,1954.97727741904
59.875,1953.96210660115
59.8760000000002,1952.02978259852
59.8770000000002,1950.36115791499
59.8780000000002,1948.67662096844
59.8790000000001,1946.52909573005
59.8800000000001,1943.68198926976
59.8810000000001,1940.28170348627
59.8820000000001,1935.86480764174
59.883,1932.88638621633
59.884,1932.34240800931
59.8850000000002,1934.72182876043
59.8860000000002,1939.96846072156
59.8870000000002,1947.41433265197
59.8880000000001,1954.07222045892
59.8890000000001,1960.58711561192
59.8900000000001,1965.81498101307
59.8910000000001,1968.78762217265
59.8920000000001,1969.25396492545
59.893,1967.92028306492
59.894,1964.07023300098
59.8950000000002,1962.89644434233
59.8960000000002,1967.85667663135
59.8970000000002,1982.0800583327
59.8980000000001,2007.97596432482
59.8990000000001,2046.79844357621
59.9000000000001,2095.97346713542
59.9010000000001,2156.9501477952
59.902,2228.07317066978
59.903,2307.24711384469
59.9040000000002,2392.65381698548
59.9050000000002,2483.21552532975
59.9060000000002,2576.4621307887
59.9070000000002,2675.79951625857
59.9080000000001,2782.72192955543
59.9090000000001,2898.25189862357
59.9100000000001,3022.20693714582
59.9110000000001,3152.47018180184
59.912,3282.18775495452
59.913,3407.20935467885
59.9140000000002,3519.04759762915
59.9150000000002,3608.00393270435
59.9160000000002,3664.34472038743
59.9170000000001,3679.51877378857
59.9180000000001,3644.86151234547
59.9190000000001,3560.03729709067
59.9200000000001,3425.75751123178
59.921,3246.07381609016
59.922,3027.83193228372
59.923,2779.74991731491
59.9240000000002,2509.13244363941
59.9250000000002,2228.23992787406
59.9260000000002,1946.01565003298
59.9270000000001,1669.88185059478
59.9280000000001,1405.5227961642
59.9290000000001,1156.88947608902
59.9300000000001,924.425203707893
59.931,712.662373416943
59.932,523.436490131362
59.9330000000002,358.596408322058
59.9340000000002,220.257502577328
59.9350000000002,110.73739654229
59.9360000000001,30.4664758415428
59.9370000000001,-15.431180958157
59.9380000000001,-24.6366565149814
59.9390000000001,4.19240898448054
59.9400000000001,71.0384684212323
59.941,174.094265170438
59.942,307.842828968891
59.9430000000002,469.764648441477
59.9440000000002,653.649988519116
59.9450000000002,852.209677915587
59.9460000000001,1057.5743932775
59.9470000000001,1261.64540822991
59.9480000000001,1454.9494106827
59.9490000000001,1633.53215379879
59.95,1792.46420240464
59.951,1928.21490543966
59.9520000000002,2038.69582090945
59.9530000000002,2122.9583428525
59.9540000000002,2179.50090583837
59.9550000000002,2212.35095566053
59.9560000000001,2224.11557905995
59.9570000000001,2217.95643762717
59.9580000000001,2197.40648553029
59.9590000000001,2165.93412511669
59.96,2125.36909685401
59.961,2081.92184581813
59.9620000000002,2039.24914230475
59.9630000000002,2000.47507345785
59.9640000000002,1968.02235635847
59.9650000000001,1943.145430441
59.9660000000001,1924.52460683182
59.9670000000001,1914.78076359418
59.9680000000001,1913.2024208049
59.9690000000001,1918.40754872723
59.97,1928.61278048609
59.971,1941.48781203318
59.9720000000002,1953.14896855444
59.9730000000002,1965.34119786297
59.9740000000002,1977.19203705472
59.9750000000001,1988.10729556834
59.9760000000001,1997.7739808324
59.9770000000001,2005.59001140271
59.9780000000001,2009.46479905756
59.979,2012.99041572496
59.98,2016.3557335736
59.9810000000002,2019.49742170563
59.9820000000002,2022.19861691026
59.9830000000002,2023.72106821895
59.9840000000002,2022.03529089906
59.9850000000001,2019.93917050106
59.9860000000001,2017.68057106116
59.9870000000001,2015.47994261657
59.9880000000001,2013.51845469901
59.989,2011.55670772289
59.99,2008.22758582276
59.9910000000002,2005.34828551262
59.9920000000002,2003.16263117057
59.9930000000002,2001.82591244235
59.9940000000001,2001.364660398
59.9950000000001,2001.38103478775
59.9960000000001,2000.4537806514
59.9970000000001,1999.48890753424
59.998,1998.62766375902
59.999,1998.09627888779
60,1998.11046539762
60.0010000000002,1998.4798445198
60.0020000000002,1998.02137396528
60.0030000000002,1997.82692949594
60.0040000000001,1998.10640219697
60.0050000000001,1999.06441495634
60.0060000000001,2000.82430509515
60.0070000000001,2002.90176477357
60.008,2003.84038335988
60.009,2005.2086238538
60.0100000000002,2007.0071101006
60.0110000000002,2009.21110049165
60.0120000000002,2011.76959057268
60.0130000000001,2013.98241567126
60.0140000000001,2014.39343172109
60.0150000000001,2015.20733636597
60.0160000000001,2016.56211374516
60.0170000000001,2018.51695298735
60.018,2021.05170961991
60.019,2023.40419981493
60.0200000000002,2024.13401423948
60.0210000000002,2025.36389501442
60.0220000000002,2027.1295778686
60.0230000000001,2029.37940116294
60.0240000000001,2031.99164731911
60.0250000000001,2034.12603340565
60.0260000000001,2034.412975633
60.027,2034.85194055132
60.028,2035.5875068198
60.0290000000002,2036.73071614603
60.0300000000002,2038.3365042251
60.0310000000002,2039.67789449599
60.0320000000002,2039.54791379924
60.0330000000001,2039.9132346674
60.0340000000001,2040.84083772512
60.0350000000001,2042.30105053002
60.0360000000001,2044.17741737284
60.037,2045.53502158614
60.038,2045.12840244233
60.0390000000002,2044.88623486209
60.0400000000002,2044.92703906334
60.0410000000002,2045.36172132728
60.0420000000001,2046.28854665664
60.0430000000001,2046.99245208662
60.0440000000001,2046.56892318092
60.0450000000001,2047.14140599546
60.046,2048.96440035462
60.047,2052.16984288193
60.048,2056.74780745279
60.0490000000002,2061.71992610585
60.0500000000002,2065.93170105393
60.0510000000002,2071.05411768347
60.0520000000001,2076.91914361336
60.0530000000001,2083.27138634448
60.0540000000001,2089.79868781575
60.0550000000001,2095.31089344085
60.056,2098.70338269426
60.057,2101.74044640063
60.0580000000002,2104.52726186322
60.0590000000002,2107.18773264939
60.0600000000002,2109.84454740008
60.0610000000001,2111.70366225563
60.0620000000001,2112.11206472085
60.0630000000001,2113.07741195352
60.0640000000001,2114.85185512608
60.0650000000001,2117.56612534615
60.066,2121.21823767287
60.067,2124.75187593917
60.0680000000002,2127.2988027479
60.0690000000002,2130.49271190686
60.0700000000002,2134.26303450011
60.0710000000001,2138.46572165437
60.0720000000001,2142.90043359711
60.0730000000001,2146.37210431489
60.0740000000001,2148.09099691112
60.075,2149.74391006966
60.076,2151.42417454944
60.0770000000002,2153.20532976585
60.0780000000002,2155.12975544177
60.0790000000002,2156.20278647532
60.0800000000002,2155.91311332864
60.0810000000001,2156.04518569399
60.0820000000001,2156.73596618573
60.0830000000001,2158.00907364686
60.0840000000001,2159.77187735777
60.085,2160.79915441649
60.086,2160.44107338641
60.0870000000002,2160.24277929173
60.0880000000002,2160.19636454968
60.0890000000002,2160.27535817078
60.0900000000001,2160.44948723859
60.0910000000001,2159.62174982759
60.0920000000001,2157.46455252578
60.0930000000001,2155.77676264382
60.0940000000001,2154.8000788711
60.095,2154.66451275462
60.096,2155.35530833855
60.0970000000002,2155.5752694648
60.0980000000002,2154.76652612576
60.0990000000002,2154.32619153816
60.1000000000001,2154.08499380254
60.1010000000001,2153.81966838381
60.1020000000001,2153.29736437287
60.1030000000001,2151.14197243466
60.104,2147.05393900409
60.105,2142.81481908774
60.1060000000002,2138.8093354025
60.1070000000002,2135.43034206765
60.1080000000002,2133.01829022589
60.1090000000002,2130.57272703328
60.1100000000001,2128.07345608362
60.1110000000001,2127.22978357329
60.1120000000001,2128.10777500157
60.1130000000001,2130.55724079104
60.114,2134.22664153129
60.115,2137.31827901032
60.1160000000002,2139.20440893525
60.1170000000002,2141.03650181104
60.1180000000002,2142.55427031672
60.1190000000001,2143.53243095011
60.1200000000001,2143.79639328061
60.1210000000001,2141.91132435405
60.1220000000001,2137.89410003717
60.123,2133.48654216429
60.124,2129.05390766884
60.125,2124.92135606264
60.1260000000002,2121.33406491773
60.1270000000002,2117.08471188254
60.1280000000002,2112.35550883845
60.1290000000001,2108.73683337183
60.1300000000001,2106.33372712973
60.1310000000001,2105.09902422748
60.1320000000001,2104.8433211465
60.133,2103.8764753428
60.134,2102.06711665021
60.1350000000002,2100.65320880233
60.1360000000002,2099.53396911644
60.1370000000002,2098.58979136203
60.1380000000001,2097.69649972531
60.1390000000001,2095.32090829292
60.1400000000001,2091.71192136896
60.1410000000001,2088.4289146719
60.1420000000001,2085.7547776016
60.143,2083.93846145285
60.144,2083.17293795083
60.1450000000002,2082.13935337513
60.1460000000002,2081.30834388227
60.1470000000002,2082.20739851962
60.1480000000001,2085.01909271976
60.1490000000001,2089.78901991603
60.1500000000001,2096.42341947817
60.1510000000001,2103.22317280293
60.152,2110.3627135728
60.153,2118.94858409435
60.1540000000002,2128.80027033532
60.1550000000002,2139.64286678933
60.1560000000002,2151.1250944662
60.1570000000002,2161.32913041928
60.1580000000001,2170.42841039557
60.1590000000001,2179.527626718
60.1600000000001,2188.58984506432
60.1610000000001,2197.58531236964
60.162,2206.48628978043
60.163,2213.69841450484
60.1640000000002,2219.83746516892
60.1650000000002,2226.28659040586
60.1660000000002,2233.2193837351
60.1670000000001,2240.67466516937
60.1680000000001,2248.53009340365
60.1690000000001,2254.90846528262
60.1700000000001,2260.11994889954
60.171,2265.05717870161
60.172,2269.45447378799
60.173,2272.99737872554
60.1740000000002,2275.36432671281
60.1750000000002,2274.64621672083
60.1760000000002,2271.44927494
60.1770000000001,2267.03078220674
60.1780000000001,2261.66726577751
60.1790000000001,2255.6528146108
60.1800000000001,2249.26135578409
60.181,2241.05526550195
60.182,2232.10043717657
60.1830000000002,2223.83683307687
60.1840000000002,2216.60151951033
60.1850000000002,2210.61546367141
60.1860000000001,2205.97894092294
60.1870000000001,2200.97836753413
60.1880000000001,2196.46256131129
60.1890000000001,2193.50682405607
60.1900000000001,2192.08378950504
60.191,2191.99949750584
60.192,2192.88588563212
60.1930000000002,2192.49403587642
60.1940000000002,2191.24409795778
60.1950000000002,2189.73474081968
60.1960000000001,2187.64923440187
60.1970000000001,2184.7242727443
60.1980000000001,2180.79424946832
60.1990000000001,2174.06366868414
60.2,2165.7654742954
60.201,2157.35936522312
60.2020000000002,2149.46780700797
60.2030000000002,2142.6644375349
60.2040000000002,2137.38562320616
60.2050000000002,2132.07176920016
60.2060000000001,2127.92868082652
60.2070000000001,2125.92998444357
60.2080000000001,2125.98778348219
60.2090000000001,2127.82730502428
60.21,2131.04007735024
60.211,2133.32008060228
60.2120000000002,2135.47718119733
60.2130000000002,2138.23503798689
60.2140000000002,2141.54658758871
60.2150000000001,2145.372867783
60.2160000000001,2149.64587508264
60.2170000000001,2152.35181977453
60.2180000000001,2154.67898366555
60.2190000000001,2157.46482617833
60.22,2160.65755926856
60.221,2164.09678534185
60.2220000000002,2167.5319125328
60.2230000000002,2168.71325159983
60.2240000000002,2168.82609092823
60.2250000000001,2168.67311497386
60.2260000000001,2168.30949743644
60.2270000000001,2167.78537777844
60.2280000000001,2167.13211468901
60.229,2164.36440107936
60.23,2161.06039298905
60.2310000000002,2158.22316012957
60.2320000000002,2156.06107208755
60.2330000000002,2154.69404512731
60.2340000000002,2154.14945856267
60.2350000000001,2152.34385952581
60.2360000000001,2150.8443845564
60.2370000000001,2150.4808666536
60.2380000000001,2151.29892262884
60.239,2153.23201444152
60.24,2156.09833648224
60.2410000000002,2157.55709450292
60.2420000000002,2159.00388321165
60.2430000000002,2160.99531703549
60.2440000000001,2163.37592694813
60.2450000000001,2165.93146842283
60.2460000000001,2168.40851341181
60.2470000000001,2168.46779985488
60.248,2167.68980976132
60.249,2166.81687708648
60.25,2166.0099238758
60.2510000000002,2165.42381793153
60.2520000000002,2165.18242372846
60.2530000000002,2163.25674179414
60.2540000000001,2161.54798196446
60.2550000000001,2160.8797692558
60.2560000000001,2161.38635644997
60.2570000000001,2163.04287987801
60.258,2165.65703497993
60.259,2166.75154521293
60.2600000000002,2167.84202440136
60.2610000000002,2169.27510867232
60.2620000000002,2170.8323065726
60.2630000000001,2172.27465786184
60.2640000000001,2173.36907635902
60.2650000000001,2171.75680856079
60.2660000000001,2169.32019635667
60.2670000000001,2166.80187108896
60.268,2164.48577352067
60.269,2162.6244662386
60.2700000000002,2161.39210791489
60.2710000000002,2158.65850916995
60.2720000000002,2156.47486063963
60.2730000000001,2155.45768497375
60.2740000000001,2155.64662375617
60.2750000000001,2156.9386784029
60.2760000000001,2159.09761995187
60.277,2159.5338981816
60.278,2160.04317269486
60.2790000000002,2160.94494982715
60.2800000000002,2162.11992614524
60.2810000000002,2163.40835327435
60.2820000000002,2164.60523229144
60.2830000000001,2163.15580686341
60.2840000000001,2161.1094493381
60.2850000000001,2158.93992226036
60.2860000000001,2156.73960896087
60.287,2154.57753291165
60.288,2152.48922916427
60.2890000000002,2148.09762491855
60.2900000000002,2143.79379324705
60.2910000000002,2140.24366734256
60.2920000000001,2137.72038877577
60.2930000000001,2136.39701960356
60.2940000000001,2136.3092412407
60.2950000000001,2134.92954981804
60.296,2134.4816223717
60.297,2135.24999476635
60.298,2137.10181681305
60.2990000000002,2139.78863320589
60.3000000000002,2142.96273538461
60.3010000000002,2143.78313721788
60.3020000000001,2144.37225579208
60.3030000000001,2144.93857392884
60.3040000000001,2145.45141803736
60.3050000000001,2145.883159318
60.306,2146.1921342717
60.307,2143.87101125306
60.3080000000002,2141.46760513057
60.3090000000002,2139.46153832662
60.3100000000002,2138.07003127033
60.3110000000001,2137.43701483305
60.3120000000001,2137.61120002645
60.3130000000001,2136.11689404915
60.3140000000001,2135.46817400532
60.3150000000001,2135.94073156048
60.316,2137.52029915244
60.317,2140.06971995858
60.3180000000002,2143.33359771878
60.3190000000002,2144.55081434938
60.3200000000002,2146.03071007908
60.3210000000001,2147.82278228222
60.3220000000001,2149.82797771514
60.3230000000001,2151.9441590092
60.3240000000001,2154.07066934678
60.325,2153.66563870734
60.326,2153.43555832885
60.3270000000002,2153.71732268608
60.3280000000002,2154.69079748229
60.3290000000002,2156.4410942863
60.3300000000002,2158.93517624946
60.3310000000001,2159.56376913685
60.3320000000001,2160.93622315861
60.3330000000001,2163.14341154814
60.3340000000001,2166.16364658636
60.335,2169.94485842981
60.336,2174.42219462934
60.3370000000002,2177.06442779575
60.3380000000002,2180.71975701234
60.3390000000002,2185.66280087796
60.3400000000001,2192.062559599
60.3410000000001,2199.95125958725
60.3420000000001,2209.14279839842
60.3430000000001,2216.89858249058
60.3440000000001,2225.5548140846
60.345,2234.76512929821
60.346,2244.02515591525
60.3470000000002,2252.75105137453
60.3480000000002,2260.27148071133
60.3490000000002,2263.72308044156
60.3500000000001,2265.52798640974
60.3510000000001,2265.77029841455
60.3520000000001,2264.6357084683
60.3530000000001,2262.39422643661
60.354,2259.23347845725
60.355,2253.16567813022
60.3560000000002,2247.20323568756
60.3570000000002,2241.78743513612
60.3580000000002,2237.16020233274
60.3590000000002,2233.35462032614
60.3600000000001,2230.03017184944
60.3610000000001,2224.46169391205
60.3620000000001,2219.06182212419
60.3630000000001,2213.64056770209
60.364,2207.92281971483
60.365,2201.58127090717
60.3660000000002,2194.02762990632
60.3670000000002,2182.23666823625
60.3680000000002,2169.15930484369
60.3690000000001,2155.16908940178
60.3700000000001,2140.75105573152
60.3710000000001,2126.44712131049
60.3720000000001,2112.45144800935
60.373,2096.08271995832
60.374,2081.28835270126
60.375,2068.93022526561
60.3760000000002,2059.67483224538
60.3770000000002,2053.86137298685
60.3780000000002,2051.06829181586
60.3790000000001,2048.25317648401
60.3800000000001,2047.50707159484
60.3810000000001,2048.06114299382
60.3820000000001,2049.05950556729
60.383,2049.745098685
60.384,2049.35874371931
60.3850000000002,2046.32155242455
60.3860000000002,2042.79644702446
60.3870000000002,2039.10327626258
60.3880000000001,2035.49836199789
60.3890000000001,2032.10009735757
60.3900000000001,2028.66494351381
60.3910000000001,2024.28828251177
60.3920000000001,2020.07038735847
60.393,2015.47696694151
60.394,2010.01077028782
60.3950000000002,2003.49695349031
60.3960000000002,1996.07133111887
60.3970000000002,1987.95737956715
60.3980000000001,1981.90879893682
60.3990000000001,1979.07604564271
60.4000000000001,1980.13176310638
60.4010000000001,1985.04349253016
60.402,1992.64123531772
60.403,2000.15840920238
60.4040000000002,2007.78544859143
60.4050000000002,2013.74562983993
60.4060000000002,2016.67800545632
60.4070000000002,2016.0914695207
60.4080000000001,2012.14401709131
60.4090000000001,2004.90702020379
60.4100000000001,1999.49942440439
60.4110000000001,1999.00118661486
60.412,2006.00528803931
60.413,2022.03833108005
60.4140000000002,2046.69937139153
60.4150000000002,2077.11590983768
60.4160000000002,2113.69664453681
60.4170000000001,2154.39768195218
60.4180000000001,2197.80181328882
60.4190000000001,2243.90305107326
60.4200000000001,2294.02370818721
60.421,2350.39762202474
60.422,2420.28857768803
60.423,2508.89900258051
60.4240000000002,2620.03960195387
60.4250000000002,2754.74823141801
60.4260000000002,2909.67860656646
60.4270000000001,3076.44366969867
60.4280000000001,3246.27519891072
60.4290000000001,3405.40995960401
60.4300000000001,3538.73465313999
60.431,3631.78251780633
60.432,3672.10367263813
60.4330000000002,3650.76796608222
60.4340000000002,3567.48814375866
60.4350000000002,3425.21138064972
60.4360000000001,3231.38649773488
60.4370000000001,2996.69227030061
60.4380000000001,2732.79971900537
60.4390000000001,2450.79880399778
60.4400000000001,2163.86279511627
60.441,1880.99432214766
60.442,1608.58997664552
60.4430000000002,1350.65362576059
60.4440000000002,1108.74595880227
60.4450000000002,882.999668303184
60.4460000000001,676.679679874036
60.4470000000001,491.605053210088
60.4480000000001,330.297878380466
60.4490000000001,195.966740046963
60.45,91.518775315098
60.451,19.4240676071081
60.4520000000002,-15.3344894730097
60.4530000000002,-10.7587729791746
60.4540000000002,33.5740752212515
60.4550000000002,116.31526233666
60.4560000000001,233.619918805067
60.4570000000001,379.79395518701
60.4580000000001,550.841939981045
60.4590000000001,740.033346626077
60.46,940.042958961282
60.461,1143.3675321583
60.4620000000002,1341.97896129684
60.4630000000002,1528.32818685373
60.4640000000002,1698.71622737976
60.4650000000001,1848.89135511717
60.4660000000001,1975.91219119667
60.4670000000001,2078.20892333849
60.4680000000001,2154.74373220926
60.4690000000001,2205.64865686685
60.47,2234.85821072751
60.471,2245.26967374583
60.4720000000002,2240.13274525792
60.4730000000002,2222.77706065093
60.4740000000002,2195.55126737918
60.4750000000001,2160.61277416394
60.4760000000001,2122.51879971823
60.4770000000001,2083.72125746146
60.4780000000001,2046.24912125177
60.479,2011.73484884922
60.48,1980.51308873431
60.4810000000002,1952.83345619934
60.4820000000002,1931.39115830912
60.4830000000002,1916.72086670971
60.4840000000002,1908.9600921149
60.4850000000001,1907.863219845
60.4860000000001,1911.74204537362
60.4870000000001,1919.13026467274
60.4880000000001,1931.21692062477
60.489,1946.90084495744
60.49,1964.89732070628
60.4910000000002,1983.86155185704
60.4920000000002,2001.21076269772
60.4930000000002,2015.38680044409
60.4940000000001,2028.05127327877
60.4950000000001,2038.59924103357
60.4960000000001,2046.54080342153
60.4970000000001,2051.59267933622
60.498,2052.5842297091
60.499,2049.37913903063
60.5,2044.61248945854
60.5010000000002,2039.04111762876
60.5020000000002,2033.32621307058
60.5030000000002,2027.97423881463
60.5040000000001,2022.46765167172
60.5050000000001,2016.45971777996
60.5060000000001,2011.40075174233
60.5070000000001,2007.48665312867
60.508,2004.78829556756
60.509,2003.23227537806
60.5100000000002,2001.97476923036
60.5110000000002,2000.1442185641
60.5120000000002,1998.44008033404
60.5130000000001,1997.00616664731
60.5140000000001,1996.05822793121
60.5150000000001,1995.78051026127
60.5160000000001,1995.57453103565
60.5170000000001,1994.87191093722
60.518,1994.56413109278
60.519,1994.87575077073
60.5200000000002,1996.02432848637
60.5210000000002,1998.14430695508
60.5220000000002,2000.27345313913
60.5230000000001,2001.98580987393
60.5240000000001,2004.4905120083
60.5250000000001,2007.82181611032
60.5260000000001,2011.96119205987
60.527,2016.82422152382
60.528,2021.04368775013
60.5290000000002,2024.33818816073
60.5300000000002,2028.21254394707
60.5310000000002,2032.67510322471
60.5320000000002,2037.67562546321
60.5330000000001,2043.11751643007
60.5340000000001,2047.59015202148
60.5350000000001,2050.96071384716
60.5360000000001,2054.82036159804
60.537,2059.24373740665
60.538,2064.19146604117
60.5390000000002,2069.49396473325
60.5400000000002,2073.58638207829
60.5410000000002,2076.12158586296
60.5420000000001,2078.304747879
60.5430000000001,2079.97233659776
60.5440000000001,2080.93826430403
60.5450000000001,2081.02189430064
60.546,2078.78492843605
60.547,2074.26140624584
60.548,2069.09438472182
60.5490000000002,2063.72673930836
60.5500000000002,2058.61799790564
60.5510000000002,2054.1838850224
60.5520000000001,2049.39671681956
60.5530000000001,2044.6615363715
60.5540000000001,2041.64834348593
60.5550000000001,2040.60810613906
60.556,2041.62129203888
60.557,2044.60202797466
60.5580000000002,2047.93226432177
60.5590000000002,2051.56957870821
60.5600000000002,2056.645265682
60.5610000000001,2062.95852089087
60.5620000000001,2070.20436377269
60.5630000000001,2077.9790420455
60.5640000000001,2084.3842256885
60.5650000000001,2089.28272882713
60.566,2093.70693308977
60.567,2097.53187902405
60.5680000000002,2100.68122730195
60.5690000000002,2103.136044918
60.5700000000002,2103.48185348517
60.5710000000001,2102.25783093859
60.5720000000001,2101.07747993106
60.5730000000001,2100.35947873854
60.5740000000001,2100.40729326433
60.575,2101.35391319534
60.576,2101.65243184333
60.5770000000002,2101.60027342669
60.5780000000002,2102.31235965759
60.5790000000002,2103.71414766892
60.5800000000002,2105.70145938773
60.5810000000001,2108.18211607632
60.5820000000001,2109.58264463435
60.5830000000001,2110.51302429126
60.5840000000001,2112.43554792658
60.585,2115.69286793304
60.586,2120.49695944935
60.5870000000002,2126.85273919698
60.5880000000002,2132.95497730688
60.5890000000002,2139.02379887948
60.5900000000001,2145.80579515022
60.5910000000001,2152.88825105689
60.5920000000001,2159.82862645884
60.5930000000001,2166.24126932688
60.5940000000001,2170.26953488326
60.595,2172.62474378363
60.596,2174.77830824752
60.5970000000002,2177.28750339883
60.5980000000002,2180.69758523897
60.5990000000002,2185.41726898635
60.6000000000001,2189.9555393452
60.6010000000001,2195.04698993533
60.6020000000001,2201.56983941554
60.6030000000001,2209.09070842516
60.604,2216.90948658926
60.605,2224.15655356929
60.6060000000002,2228.20469591293
60.6070000000002,2229.20100341271
60.6080000000002,2227.87043398505
60.6090000000002,2224.23329966304
60.6100000000001,2218.56591187611
60.6110000000001,2211.3539874363
60.6120000000001,2201.45412235671
60.6130000000001,2190.57292736492
60.614,2180.64300880335
60.615,2172.51319795285
60.6160000000002,2166.77528118706
60.6170000000002,2163.69709584481
60.6180000000002,2161.37828379133
60.6190000000001,2160.56651121693
60.6200000000001,2161.94968748347
60.6210000000001,2165.15347614122
60.6220000000001,2169.69822604183
60.623,2175.05033359881
60.624,2178.77013750901
60.625,2181.58934100915
60.6260000000002,2184.36363104971
60.6270000000002,2187.1251913817
60.6280000000002,2189.91245857807
60.6290000000001,2192.71602539022
60.6300000000001,2193.47874705049
60.6310000000001,2193.34577858075
60.6320000000001,2193.32041154172
60.633,2193.49001323898
60.634,2193.87438816841
60.6350000000002,2194.42777832928
60.6360000000002,2193.05075393125
60.6370000000002,2191.02526666725
60.6380000000001,2189.42377842353
60.6390000000001,2188.47031882346
60.6400000000001,2188.30177772877
60.6410000000001,2188.91888402532
60.6420000000001,2188.12963189887
60.643,2187.11655262769
60.644,2186.61925788054
60.6450000000002,2186.51727301021
60.6460000000002,2186.62490043211
60.6470000000002,2186.7225323679
60.6480000000001,2184.53821091605
60.6490000000001,2181.49700784959
60.6500000000001,2178.64280235497
60.6510000000001,2176.34707234675
60.652,2174.98343940791
60.653,2174.86008202107
60.6540000000002,2174.04670565359
60.6550000000002,2174.26463141284
60.6560000000002,2176.4623056946
60.6570000000002,2180.69201599541
60.6580000000001,2186.79802720033
60.6590000000001,2194.43050171633
60.6600000000001,2200.92242654765
60.6610000000001,2207.49196791366
60.662,2214.62460752906
60.663,2222.1764004606
60.6640000000002,2230.04825178491
60.6650000000002,2238.17803954476
60.6660000000002,2244.30863121558
60.6670000000001,2250.30705690552
60.6680000000001,2257.14733836799
60.6690000000001,2265.09645749455
60.6700000000001,2274.28405154972
60.671,2284.65982645076
60.672,2293.73673371628
60.673,2303.0919864179
60.6740000000002,2313.20070605483
60.6750000000002,2323.87361581523
60.6760000000002,2334.87095119344
60.6770000000001,2345.92674287446
60.6780000000001,2354.50699193857
60.6790000000001,2362.39919777346
60.6800000000001,2370.32114339812
60.681,2378.43475374872
60.682,2386.82508714451
60.6830000000002,2395.44451681736
60.6840000000002,2401.77701657939
60.6850000000002,2407.59621002098
60.6860000000001,2413.33949946348
60.6870000000001,2418.85973146783
60.6880000000001,2423.95342859646
60.6890000000001,2428.38848699344
60.6900000000001,2429.57547314148
60.691,2429.54734176207
60.692,2429.01918938811
60.6930000000002,2428.24416480611
60.6940000000002,2427.4151379105
60.6950000000002,2426.60278087005
60.6960000000001,2423.31644429502
60.6970000000001,2419.63770971334
60.6980000000001,2416.04148526129
60.6990000000001,2412.48456347281
60.7,2408.86137571875
60.701,2405.03968133638
60.7020000000002,2398.4643107029
60.7030000000002,2391.47937745745
60.7040000000002,2384.89547544615
60.7050000000002,2379.17623711422
60.7060000000001,2374.75024716547
60.7070000000001,2371.92827498757
60.7080000000001,2368.35956198312
60.7090000000001,2366.44736475295
60.71,2366.64187367784
60.711,2368.82386376153
60.7120000000002,2372.65707020801
60.7130000000002,2377.61875870041
60.7140000000002,2380.54306194221
60.7150000000001,2383.30731559003
60.7160000000001,2385.96838945117
60.7170000000001,2388.34504177049
60.7180000000001,2390.31943240929
60.7190000000001,2391.81551583763
60.72,2390.2124628839
60.721,2388.13652745958
60.7220000000002,2386.2135475748
60.7230000000002,2384.7542077985
60.7240000000002,2383.96728274326
60.7250000000001,2383.91738181786
60.7260000000001,2381.89144496705
60.7270000000001,2380.44400280284
60.7280000000001,2379.86873525822
60.729,2380.12909515267
60.73,2381.08877580032
60.7310000000002,2382.5179726033
60.7320000000002,2381.44694885037
60.7330000000002,2380.44055202694
60.7340000000002,2379.7515906269
60.7350000000001,2379.4327242311
60.7360000000001,2379.50650836362
60.7370000000001,2379.94352577996
60.7380000000001,2377.92007411058
60.739,2376.32519454105
60.74,2375.51774633947
60.7410000000002,2375.63205976757
60.7420000000002,2376.70504115738
60.7430000000002,2378.65900381909
60.7440000000001,2378.49810921245
60.7450000000001,2379.10796842468
60.7460000000001,2380.64759477794
60.7470000000001,2383.079559986
60.748,2386.27000984078
60.749,2389.98285164109
60.75,2391.04682396527
60.7510000000002,2392.3447678174
60.7520000000002,2393.92286899225
60.7530000000002,2395.71966400904
60.7540000000001,2397.63464656669
60.7550000000001,2399.52883142995
60.7560000000001,2398.36173340733
60.7570000000001,2397.30703790919
60.758,2396.60678899578
60.759,2396.43711441682
60.7600000000002,2396.90149147022
60.7610000000002,2397.95914259928
60.7620000000002,2396.73041556141
60.7630000000001,2396.28932267745
60.7640000000001,2396.7538974189
60.7650000000001,2398.1147125514
60.7660000000001,2400.25933113458
60.7670000000001,2402.89402751825
60.768,2403.05827241447
60.769,2403.65199676059
60.7700000000002,2404.74642123188
60.7710000000002,2406.3472426756
60.7720000000002,2408.39844239004
60.7730000000001,2410.63700518217
60.7740000000001,2410.25669712168
60.7750000000001,2410.167771429
60.7760000000001,2410.46381326128
60.777,2411.15753089112
60.778,2412.19769601729
60.7790000000002,2413.29437441304
60.7800000000002,2411.76613643141
60.7810000000002,2410.52178516089
60.7820000000002,2409.6821853779
60.7830000000001,2409.26257663039
60.7840000000001,2409.17775603066
60.7850000000001,2409.02631956851
60.7860000000001,2406.12638351701
60.787,2403.27111305758
60.788,2400.56660791766
60.7890000000002,2398.11195393738
60.7900000000002,2396.02737564124
60.7910000000002,2394.19056604915
60.7920000000001,2390.39359521966
60.7930000000001,2387.8045004044
60.7940000000001,2386.84756010386
60.7950000000001,2387.75587314849
60.796,2390.52398296533
60.797,2394.56956006841
60.798,2397.07701467362
60.7990000000002,2400.33793939136
60.8000000000002,2403.89703148934
60.8010000000002,2407.23625996063
60.8020000000001,2409.87657933922
60.8030000000001,2411.10113696052
60.8040000000001,2408.49600427258
60.8050000000001,2405.02883239743
60.806,2401.20360624799
60.807,2397.5402597525
60.8080000000002,2394.48332538716
60.8090000000002,2391.91471661347
60.8100000000002,2387.7670080644
60.8110000000001,2384.79528137522
60.8120000000001,2382.97543476513
60.8130000000001,2382.08215712577
60.8140000000001,2381.7777034382
60.8150000000001,2381.26720685078
60.816,2378.24672935962
60.817,2375.38938289016
60.8180000000002,2372.96811257153
60.8190000000002,2371.28264805909
60.8200000000002,2370.60430914226
60.8210000000001,2370.63536114502
60.8220000000001,2369.50965185079
60.8230000000001,2369.84150804184
60.8240000000001,2371.58439234498
60.825,2374.4548116392
60.826,2377.99528767598
60.8270000000002,2381.15008555393
60.8280000000002,2381.60775982485
60.8290000000002,2381.57638927409
60.8300000000002,2380.97898847601
60.8310000000001,2379.80644224816
60.8320000000001,2378.12472451058
60.8330000000001,2375.52509014483
60.8340000000001,2370.54567156763
60.835,2365.95436657229
60.836,2362.13845733006
60.8370000000002,2359.34351047065
60.8380000000002,2357.67701933306
60.8390000000002,2356.55293777823
60.8400000000001,2354.33633683205
60.8410000000001,2353.40412787275
60.8420000000001,2353.78367950927
60.8430000000001,2355.38989957568
60.8440000000001,2358.05696920673
60.845,2360.95732906721
60.846,2362.41015334264
60.8470000000002,2364.68011311378
60.8480000000002,2367.7787481911
60.8490000000002,2371.64971935617
60.8500000000001,2376.1906506308
60.8510000000001,2380.62986079594
60.8520000000001,2383.48957667964
60.8530000000001,2387.06850045014
60.854,2391.45236880691
60.855,2396.6248129725
60.8560000000002,2402.4750995141
60.8570000000002,2408.12982848154
60.8580000000002,2412.07633695835
60.8590000000002,2416.37783548481
60.8600000000001,2420.88365300489
60.8610000000001,2425.31615833156
60.8620000000001,2429.30699012261
60.8630000000001,2431.72187085201
60.864,2430.98299185762
60.865,2429.07910731473
60.8660000000002,2425.94389469782
60.8670000000002,2421.52757642885
60.8680000000002,2415.83119873735
60.8690000000001,2408.16688188962
60.8700000000001,2397.59116894068
60.8710000000001,2386.6559665088
60.8720000000001,2375.84412704397
60.873,2365.53173773367
60.874,2355.9533149418
60.875,2346.31591921779
60.8760000000002,2335.36789627273
60.8770000000002,2325.32999601013
60.8780000000002,2316.1430994265
60.8790000000001,2307.5675809811
60.8800000000001,2299.21332362119
60.8810000000001,2289.55749444909
60.8820000000001,2276.75608292581
60.883,2263.09995371058
60.884,2248.71745752987
60.8850000000002,2233.8258495599
60.8860000000002,2218.68970866731
60.8870000000002,2202.34801738127
60.8880000000001,2183.55103074933
60.8890000000001,2165.58887756038
60.8900000000001,2149.27779564411
60.8910000000001,2135.31883874839
60.8920000000001,2124.17957980169
60.893,2114.88788228067
60.894,2106.12526567489
60.8950000000002,2099.97366258758
60.8960000000002,2096.11417623233
60.8970000000002,2094.07703058705
60.8980000000001,2093.3519424998
60.8990000000001,2092.72015625848
60.9000000000001,2091.41749794992
60.9010000000001,2090.82473212034
60.902,2090.6905588285
60.903,2090.65243397274
60.9040000000002,2090.27932112072
60.9050000000002,2088.61931443991
60.9060000000002,2085.350709022
60.9070000000002,2081.29439912275
60.9080000000001,2076.12279265097
60.9090000000001,2069.65437466432
60.9100000000001,2062.03215418561
60.9110000000001,2053.29826600288
60.912,2044.51129379647
60.913,2037.79585284244
60.9140000000002,2033.86590193319
60.9150000000002,2032.92686257374
60.9160000000002,2034.60645350688
60.9170000000001,2037.21989950349
60.9180000000001,2039.41518549945
60.9190000000001,2041.3293392134
60.9200000000001,2041.80999962812
60.921,2040.14988932355
60.922,2036.3969180202
60.923,2030.42791853947
60.9240000000002,2023.7553037717
60.9250000000002,2020.71499444972
60.9260000000002,2024.06317140328
60.9270000000001,2036.13395462135
60.9280000000001,2058.42954700714
60.9290000000001,2090.22891835664
60.9300000000001,2130.65159055929
60.931,2180.25678924404
60.932,2237.56057286171
60.9330000000002,2301.23712661338
60.9340000000002,2370.63849474056
60.9350000000002,2445.00702842278
60.9360000000001,2525.59078958601
60.9370000000001,2616.24744645905
60.9380000000001,2719.28130283579
60.9390000000001,2836.1250984582
60.9400000000001,2966.50496238502
60.941,3106.66224626591
60.942,3251.19404714485
60.9430000000002,3393.81222116801
60.9440000000002,3524.63901729639
60.9450000000002,3632.59221287973
60.9460000000001,3706.61610833354
60.9470000000001,3735.8439993216
60.9480000000001,3713.05586390682
60.9490000000001,3636.02502383682
60.95,3504.83210887926
60.951,3323.17970040486
60.9520000000002,3097.90700878495
60.9530000000002,2837.02497503082
60.9540000000002,2551.08724603967
60.9550000000002,2252.46407301704
60.9560000000001,1951.53169900727
60.9570000000001,1657.28583243646
60.9580000000001,1376.94257369497
60.9590000000001,1114.66505131593
60.96,874.190557992077
60.961,659.24051899174
60.9620000000002,471.227345657498
60.9630000000002,310.940136385579
60.9640000000002,178.924692301775
60.9650000000001,74.5648745174288
60.9660000000001,-1.18612249416405
60.9670000000001,-45.9645551760874
60.9680000000001,-58.6927990699966
60.9690000000001,-38.6154781921552
60.97,14.4099984327984
60.971,98.4197299339193
60.9720000000002,211.80229835254
60.9730000000002,352.804341140712
60.9740000000002,517.133158194262
60.9750000000001,699.233424224575
60.9760000000001,892.552119099813
60.9770000000001,1088.69584491552
60.9780000000001,1280.70892612681
60.979,1463.01706375911
60.98,1629.66569695188
60.9810000000002,1775.8157928295
60.9820000000002,1898.01138514436
60.9830000000002,1993.04991211669
60.9840000000002,2060.92578700865
60.9850000000001,2103.94784793543
60.9860000000001,2124.42210579569
60.9870000000001,2125.44628985766
60.9880000000001,2110.60580553484
60.989,2082.37617716551
60.99,2045.00832567209
60.9910000000002,2003.34983708582
60.9920000000002,1960.7281152914
60.9930000000002,1919.92242236198
60.9940000000001,1883.11468878434
60.9950000000001,1850.42906107801
60.9960000000001,1823.52358952313
60.9970000000001,1804.19210130599
60.998,1792.4662198596
60.999,1787.82628016288
61,1789.30550906219
61.0010000000002,1793.93310541135
61.0020000000002,1801.20000213124
61.0030000000002,1811.06537924278
61.0040000000001,1822.11445269974
61.0050000000001,1832.99739489162
61.0060000000001,1842.58103426167
61.0070000000001,1848.11859712887
61.008,1850.48347821502
61.009,1851.22147050413
61.0100000000002,1850.52267735913
61.0110000000002,1848.63150406883
61.0120000000002,1845.83821393495
61.0130000000001,1840.72400133198
61.0140000000001,1834.69802162404
61.0150000000001,1829.36586963737
61.0160000000001,1824.8904361378
61.0170000000001,1821.1876390097
61.018,1817.99930175116
61.019,1813.78045523025
61.0200000000002,1808.73451379615
61.0210000000002,1803.59421110153
61.0220000000002,1798.50210761786
61.0230000000001,1793.64944588597
61.0240000000001,1789.20507729547
61.0250000000001,1784.39698217278
61.0260000000001,1779.349868445
61.027,1774.69812738082
61.028,1770.70258855701
61.0290000000002,1767.573828661
61.0300000000002,1765.40143923963
61.0310000000002,1763.26567887928
61.0320000000002,1761.11933197824
61.0330000000001,1759.404708386
61.0340000000001,1758.2737471389
61.0350000000001,1757.8896198783
61.0360000000001,1758.34467017148
61.037,1758.39959929526
61.038,1758.48694116668
61.0390000000002,1759.2152721421
61.0400000000002,1760.59994602637
61.0410000000002,1762.61819912067
61.0420000000001,1765.1940782084
61.0430000000001,1766.61653105118
61.0440000000001,1767.78798686254
61.0450000000001,1769.49429524542
61.046,1771.68768538591
61.047,1774.23645337852
61.048,1776.93770831106
61.0490000000002,1777.87914984589
61.0500000000002,1778.03972048984
61.0510000000002,1778.20244778904
61.0520000000001,1778.39636103372
61.0530000000001,1778.66029917158
61.0540000000001,1779.05464462605
61.0550000000001,1778.05021162952
61.056,1776.94097191591
61.057,1776.75411127421
61.0580000000002,1777.74332581931
61.0590000000002,1779.99614103242
61.0600000000002,1783.39399129277
61.0610000000001,1785.99755971958
61.0620000000001,1788.53325176132
61.0630000000001,1791.3004231164
61.0640000000001,1793.92087686396
61.0650000000001,1796.02771313588
61.066,1797.32919099446
61.067,1796.00237891091
61.0680000000002,1793.35827330512
61.0690000000002,1790.41150853873
61.0700000000002,1787.64296202145
61.0710000000001,1785.51318363359
61.0720000000001,1784.37657364861
61.0730000000001,1782.72716346973
61.0740000000001,1781.93223705968
61.075,1782.61090120055
61.076,1784.60143920832
61.0770000000002,1787.56597432799
61.0780000000002,1791.05230183388
61.0790000000002,1792.8566749289
61.0800000000002,1793.97402538386
61.0810000000001,1794.86550686505
61.0820000000001,1795.54617591554
61.0830000000001,1796.0937043036
61.0840000000001,1796.61051845359
61.085,1795.46239655226
61.086,1794.19240727298
61.0870000000002,1793.56945517777
61.0880000000002,1793.76844071095
61.0890000000002,1794.84727437152
61.0900000000001,1796.74750587133
61.0910000000001,1797.58829565281
61.0920000000001,1798.68487990751
61.0930000000001,1800.51011799904
61.0940000000001,1803.02955326881
61.095,1806.14819245245
61.096,1809.70411607937
61.0970000000002,1811.73933317876
61.0980000000002,1813.57678577078
61.0990000000002,1815.62044596512
61.1000000000001,1817.82302985532
61.1010000000001,1820.11021798796
61.1020000000001,1822.38725044927
61.1030000000001,1822.79841291676
61.104,1822.89415667393
61.105,1823.23111231783
61.1060000000002,1823.93790096849
61.1070000000002,1825.07255133103
61.1080000000002,1826.59973629041
61.1090000000002,1826.61430192909
61.1100000000001,1826.61635974994
61.1110000000001,1826.9485030574
61.1120000000001,1827.53114711405
61.1130000000001,1828.23613209841
61.114,1828.90740675643
61.115,1827.58299263281
61.1160000000002,1825.90420466029
61.1170000000002,1824.34316972853
61.1180000000002,1823.02806682522
61.1190000000001,1822.03988771551
61.1200000000001,1821.38822116169
61.1210000000001,1819.15681482589
61.1220000000001,1817.07071006157
61.123,1815.51317567513
61.124,1814.51147125423
61.125,1814.04368859001
61.1260000000002,1814.0501582366
61.1270000000002,1812.53573190595
61.1280000000002,1811.36858413494
61.1290000000001,1811.00566520121
61.1300000000001,1811.57969484162
61.1310000000001,1813.1310043971
61.1320000000001,1815.57409947744
61.133,1816.71303513042
61.134,1818.24168501028
61.1350000000002,1820.25782267688
61.1360000000002,1822.53156052266
61.1370000000002,1824.76888168897
61.1380000000001,1826.63817633086
61.1390000000001,1825.7693264282
61.1400000000001,1823.99989123542
61.1410000000001,1821.61326571673
61.1420000000001,1818.71742250671
61.143,1815.42356686912
61.144,1811.80824222591
61.1450000000002,1805.80824540204
61.1460000000002,1799.59995303298
61.1470000000002,1793.58490251857
61.1480000000001,1787.91640982753
61.1490000000001,1782.67252755566
61.1500000000001,1777.85211273884
61.1510000000001,1771.28794221362
61.152,1765.13007779413
61.153,1759.67126355765
61.1540000000002,1754.99237251791
61.1550000000002,1751.08687900429
61.1560000000002,1747.84225939825
61.1570000000002,1742.93918393989
61.1580000000001,1738.41426439511
61.1590000000001,1734.34472757896
61.1600000000001,1730.65753988032
61.1610000000001,1727.26086114397
61.162,1724.0572902773
61.163,1718.82784125625
61.1640000000002,1713.91251142721
61.1650000000002,1709.65136423142
61.1660000000002,1706.27585798649
61.1670000000001,1703.94779081155
61.1680000000001,1702.7194524284
61.1690000000001,1700.35145177003
61.1700000000001,1699.13007405872
61.171,1699.12498613324
61.172,1700.26812932328
61.173,1702.42531441199
61.1740000000002,1705.41887833769
61.1750000000002,1706.87251971002
61.1760000000002,1709.14428177432
61.1770000000001,1712.39733981081
61.1780000000001,1716.76504743719
61.1790000000001,1722.33292091519
61.1800000000001,1729.06830844076
61.181,1734.76088551892
61.182,1741.68425471975
61.1830000000002,1749.8360161416
61.1840000000002,1759.08817885335
61.1850000000002,1769.2174585097
61.1860000000001,1779.86142935074
61.1870000000001,1788.655959352
61.1880000000001,1797.70135954981
61.1890000000001,1806.98158693137
61.1900000000001,1816.46560836781
61.191,1826.10762582289
61.192,1835.72865740067
61.1930000000002,1843.24779157485
61.1940000000002,1850.88093272896
61.1950000000002,1858.684571318
61.1960000000001,1866.61348868419
61.1970000000001,1874.53065168556
61.1980000000001,1882.08087343734
61.1990000000001,1887.08788179808
61.2,1891.57731699308
61.201,1895.47591069769
61.2020000000002,1898.66099416932
61.2030000000002,1900.98175253629
61.2040000000002,1902.10655333838
61.2050000000002,1900.06161790387
61.2060000000001,1896.99697840294
61.2070000000001,1893.06117041734
61.2080000000001,1888.39386500663
61.2090000000001,1883.13663505752
61.21,1877.2392218261
61.211,1869.12471670811
61.2120000000002,1861.17773664755
61.2130000000002,1853.79975059536
61.2140000000002,1847.31898709381
61.2150000000001,1841.97575082742
61.2160000000001,1837.68087395326
61.2170000000001,1832.80916470746
61.2180000000001,1829.44096312055
61.2190000000001,1827.62754487593
61.22,1827.2747028507
61.221,1828.16352547783
61.2220000000002,1829.7205565378
61.2230000000002,1829.98024587045
61.2240000000002,1830.64602708975
61.2250000000001,1831.54421600017
61.2260000000001,1832.47760789635
61.2270000000001,1833.24692794489
61.2280000000001,1833.38171438534
61.229,1831.20774494185
61.23,1828.68340856466
61.2310000000002,1825.97175203976
61.2320000000002,1823.22364853581
61.2330000000002,1820.56748623665
61.2340000000002,1817.7804204036
61.2350000000001,1813.4537713507
61.2360000000001,1809.63095842722
61.2370000000001,1806.48365714731
61.2380000000001,1804.07049526586
61.239,1802.33956628862
61.24,1800.79269166762
61.2410000000002,1797.80997832867
61.2420000000002,1795.15467079836
61.2430000000002,1792.78189587236
61.2440000000001,1790.61588307608
61.2450000000001,1788.57467076131
61.2460000000001,1786.20485647608
61.2470000000001,1782.11842880677
61.248,1778.301171863
61.249,1774.93817733619
61.25,1772.14066864431
61.2510000000002,1769.93233034664
61.2520000000002,1767.82688291714
61.2530000000002,1764.39485830767
61.2540000000001,1761.43701272544
61.2550000000001,1758.9057005133
61.2560000000001,1756.68570643282
61.2570000000001,1754.6348060024
61.258,1752.16530395969
61.259,1747.9570820037
61.2600000000002,1743.97881061777
61.2610000000002,1740.41989934394
61.2620000000002,1737.41931561742
61.2630000000001,1735.04815807182
61.2640000000001,1732.8070823234
61.2650000000001,1729.43983057562
61.2660000000001,1726.77612658733
61.2670000000001,1724.78460689603
61.268,1723.33447073369
61.269,1722.24007933307
61.2700000000002,1720.79038982085
61.2710000000002,1717.73257307967
61.2720000000002,1714.91363880793
61.2730000000001,1712.48507482976
61.2740000000001,1710.57784486874
61.2750000000001,1709.28772260601
61.2760000000001,1708.11837397557
61.277,1706.03692663277
61.278,1704.85582824974
61.2790000000002,1704.62626620002
61.2800000000002,1705.28185443821
61.2810000000002,1706.66565471483
61.2820000000002,1707.99162494693
61.2830000000001,1708.07067091532
61.2840000000001,1708.54739839633
61.2850000000001,1709.42355134743
61.2860000000001,1710.66344961475
61.287,1712.19454815839
61.288,1713.30009867383
61.2890000000002,1712.94094567801
61.2900000000002,1712.80718425966
61.2910000000002,1712.93131371849
61.2920000000001,1713.28156086742
61.2930000000001,1713.77900923314
61.2940000000001,1713.67987778637
61.2950000000001,1712.03390948523
61.296,1710.53982727407
61.297,1709.29170960393
61.298,1708.31723798248
61.2990000000002,1707.5746778538
61.3000000000002,1706.2904836511
61.3010000000002,1703.53881939171
61.3020000000001,1700.92917371209
61.3030000000001,1698.5049767282
61.3040000000001,1696.27853720628
61.3050000000001,1694.25265380689
61.306,1691.73360939243
61.307,1688.02809229634
61.3080000000002,1684.95009317861
61.3090000000002,1682.76952794946
61.3100000000002,1681.66964121644
61.3110000000001,1681.71730880673
61.3120000000001,1682.11824758277
61.3130000000001,1682.02786540218
61.3140000000001,1682.86720035014
61.3150000000001,1684.4906783671
61.316,1686.67122597814
61.317,1689.14478807356
61.3180000000002,1690.91078487603
61.3190000000002,1691.18789773668
61.3200000000002,1691.47150983551
61.3210000000001,1691.86740679729
61.3220000000001,1692.4579794034
61.3230000000001,1693.2752847125
61.3240000000001,1693.51850763396
61.325,1692.58226812728
61.326,1691.89233950215
61.3270000000002,1691.43376332298
61.3280000000002,1691.1229639599
61.3290000000002,1690.84469793038
61.3300000000002,1689.71614630041
61.3310000000001,1687.26062187559
61.3320000000001,1685.01409894035
61.3330000000001,1683.22418456038
61.3340000000001,1682.12157229217
61.335,1681.89367489955
61.336,1681.87117280469
61.3370000000002,1681.75108600108
61.3380000000002,1682.94773901945
61.3390000000002,1685.47488045437
61.3400000000001,1689.19633730277
61.3410000000001,1693.85126531087
61.3420000000001,1698.28080713585
61.3430000000001,1701.82766608893
61.3440000000001,1705.54735946133
61.345,1709.260717197
61.346,1712.78566382149
61.3470000000002,1715.95721428595
61.3480000000002,1717.80385464802
61.3490000000002,1718.03706707524
61.3500000000001,1718.04979935308
61.3510000000001,1718.0474317094
61.3520000000001,1718.22438061558
61.3530000000001,1718.75927921358
61.354,1718.94291920535
61.355,1718.7693848645
61.3560000000002,1719.74188885629
61.3570000000002,1722.10632758645
61.3580000000002,1725.98755763284
61.3590000000002,1731.37341614159
61.3600000000001,1737.20981286895
61.3610000000001,1743.10591098959
61.3620000000001,1749.97597416702
61.3630000000001,1757.42494290017
61.364,1764.90075994725
61.365,1771.74277822258
61.3660000000002,1776.32717126758
61.3670000000002,1777.96870505995
61.3680000000002,1777.47227519183
61.3690000000001,1774.6900198051
61.3700000000001,1769.66149046256
61.3710000000001,1762.63177995373
61.3720000000001,1753.06806508478
61.373,1741.57539699191
61.374,1730.14961569747
61.375,1719.62725704255
61.3760000000002,1710.65569174533
61.3770000000002,1703.59922276151
61.3780000000002,1697.36860533864
61.3790000000001,1691.68977041738
61.3800000000001,1687.46751528135
61.3810000000001,1684.23785284086
61.3820000000001,1681.40100593228
61.383,1678.30436317143
61.384,1672.95003611441
61.3850000000002,1664.85085509202
61.3860000000002,1655.48274531399
61.3870000000002,1645.2559166567
61.3880000000001,1634.72445568399
61.3890000000001,1624.44829162065
61.3900000000001,1613.20998589762
61.3910000000001,1601.25143076288
61.3920000000001,1590.63700448387
61.393,1581.84832498611
61.394,1575.15802877777
61.3950000000002,1570.56856867344
61.3960000000002,1566.36066582351
61.3970000000002,1562.16581739253
61.3980000000001,1558.95366663512
61.3990000000001,1556.4726360817
61.4000000000001,1554.53184387432
61.4010000000001,1553.04500808212
61.402,1551.17566943892
61.403,1549.40967052761
61.4040000000002,1548.72946798076
61.4050000000002,1549.17403982576
61.4060000000002,1550.59160495976
61.4070000000002,1552.66425515525
61.4080000000001,1554.41422008219
61.4090000000001,1555.88633982313
61.4100000000001,1557.15444300679
61.4110000000001,1557.73505317294
61.412,1557.29945524322
61.413,1555.81588622048
61.4140000000002,1553.08408748886
61.4150000000002,1550.27793225181
61.4160000000002,1548.60130527488
61.4170000000001,1548.53159864287
61.4180000000001,1550.21122965544
61.4190000000001,1553.4069397075
61.4200000000001,1556.82857762578
61.421,1560.27269077875
61.422,1563.55599450959
61.423,1565.97398845578
61.4240000000002,1567.17276317994
61.4250000000002,1567.36975434312
61.4260000000002,1566.26435003902
61.4270000000001,1566.00102361264
61.4280000000001,1569.58513023055
61.4290000000001,1579.24183401054
61.4300000000001,1596.87032838817
61.431,1623.7289793792
61.432,1658.867360079
61.4330000000002,1702.62129821476
61.4340000000002,1755.27596850869
61.4350000000002,1816.00599068256
61.4360000000001,1884.14732628523
61.4370000000001,1959.53147493967
61.4380000000001,2041.32373483973
61.4390000000001,2131.34287689788
61.4400000000001,2232.03980559945
61.441,2344.74892221713
61.442,2469.79109085546
61.4430000000002,2605.80371712502
61.4440000000002,2747.96061391755
61.4450000000002,2891.14434132616
61.4460000000001,3028.31567519824
61.4470000000001,3150.10304933458
61.4480000000001,3246.42527465207
61.4490000000001,3307.56423231552
61.45,3323.93608730985
61.451,3290.4929295288
61.4520000000002,3205.41575831488
61.4530000000002,3069.50702342776
61.4540000000002,2886.78234943805
61.4550000000002,2664.02944524486
61.4560000000001,2408.77140903843
61.4570000000001,2132.06102857199
61.4580000000001,1845.56313423715
61.4590000000001,1560.00348200593
61.46,1285.18494211298
61.461,1029.46184200399
61.4620000000002,797.961483646969
61.4630000000002,596.040320564552
61.4640000000002,426.892398716317
61.4650000000001,290.882213313196
61.4660000000001,186.35040792822
61.4670000000001,109.953049393052
61.4680000000001,55.7698188222954
61.4690000000001,19.8091291248992
61.47,-1.67734555522262
61.471,-12.0225218294459
61.4720000000002,-12.9612304648514
61.4730000000002,-4.33566921314574
61.4740000000002,14.4047575032135
61.4750000000001,47.7181354674088
61.4760000000001,100.584342048849
61.4770000000001,177.092254780881
61.4780000000001,280.001911250144
61.479,409.868608715158
61.48,563.012884147508
61.4810000000002,735.503009479753
61.4820000000002,920.708136657115
61.4830000000002,1109.75352877639
61.4840000000002,1293.12891171446
61.4850000000001,1461.8229171144
61.4860000000001,1606.82503274675
61.4870000000001,1724.13365701729
61.4880000000001,1812.09381770412
61.489,1871.12868846132
61.49,1903.84043035984
61.4910000000002,1914.31912999359
61.4920000000002,1905.75964978215
61.4930000000002,1884.24181597539
61.4940000000001,1854.85687447832
61.4950000000001,1821.30774772742
61.4960000000001,1786.34963680509
61.4970000000001,1751.89497904065
61.498,1717.46078164846
61.499,1685.52745872494
61.5,1657.71253339385
61.5010000000002,1634.96526343513
61.5020000000002,1618.09482646384
61.5030000000002,1607.66153016352
61.5040000000001,1601.76900632029
61.5050000000001,1602.0980696606
61.5060000000001,1608.67704374876
61.5070000000001,1620.34633732878
61.508,1635.54960322542
61.509,1652.56992563975
61.5100000000002,1667.39629815791
61.5110000000002,1681.14898016294
61.5120000000002,1693.7725230456
61.5130000000001,1704.82342058688
61.5140000000001,1714.14370262256
61.5150000000001,1721.8111722307
61.5160000000001,1725.91257950368
61.5170000000001,1728.82788082884
61.518,1731.53871781581
61.519,1734.26441323953
61.5200000000002,1736.99585489716
61.5210000000002,1739.54836714349
61.5220000000002,1740.12527663763
61.5230000000001,1739.66886857565
61.5240000000001,1738.64389491369
61.5250000000001,1737.333813371
61.5260000000001,1736.06989068908
61.527,1735.13451546392
61.528,1733.48616007559
61.5290000000002,1731.88892176657
61.5300000000002,1730.85353947954
61.5310000000002,1730.69473020545
61.5320000000002,1731.64453004423
61.5330000000001,1733.77478507443
61.5340000000001,1735.7623657141
61.5350000000001,1738.05117618909
61.5360000000001,1740.83994886702
61.537,1744.20725367254
61.538,1748.21751482049
61.5390000000002,1752.84981322212
61.5400000000002,1756.5411434622
61.5410000000002,1760.13364910973
61.5420000000001,1763.94157796957
61.5430000000001,1768.14452655899
61.5440000000001,1772.9171196729
61.5450000000001,1778.34875717143
61.546,1782.47845369237
61.547,1786.95059956686
61.548,1792.04142073092
61.5490000000002,1797.66647075367
61.5500000000002,1803.6429027842
61.5510000000002,1809.69802293792
61.5520000000001,1813.36431103689
61.5530000000001,1816.48839732145
61.5540000000001,1819.3247752489
61.5550000000001,1821.8900484562
61.556,1824.21722504995
61.557,1826.34117451299
61.5580000000002,1826.19109457202
61.5590000000002,1825.93930934288
61.5600000000002,1826.13159349107
61.5610000000001,1827.03998895589
61.5620000000001,1828.82973765491
61.5630000000001,1831.52115906478
61.5640000000001,1832.90372435456
61.5650000000001,1834.85954865829
61.566,1837.5741597652
61.567,1841.00226096329
61.5680000000002,1845.04159999929
61.5690000000002,1849.52788847774
61.5700000000002,1852.1095972225
61.5710000000001,1854.78924207224
61.5720000000001,1857.81366531761
61.5730000000001,1861.2742479536
61.5740000000001,1865.21785719509
61.575,1869.61002038366
61.576,1872.12339626591
61.5770000000002,1874.9115391673
61.5780000000002,1878.16382404194
61.5790000000002,1881.89893214544
61.5800000000002,1886.07190268761
61.5810000000001,1890.56617584218
61.5820000000001,1892.96633530655
61.5830000000001,1895.51026089282
61.5840000000001,1898.40266909541
61.585,1901.74428536103
61.586,1905.58511594322
61.5870000000002,1909.89150376117
61.5880000000002,1912.26460413972
61.5890000000002,1915.01258044035
61.5900000000001,1918.25844925846
61.5910000000001,1922.01323259341
61.5920000000001,1926.21548194593
61.5930000000001,1930.72401184763
61.5940000000001,1933.04240458521
61.595,1935.51617670634
61.596,1938.27190551384
61.5970000000002,1941.41910735334
61.5980000000002,1945.04217854981
61.5990000000002,1949.13385188271
61.6000000000001,1951.42034025812
61.6010000000001,1954.33176933956
61.6020000000001,1958.01774747356
61.6030000000001,1962.51185529705
61.604,1967.72418263449
61.605,1973.36138771954
61.6060000000002,1976.91803948088
61.6070000000002,1980.52702765023
61.6080000000002,1984.11395372339
61.6090000000002,1987.59731532649
61.6100000000001,1990.91440598425
61.6110000000001,1993.91625141396
61.6120000000001,1994.46296464843
61.6130000000001,1995.07593046249
61.614,1996.08894142075
61.615,1997.76689785548
61.6160000000002,2000.26477573722
61.6170000000002,2003.44351594246
61.6180000000002,2005.08783326255
61.6190000000001,2007.39167174436
61.6200000000001,2010.2742160586
61.6210000000001,2013.55766956625
61.6220000000001,2017.01290709935
61.623,2020.21488370873
61.624,2020.9279572967
61.625,2021.45034823075
61.6260000000002,2021.97604879733
61.6270000000002,2022.69013317187
61.6280000000002,2023.73017204791
61.6290000000001,2024.92261594126
61.6300000000001,2024.21015254149
61.6310000000001,2023.91576354863
61.6320000000001,2024.11742526337
61.633,2024.80274883897
61.634,2025.89612802034
61.6350000000002,2027.02023294737
61.6360000000002,2026.08115260914
61.6370000000002,2025.45389133987
61.6380000000001,2025.35551874612
61.6390000000001,2025.95233303801
61.6400000000001,2027.32010566465
61.6410000000001,2029.10393995271
61.6420000000001,2029.19205847341
61.643,2029.75147217255
61.644,2030.69565516392
61.6450000000002,2031.84824281567
61.6460000000002,2032.98292473758
61.6470000000002,2033.51993303441
61.6480000000001,2031.38687493903
61.6490000000001,2028.90937163169
61.6500000000001,2026.3271137327
61.6510000000001,2023.88338476226
61.652,2021.78119268532
61.653,2019.75723161901
61.6540000000002,2016.02238621577
61.6550000000002,2012.92866535486
61.6560000000002,2010.59679072359
61.6570000000002,2009.03314006207
61.6580000000001,2008.15500182691
61.6590000000001,2007.40075369294
61.6600000000001,2004.87881443593
61.6610000000001,2002.85539229371
61.662,2001.49542008629
61.663,2000.91997782699
61.6640000000002,2001.17546236173
61.6650000000002,2001.74980937911
61.6660000000002,2000.83712037401
61.6670000000001,2000.5470228982
61.6680000000001,2000.8214303383
61.6690000000001,2001.50735622698
61.6700000000001,2002.39666184718
61.671,2002.78564162413
61.672,2000.96610341735
61.673,1999.15911602668
61.6740000000002,1997.6265674432
61.6750000000002,1996.65605573762
61.6760000000002,1996.53460951588
61.6770000000001,1996.99536021912
61.6780000000001,1996.78507956018
61.6790000000001,1998.30668628507
61.6800000000001,2001.84549357376
61.681,2007.51829215269
61.682,2015.27120404554
61.6830000000002,2024.3307599304
61.6840000000002,2032.97194150678
61.6850000000002,2043.02922482258
61.6860000000001,2054.27229240884
61.6870000000001,2066.37618040803
61.6880000000001,2078.94686974113
61.6890000000001,2090.95341288422
61.6900000000001,2100.65417209844
61.691,2109.88939919604
61.692,2118.59229488071
61.6930000000002,2126.71704975451
61.6940000000002,2134.24497481141
61.6950000000002,2140.55015587236
61.6960000000001,2144.43411661624
61.6970000000001,2148.15618191302
61.6980000000001,2152.02953440556
61.6990000000001,2156.27272749433
61.7,2160.98261222214
61.701,2165.44845038577
61.7020000000002,2168.34551082878
61.7030000000002,2171.59589388888
61.7040000000002,2175.1446275923
61.7050000000002,2178.84766580941
61.7060000000001,2182.50783045431
61.7070000000001,2185.20072966363
61.7080000000001,2185.6463949168
61.7090000000001,2185.86227609105
61.71,2186.03815323675
61.711,2186.34492815339
61.7120000000002,2186.90464142819
61.7130000000002,2187.01511170817
61.7140000000002,2185.60997578691
61.7150000000001,2184.63950026014
61.7160000000001,2184.10373944314
61.7170000000001,2183.84041818788
61.7180000000001,2183.54369452489
61.7190000000001,2182.01791434871
61.72,2177.86104722384
61.721,2172.72561848755
61.7220000000002,2166.53304298519
61.7230000000002,2159.26186630797
61.7240000000002,2150.96492772401
61.7250000000001,2140.95364532278
61.7260000000001,2128.57201670744
61.7270000000001,2116.16729407713
61.7280000000001,2104.36179000077
61.729,2093.72714974539
61.73,2084.7323918618
61.7310000000002,2076.84631815325
61.7320000000002,2069.4341318196
61.7330000000002,2064.48097267694
61.7340000000002,2062.05980612213
61.7350000000001,2062.0169123812
61.7360000000001,2063.99237975716
61.7370000000001,2066.57308772602
61.7380000000001,2068.42655706968
61.739,2070.88473848131
61.74,2073.6274351034
61.7410000000002,2076.37034930115
61.7420000000002,2078.89050180969
61.7430000000002,2080.10287193168
61.7440000000001,2079.29558041615
61.7450000000001,2078.42598105039
61.7460000000001,2077.80765098679
61.7470000000001,2077.69204500003
61.748,2078.22470320494
61.749,2078.44140355068
61.75,2077.68473403558
61.7510000000002,2077.69809458443
61.7520000000002,2078.49347674712
61.7530000000002,2080.00505547913
61.7540000000001,2082.12456270485
61.7550000000001,2083.70455324844
61.7560000000001,2084.16838071615
61.7570000000001,2085.34699752793
61.758,2087.39576371787
61.759,2090.35940186958
61.7600000000002,2094.13905729613
61.7610000000002,2097.40583630133
61.7620000000002,2099.38494275253
61.7630000000001,2101.5235209194
61.7640000000001,2103.60221142103
61.7650000000001,2105.38662960755
61.7660000000001,2106.69274772846
61.7670000000001,2106.32177112382
61.768,2104.02447383162
61.769,2101.88506588289
61.7700000000002,2100.45630766378
61.7710000000002,2100.2405932776
61.7720000000002,2101.60472461924
61.7730000000001,2103.55914670596
61.7740000000001,2105.80326703558
61.7750000000001,2109.86009781126
61.7760000000001,2115.4617603423
61.777,2122.12434627764
61.778,2129.22969188384
61.7790000000002,2134.93473573591
61.7800000000002,2138.49309966563
61.7810000000002,2141.21646197561
61.7820000000002,2143.02364486452
61.7830000000001,2143.91022939283
61.7840000000001,2143.92381368999
61.7850000000001,2141.9170231355
61.7860000000001,2137.90225528977
61.787,2133.73034847087
61.788,2129.76288862576
61.7890000000002,2126.30110929067
61.7900000000002,2123.58632496472
61.7910000000002,2120.55659220106
61.7920000000001,2117.33779034587
61.7930000000001,2115.71531433082
61.7940000000001,2115.95469213412
61.7950000000001,2118.131395583
61.796,2122.09062325258
61.797,2126.15268023261
61.798,2129.78019175026
61.7990000000002,2133.90279556693
61.8000000000002,2138.00200569618
61.8010000000002,2141.53463990133
61.8020000000001,2144.01476915047
61.8030000000001,2143.75044003694
61.8040000000001,2140.72207981616
61.8050000000001,2136.64068420729
61.806,2132.03433465231
61.807,2127.49095149402
61.8080000000002,2123.5624048915
61.8090000000002,2119.28342502904
61.8100000000002,2115.12540021951
61.8110000000001,2112.79614814295
61.8120000000001,2112.46279669205
61.8130000000001,2114.05914410592
61.8140000000001,2117.31629843314
61.8150000000001,2120.38000314492
61.816,2123.05520534171
61.817,2126.45622088761
61.8180000000002,2130.41929507655
61.8190000000002,2134.7686646229
61.8200000000002,2139.30110873385
61.8210000000001,2142.30511634378
61.8220000000001,2143.88452710942
61.8230000000001,2145.29882011974
61.8240000000001,2146.5170929275
61.825,2147.44445393063
61.826,2147.93193940491
61.8270000000002,2146.34110456224
61.8280000000002,2142.98623865925
61.8290000000002,2139.23500236478
61.8300000000002,2135.30978639412
61.8310000000001,2131.44860368609
61.8320000000001,2127.89325157962
61.8330000000001,2123.40413110751
61.8340000000001,2118.74940784838
61.835,2115.50896598899
61.836,2114.0167560098
61.8370000000002,2114.43342428794
61.8380000000002,2116.72337427626
61.8390000000002,2119.14450987281
61.8400000000001,2121.96316824909
61.8410000000001,2126.08131410551
61.8420000000001,2131.20863481531
61.8430000000001,2136.99403098214
61.8440000000001,2143.07145200285
61.845,2147.31686285704
61.846,2150.19519222044
61.8470000000002,2153.11988324826
61.8480000000002,2156.35519781803
61.8490000000002,2160.09472463605
61.8500000000001,2164.36628919122
61.8510000000001,2166.88658155536
61.8520000000001,2168.12047363862
61.8530000000001,2169.45258784908
61.854,2171.04197682147
61.855,2173.11214224764
61.8560000000002,2175.93864588919
61.8570000000002,2177.4606585773
61.8580000000002,2178.90787879261
61.8590000000002,2182.46923184901
61.8600000000001,2188.8717149684
61.8610000000001,2198.47888670567
61.8620000000001,2211.09843964972
61.8630000000001,2223.89671001059
61.864,2236.50317272949
61.865,2248.77420439223
61.8660000000002,2259.47023724029
61.8670000000002,2267.65782145362
61.8680000000002,2272.95504519047
61.8690000000001,2274.35736828695
61.8700000000001,2273.68862821246
61.8710000000001,2272.97328354582
61.8720000000001,2273.34908377581
61.873,2275.45680946616
61.874,2279.20436278692
61.875,2282.89882457956
61.8760000000002,2285.8917735832
61.8770000000002,2286.64580906419
61.8780000000002,2283.06300094508
61.8790000000001,2273.59636846874
61.8800000000001,2257.77452672865
61.8810000000001,2235.55592880319
61.8820000000001,2210.06088362403
61.883,2184.660217895
61.884,2162.13649062774
61.8850000000002,2144.51785733179
61.8860000000002,2132.54196977737
61.8870000000002,2123.91853726548
61.8880000000001,2117.71575296072
61.8890000000001,2111.86149126683
61.8900000000001,2103.49839870775
61.8910000000001,2090.60040898488
61.8920000000001,2072.76167407105
61.893,2049.72204020728
61.894,2026.57897816809
61.8950000000002,2009.6825478094
61.8960000000002,2005.09115965329
61.8970000000002,2018.16985905497
61.8980000000001,2052.48076845163
61.8990000000001,2107.07305628392
61.9000000000001,2181.66349621495
61.9010000000001,2273.24249683342
61.902,2376.55128716832
61.903,2485.99940665785
61.9040000000002,2596.8437644017
61.9050000000002,2704.18065391535
61.9060000000002,2808.68251867831
61.9070000000002,2912.41096139217
61.9080000000001,3017.79704415437
61.9090000000001,3127.12974824894
61.9100000000001,3241.27223650995
61.9110000000001,3356.66945876628
61.912,3470.31596729417
61.913,3575.65086691398
61.9140000000002,3663.255016113
61.9150000000002,3722.75773952936
61.9160000000002,3744.35635725343
61.9170000000001,3718.28240114993
61.9180000000001,3641.72538608997
61.9190000000001,3514.95521144618
61.9200000000001,3341.39533945839
61.921,3127.63599214843
61.922,2882.40661793465
61.923,2613.29688138153
61.9240000000002,2331.60755821989
61.9250000000002,2046.68846438273
61.9260000000002,1765.70646534602
61.9270000000001,1494.1539651768
61.9280000000001,1236.11087029622
61.9290000000001,992.596431458684
61.9300000000001,768.327109851131
61.931,567.05422535001
61.932,392.237235276825
61.9330000000002,247.597970861558
61.9340000000002,136.886118418116
61.9350000000002,61.3254675061804
61.9360000000001,25.5229948083159
61.9370000000001,31.687022998982
61.9380000000001,79.8845954185711
61.9390000000001,168.375642542602
61.9400000000001,293.59536850719
61.941,448.124262987889
61.942,627.437645403972
61.9430000000002,824.759975336904
61.9440000000002,1032.24392793881
61.9450000000002,1241.90203152716
61.9460000000001,1446.04873999029
61.9470000000001,1635.5496158799
61.9480000000001,1806.5999317943
61.9490000000001,1955.42824193413
61.95,2079.30315855666
61.951,2176.98802629576
61.9520000000002,2248.65216830391
61.9530000000002,2293.49651320112
61.9540000000002,2316.04138100549
61.9550000000002,2320.10445807202
61.9560000000001,2309.46704861118
61.9570000000001,2287.95438670818
61.9580000000001,2259.17728054459
61.9590000000001,2224.11019995037
61.96,2187.70765658375
61.961,2152.88586972999
61.9620000000002,2121.64925591666
61.9630000000002,2095.44254656424
61.9640000000002,2075.16008001579
61.9650000000001,2058.64001475733
61.9660000000001,2048.466961852
61.9670000000001,2044.80204859416
61.9680000000001,2047.00946022954
61.9690000000001,2054.09957300922
61.97,2064.8271595135
61.971,2074.93940928049
61.9720000000002,2086.27243423437
61.9730000000002,2098.19027152654
61.9740000000002,2109.76606006363
61.9750000000001,2120.246262703
61.9760000000001,2129.11386026365
61.9770000000001,2132.98961244635
61.9780000000001,2135.50345364992
61.979,2137.39136106447
61.98,2138.96335780892
61.9810000000002,2140.42144882103
61.9820000000002,2141.85041714784
61.9830000000002,2140.46713645493
61.9840000000002,2139.25778881869
61.9850000000001,2138.58316503547
61.9860000000001,2138.40922377314
61.9870000000001,2138.59128989349
61.9880000000001,2138.91932647123
61.989,2137.09837485026
61.99,2134.94328354468
61.9910000000002,2132.85962700858
61.9920000000002,2131.16043759178
61.9930000000002,2130.08250720919
61.9940000000001,2129.67724491306
61.9950000000001,2128.12917597803
61.9960000000001,2126.36140018915
61.9970000000001,2124.45290481684
61.998,2122.48623345636
61.999,2120.57910427369
62,2118.83588242021
62.0010000000002,2115.54361050404
62.0020000000002,2112.30300721076
62.0030000000002,2109.74750140577
62.0040000000001,2108.53059571774
62.0050000000001,2109.21633343711
62.0060000000001,2112.10929717494
62.0070000000001,2114.79277368951
62.008,2119.33043348237
62.009,2125.47192236679
62.0100000000002,2132.73591385777
62.0110000000002,2140.53574211995
62.0120000000002,2148.25708508025
62.0130000000001,2152.57388012114
62.0140000000001,2156.25656889109
62.0150000000001,2159.47148591652
62.0160000000001,2162.49581329879
62.0170000000001,2165.667865966
62.018,2169.25359823912
62.019,2170.75133735237
62.0200000000002,2173.36507114256
62.0210000000002,2177.3705810455
62.0220000000002,2182.80969631392
62.0230000000001,2189.51281586452
62.0240000000001,2197.04407589185
62.0250000000001,2202.37092605422
62.0260000000001,2207.93069917732
62.027,2213.59176578299
62.028,2219.20882092746
62.0290000000002,2224.62182799768
62.0300000000002,2229.50869250229
62.0310000000002,2231.14092849029
62.0320000000002,2232.20058847335
62.0330000000001,2232.83813942851
62.0340000000001,2233.1905502351
62.0350000000001,2233.38487673967
62.0360000000001,2233.35458318382
62.037,2230.72688517294
62.038,2228.47716115349
62.0390000000002,2226.96842730728
62.0400000000002,2226.43400866022
62.0410000000002,2226.94465108121
62.0420000000001,2228.17206887024
62.0430000000001,2227.44977765348
62.0440000000001,2227.29724432335
62.0450000000001,2227.65317584589
62.046,2228.43812821523
62.047,2229.60690960416
62.048,2230.91754512633
62.0490000000002,2230.1283443911
62.0500000000002,2230.28227630916
62.0510000000002,2231.92119295561
62.0520000000001,2235.4814489454
62.0530000000001,2241.20328253228
62.0540000000001,2248.7544516309
62.0550000000001,2255.55189868318
62.056,2263.83856704878
62.057,2273.17850755044
62.0580000000002,2282.98308060716
62.0590000000002,2292.61211905882
62.0600000000002,2301.13154073566
62.0610000000001,2305.91951852049
62.0620000000001,2309.52537813467
62.0630000000001,2312.28417429629
62.0640000000001,2314.66527861864
62.0650000000001,2317.18374035114
62.066,2319.91271911801
62.067,2321.0775089106
62.0680000000002,2323.51885606742
62.0690000000002,2327.44905234538
62.0700000000002,2332.79849821279
62.0710000000001,2339.2447318625
62.0720000000001,2345.84827901581
62.0730000000001,2349.98876436895
62.0740000000001,2353.79214367801
62.075,2357.09301013236
62.076,2359.81941185567
62.0770000000002,2362.00292792984
62.0780000000002,2363.28924161252
62.0790000000002,2361.90591363646
62.0800000000002,2360.77821049737
62.0810000000001,2360.43590446906
62.0820000000001,2361.28206560336
62.0830000000001,2363.53865037962
62.0840000000001,2366.6944635296
62.085,2368.66390894571
62.086,2371.76942411164
62.0870000000002,2375.83558504632
62.0880000000002,2380.54797435636
62.0890000000002,2385.50185914673
62.0900000000001,2389.69091111043
62.0910000000001,2390.89242379791
62.0920000000001,2391.50557830461
62.0930000000001,2391.71071861707
62.0940000000001,2391.77889736768
62.095,2392.04296182983
62.096,2392.22794237437
62.0970000000002,2390.86766701883
62.0980000000002,2390.92433851157
62.0990000000002,2392.87607669256
62.1000000000001,2396.96621438785
62.1010000000001,2403.15672101594
62.1020000000001,2410.44200256612
62.1030000000001,2416.5125622034
62.104,2423.34310138782
62.105,2430.50517132757
62.1060000000002,2437.54384115567
62.1070000000002,2444.04051863703
62.1080000000002,2448.93633469829
62.1090000000002,2450.36372240021
62.1100000000001,2450.94809065898
62.1110000000001,2451.12396390869
62.1120000000001,2451.33465092267
62.1130000000001,2451.94121923774
62.114,2452.36627828536
62.115,2451.02574195598
62.1160000000002,2450.41798596063
62.1170000000002,2450.58510224079
62.1180000000002,2451.39909177608
62.1190000000001,2452.60073481797
62.1200000000001,2453.0247267751
62.1210000000001,2450.8330215661
62.1220000000001,2448.41677123029
62.123,2445.98616814476
62.124,2443.80272965085
62.125,2442.13992390489
62.1260000000002,2440.36720727189
62.1270000000002,2437.270131486
62.1280000000002,2435.54729600268
62.1290000000001,2435.54854983158
62.1300000000001,2437.44409723767
62.1310000000001,2441.2062145926
62.1320000000001,2445.69876651072
62.133,2449.25435319503
62.134,2453.95802035309
62.1350000000002,2459.61726629586
62.1360000000002,2465.94849980396
62.1370000000002,2472.59638387376
62.1380000000001,2478.20039446213
62.1390000000001,2481.17375334565
62.1400000000001,2483.72501571557
62.1410000000001,2485.98119968345
62.1420000000001,2488.1300452478
62.143,2490.41501722873
62.144,2492.11686761722
62.1450000000002,2492.45884743342
62.1460000000002,2494.28048786368
62.1470000000002,2498.25137559943
62.1480000000001,2504.89061653529
62.1490000000001,2514.49348473499
62.1500000000001,2526.02345926458
62.1510000000001,2538.20802885069
62.152,2552.98835321947
62.153,2569.96696764597
62.1540000000002,2588.51475637305
62.1550000000002,2607.83312634647
62.1560000000002,2625.93159851343
62.1570000000002,2641.02699757137
62.1580000000001,2654.8158927333
62.1590000000001,2667.10477687373
62.1600000000001,2677.85814317959
62.1610000000001,2687.18453286211
62.162,2694.14592071539
62.163,2698.21207262584
62.1640000000002,2702.1282539443
62.1650000000002,2706.55874823536
62.1660000000002,2712.00480983305
62.1670000000001,2718.73302217091
62.1680000000001,2725.52514308775
62.1690000000001,2731.38064997185
62.1700000000001,2738.19226685418
62.171,2745.65711317865
62.172,2753.30408982918
62.173,2760.55486578547
62.1740000000002,2765.5337613295
62.1750000000002,2767.03945335511
62.1760000000002,2766.98409691584
62.1770000000001,2765.44362732266
62.1780000000001,2762.58675317445
62.1790000000001,2758.64070713855
62.1800000000001,2752.53519063711
62.181,2743.96486836833
62.182,2735.48374491387
62.1830000000002,2727.63786227339
62.1840000000002,2720.83157104058
62.1850000000002,2715.29468043857
62.1860000000001,2709.71282159745
62.1870000000001,2703.52376935516
62.1880000000001,2698.7895029215
62.1890000000001,2695.58159878047
62.1900000000001,2693.85120101709
62.191,2693.43413500838
62.192,2692.66576500569
62.1930000000002,2690.8672430743
62.1940000000002,2689.9084284065
62.1950000000002,2689.79103700704
62.1960000000001,2690.4538897963
62.1970000000001,2691.76392041997
62.1980000000001,2692.06564540391
62.1990000000001,2690.8677861398
62.2,2690.10865229162
62.201,2689.89539772288
62.2020000000002,2690.27541990261
62.2030000000002,2691.22537902628
62.2040000000002,2691.14403688341
62.2050000000002,2689.74553234671
62.2060000000001,2689.04377657092
62.2070000000001,2689.24685623529
62.2080000000001,2690.48895400672
62.2090000000001,2692.80984521451
62.21,2694.58215458145
62.211,2695.6049793306
62.2120000000002,2697.77973757863
62.2130000000002,2701.16562572701
62.2140000000002,2705.68053362441
62.2150000000001,2711.09300616111
62.2160000000001,2715.4043276314
62.2170000000001,2718.23680641834
62.2180000000001,2721.22010035232
62.2190000000001,2724.22868141326
62.22,2727.1117240473
62.221,2729.7139915409
62.2220000000002,2730.20776170499
62.2230000000002,2728.70495702341
62.2240000000002,2727.2708870563
62.2250000000001,2726.27748934396
62.2260000000001,2726.04707821524
62.2270000000001,2726.81592206941
62.2280000000001,2726.96887465171
62.229,2726.8335173972
62.23,2728.3656543093
62.2310000000002,2731.70392941113
62.2320000000002,2736.80383963665
62.2330000000002,2743.44417434587
62.2340000000002,2749.4595871875
62.2350000000001,2754.79912730912
62.2360000000001,2760.92551832448
62.2370000000001,2767.59477683627
62.2380000000001,2774.47509605054
62.239,2781.16759962996
62.24,2785.40457536337
62.2410000000002,2787.28817309658
62.2420000000002,2788.38568325232
62.2430000000002,2788.70690229695
62.2440000000001,2788.25675792378
62.2450000000001,2787.03955946344
62.2460000000001,2783.19705757571
62.2470000000001,2777.39577813073
62.248,2771.62894651515
62.249,2766.36127650248
62.25,2761.98780645546
62.2510000000002,2758.79814243436
62.2520000000002,2755.03874094751
62.2530000000002,2751.45156153549
62.2540000000001,2749.78150776888
62.2550000000001,2750.13172373668
62.2560000000001,2752.39706785095
62.2570000000001,2756.2737150333
62.258,2759.33777205191
62.259,2761.84079870668
62.2600000000002,2764.98768270116
62.2610000000002,2768.54552272826
62.2620000000002,2772.26441965397
62.2630000000001,2775.89637069619
62.2640000000001,2777.21352544358
62.2650000000001,2776.94431811861
62.2660000000001,2776.6926112719
62.2670000000001,2776.67537851405
62.268,2777.02633407079
62.269,2777.76153759724
62.2700000000002,2776.71960312174
62.2710000000002,2774.69790019226
62.2720000000002,2773.10109602132
62.2730000000001,2771.91802783918
62.2740000000001,2771.03983250666
62.2750000000001,2770.2843513048
62.2760000000001,2767.32474987827
62.277,2763.08127269472
62.278,2759.0566276179
62.2790000000002,2755.47184643258
62.2800000000002,2752.49982828107
62.2810000000002,2750.23085315101
62.2820000000002,2746.4863198452
62.2830000000001,2742.38030800108
62.2840000000001,2739.31179489549
62.2850000000001,2737.28995253921
62.2860000000001,2736.1544651969
62.287,2735.59540581601
62.288,2733.01908918314
62.2890000000002,2729.32281793973
62.2900000000002,2725.67216843285
62.2910000000002,2722.09702273644
62.2920000000001,2718.67223913197
62.2930000000001,2715.51864527876
62.2940000000001,2710.58814587744
62.2950000000001,2705.49742515218
62.296,2701.89692469786
62.297,2700.17905107864
62.298,2700.52227727639
62.2990000000002,2702.85041736503
62.3000000000002,2704.58801025619
62.3010000000002,2706.75053564477
62.3020000000001,2710.10162187904
62.3030000000001,2714.20596260311
62.3040000000001,2718.57017244691
62.3050000000001,2722.71893381185
62.306,2724.00814138945
62.307,2723.82452707001
62.3080000000002,2723.41327898836
62.3090000000002,2723.03661925099
62.3100000000002,2722.91832681508
62.3110000000001,2723.18656298584
62.3120000000001,2721.59394468728
62.3130000000001,2719.72049107964
62.3140000000001,2718.59604096423
62.3150000000001,2718.14238596752
62.316,2718.16035119586
62.317,2718.3920711956
62.3180000000002,2716.32315215865
62.3190000000002,2713.57339044453
62.3200000000002,2711.2657237555
62.3210000000001,2709.62079581103
62.3220000000001,2708.80698021035
62.3230000000001,2708.90265547376
62.3240000000001,2707.57864758808
62.325,2706.59384215709
62.326,2706.87337833582
62.3270000000002,2708.34088748795
62.3280000000002,2710.79976941779
62.3290000000002,2713.98712315583
62.3300000000002,2715.31676604377
62.3310000000001,2716.54155000843
62.3320000000001,2718.5793039316
62.3330000000001,2721.49301850733
62.3340000000001,2725.24416554292
62.335,2729.65988587035
62.336,2732.08225716367
62.3370000000002,2734.12084215786
62.3380000000002,2736.24961099242
62.3390000000002,2738.03729765041
62.3400000000001,2738.95195432295
62.3410000000001,2738.44506301267
62.3420000000001,2733.67392748965
62.3430000000001,2726.47639211842
62.3440000000001,2717.74438923841
62.345,2707.79264160383
62.346,2697.0228809703
62.3470000000002,2685.87800865515
62.3480000000002,2672.37521945672
62.3490000000002,2659.13593534106
62.3500000000001,2647.39722712011
62.3510000000001,2637.50762617596
62.3520000000001,2629.54945901387
62.3530000000001,2623.34276604701
62.354,2615.88376689936
62.355,2609.02029374253
62.3560000000002,2603.1108219851
62.3570000000002,2597.77318639887
62.3580000000002,2592.54214720029
62.3590000000002,2586.89706387006
62.3600000000001,2577.31768511867
62.3610000000001,2566.03374676353
62.3620000000001,2553.8478145654
62.3630000000001,2541.01759781808
62.364,2527.84285314812
62.365,2514.59383654247
62.3660000000002,2497.9732583917
62.3670000000002,2481.18128549678
62.3680000000002,2465.59661544331
62.3690000000001,2451.83756685197
62.3700000000001,2440.3093139395
62.3710000000001,2431.09931825721
62.3720000000001,2420.64150858077
62.373,2411.40121305737
62.374,2403.7353345546
62.375,2397.3280059889
62.3760000000002,2391.8340013234
62.3770000000002,2386.93668197113
62.3780000000002,2380.07161992134
62.3790000000001,2373.53606062635
62.3800000000001,2367.74438675041
62.3810000000001,2362.59508573725
62.3820000000001,2357.86153609543
62.383,2353.2301711148
62.384,2347.0613954264
62.3850000000002,2340.89853881733
62.3860000000002,2334.54899860109
62.3870000000002,2327.55872871607
62.3880000000001,2319.65548085459
62.3890000000001,2310.93203113434
62.3900000000001,2300.67573937498
62.3910000000001,2291.66193316981
62.3920000000001,2284.94146866811
62.393,2281.0470743792
62.394,2280.05883538514
62.3950000000002,2281.55540615221
62.3960000000002,2282.72204284656
62.3970000000002,2284.82701311459
62.3980000000001,2286.94046566364
62.3990000000001,2287.98668369002
62.4000000000001,2287.30360123756
62.4010000000001,2284.89350414818
62.402,2278.89016047694
62.403,2273.74754846117
62.4040000000002,2271.89644450536
62.4050000000002,2275.49461707939
62.4060000000002,2286.27283365818
62.4070000000002,2305.23281098505
62.4080000000001,2329.75977419082
62.4090000000001,2362.3987844262
62.4100000000001,2402.68194108084
62.4110000000001,2449.88051878115
62.412,2503.65297542555
62.413,2564.37770314317
62.4140000000002,2630.64472660417
62.4150000000002,2707.34210930548
62.4160000000002,2796.91538410559
62.4170000000001,2901.06642921739
62.4180000000001,3020.17018287181
62.4190000000001,3152.6601493474
62.4200000000001,3292.11291965384
62.421,3435.47473312792
62.422,3575.17540215889
62.423,3702.36118706243
62.4240000000002,3807.94498787527
62.4250000000002,3883.57561431134
62.4260000000002,3919.85721823324
62.4270000000001,3915.16984971915
62.4280000000001,3867.39139644097
62.4290000000001,3776.33708330336
62.4300000000001,3643.41890741105
62.431,3471.15621751589
62.432,3260.16202047468
62.4330000000002,3017.20622669509
62.4340000000002,2746.69758724532
62.4350000000002,2453.57845991124
62.4360000000001,2143.64315467639
62.4370000000001,1823.77417594461
62.4380000000001,1499.66552706784
62.4390000000001,1183.62526130801
62.4400000000001,885.916768490157
62.441,616.685546149766
62.442,385.130530814628
62.4430000000002,198.587972644057
62.4440000000002,59.6532888963891
62.4450000000002,-26.5755487583345
62.4460000000001,-60.4719214971105
62.4470000000001,-44.9903583868451
62.4480000000001,14.9450966436757
62.4490000000001,113.051925939394
62.45,240.381561741917
62.451,393.135896103368
62.4520000000002,565.343414532552
62.4530000000002,751.441485837677
62.4540000000002,946.204157443027
62.4550000000002,1144.40021276268
62.4560000000001,1338.76344472935
62.4570000000001,1526.83969593846
62.4580000000001,1703.62794343798
62.4590000000001,1864.22761152911
62.46,2004.2145782609
62.461,2119.86446269273
62.4620000000002,2206.8279682924
62.4630000000002,2267.10287102042
62.4640000000002,2301.80732755148
62.4650000000001,2313.43546383554
62.4660000000001,2305.57339905271
62.4670000000001,2282.2601770483
62.4680000000001,2245.98760664787
62.4690000000001,2203.7965336721
62.47,2159.76817986201
62.471,2117.17777460049
62.4720000000002,2078.4272192436
62.4730000000002,2044.79178276372
62.4740000000002,2015.08360993743
62.4750000000001,1992.35173107272
62.4760000000001,1976.56931498473
62.4770000000001,1967.25650017353
62.4780000000001,1963.61381675205
62.479,1964.26126056014
62.48,1965.95045247208
62.4810000000002,1970.6698704133
62.4820000000002,1977.40078856054
62.4830000000002,1985.05933699559
62.4840000000002,1992.63217001581
62.4850000000001,1998.81704001437
62.4860000000001,2000.80389734002
62.4870000000001,2001.89903029559
62.4880000000001,2002.12181484114
62.489,2001.48309631966
62.49,2000.03340527836
62.4910000000002,1997.40450076232
62.4920000000002,1991.76147257139
62.4930000000002,1986.61756993992
62.4940000000001,1982.29441710117
62.4950000000001,1978.8800380524
62.4960000000001,1976.28461137925
62.4970000000001,1973.92489729755
62.498,1970.0037473169
62.499,1966.43214068479
62.5,1963.17814276047
62.5010000000002,1960.15287402075
62.5020000000002,1957.21021875275
62.5030000000002,1953.9113274127
62.5040000000001,1948.91669590093
62.5050000000001,1943.21155185398
62.5060000000001,1937.0727483182
62.5070000000001,1930.89064984067
62.508,1925.06178461305
62.509,1919.63703139809
62.5100000000002,1913.70300117401
62.5110000000002,1908.38447613165
62.5120000000002,1904.00148897203
62.5130000000001,1900.84638320377
62.5140000000001,1899.11364519766
62.5150000000001,1898.44525617808
62.5160000000001,1897.48106446595
62.5170000000001,1897.64388808218
62.518,1898.85144661412
62.519,1900.93170944052
62.5200000000002,1903.61872118179
62.5210000000002,1906.00214462231
62.5220000000002,1906.32848177423
62.5230000000001,1906.42366760348
62.5240000000001,1906.11453323722
62.5250000000001,1905.23795319764
62.5260000000001,1903.69399522077
62.527,1900.87068436529
62.528,1895.60937346551
62.5290000000002,1890.44955372453
62.5300000000002,1885.88701917928
62.5310000000002,1882.33911426959
62.5320000000002,1880.10718891493
62.5330000000001,1878.73889089144
62.5340000000001,1877.08649098784
62.5350000000001,1877.16762512113
62.5360000000001,1878.9767043014
62.537,1882.35601635057
62.538,1887.03903457601
62.5390000000002,1892.06304318545
62.5400000000002,1896.00132047943
62.5410000000002,1900.55802894559
62.5420000000001,1905.6273062393
62.5430000000001,1911.03866757371
62.5440000000001,1916.54703873156
62.5450000000001,1921.15827518376
62.546,1923.48808117663
62.547,1925.19711808489
62.548,1926.16077997603
62.5490000000002,1926.2637103337
62.5500000000002,1925.44528189675
62.5510000000002,1923.02254229423
62.5520000000001,1918.18911813338
62.5530000000001,1913.2101756382
62.5540000000001,1908.62853859066
62.5550000000001,1904.92312362141
62.556,1902.44352448108
62.557,1900.61786108897
62.5580000000002,1898.54410720519
62.5590000000002,1897.95928352418
62.5600000000002,1898.70198663178
62.5610000000001,1900.43923625521
62.5620000000001,1902.74284060971
62.5630000000001,1904.40840113536
62.5640000000001,1904.28804162597
62.5650000000001,1904.07832888117
62.566,1903.95404294366
62.567,1904.17778572369
62.5680000000002,1905.05868334609
62.5690000000002,1906.10212986224
62.5700000000002,1906.82771722112
62.5710000000001,1909.21758364221
62.5720000000001,1913.4606581623
62.5730000000001,1919.50015163168
62.5740000000001,1927.03752457058
62.575,1934.75468653854
62.576,1941.38270843944
62.5770000000002,1948.03758671891
62.5780000000002,1954.28359407621
62.5790000000002,1959.71837040005
62.5800000000002,1964.02284309299
62.5810000000001,1966.15327341444
62.5820000000001,1965.4896715609
62.5830000000001,1963.83608584508
62.5840000000001,1961.54035191431
62.585,1958.9233102342
62.586,1956.23252112548
62.5870000000002,1952.74015125916
62.5880000000002,1948.00530068985
62.5890000000002,1943.69331707034
62.5900000000001,1939.89365311836
62.5910000000001,1936.59897992193
62.5920000000001,1933.74673169673
62.5930000000001,1930.36124126702
62.5940000000001,1925.98775325952
62.595,1922.32330365876
62.596,1919.64715764864
62.5970000000002,1918.19896541857
62.5980000000002,1918.140731165
62.5990000000002,1918.58192282958
62.6000000000001,1919.10246592122
62.6010000000001,1921.16874713835
62.6020000000001,1924.68300286102
62.6030000000001,1929.38787722321
62.604,1934.89976951019
62.605,1939.76062190001
62.6060000000002,1943.20466362843
62.6070000000002,1946.4588200615
62.6080000000002,1949.37539759963
62.6090000000002,1951.82404442817
62.6100000000001,1953.68950798905
62.6110000000001,1953.82428616451
62.6120000000001,1951.91928075746
62.6130000000001,1949.5802571643
62.614,1947.01889713257
62.615,1944.41136860404
62.6160000000002,1941.89220874313
62.6170000000002,1938.47803083298
62.6180000000002,1934.07297777966
62.6190000000001,1930.34328849958
62.6200000000001,1927.54071364473
62.6210000000001,1925.80500355784
62.6220000000001,1925.13838581947
62.623,1924.28182314468
62.624,1922.86764488964
62.625,1922.10525370575
62.6260000000002,1921.78008786616
62.6270000000002,1921.58161510532
62.6280000000002,1921.13987135844
62.6290000000001,1918.92714170491
62.6300000000001,1914.59168172942
62.6310000000001,1909.44526362049
62.6320000000001,1903.59830688544
62.633,1897.21997023893
62.634,1890.52014896802
62.6350000000002,1882.54565056699
62.6360000000002,1873.60075235445
62.6370000000002,1865.44505411745
62.6380000000001,1858.50815954582
62.6390000000001,1853.09473246501
62.6400000000001,1849.35822079504
62.6410000000001,1846.07725262184
62.6420000000001,1843.25562426007
62.643,1842.12215454315
62.644,1842.54673588089
62.6450000000002,1844.27585703048
62.6460000000002,1846.96601619564
62.6470000000002,1848.9971510105
62.6480000000001,1850.21469996423
62.6490000000001,1851.72341874751
62.6500000000001,1853.48410779124
62.6510000000001,1855.48251281207
62.652,1857.72997123102
62.653,1859.01643272699
62.6540000000002,1859.70555330447
62.6550000000002,1861.27094794739
62.6560000000002,1864.01633956475
62.6570000000002,1868.16031498575
62.6580000000001,1873.81153002762
62.6590000000001,1879.67976190611
62.6600000000001,1886.00031500714
62.6610000000001,1893.88570311291
62.662,1903.2125081874
62.663,1913.70630335422
62.6640000000002,1924.96125493866
62.6650000000002,1935.16891036657
62.6660000000002,1944.23885181252
62.6670000000001,1952.97654122404
62.6680000000001,1961.14899974096
62.6690000000001,1968.56326840981
62.6700000000001,1975.08642941981
62.671,1979.31143662085
62.672,1981.77375311522
62.673,1983.83566090053
62.6740000000002,1985.80208987569
62.6750000000002,1987.89277662931
62.6760000000002,1990.20489428776
62.6770000000001,1991.32894191056
62.6780000000001,1991.69661137579
62.6790000000001,1992.31735918553
62.6800000000001,1993.11922316838
62.681,1993.97158139479
62.682,1994.7281079544
62.6830000000002,1993.87615535872
62.6840000000002,1992.0032416708
62.6850000000002,1990.30757651536
62.6860000000001,1989.02312289749
62.6870000000001,1988.31330898282
62.6880000000001,1988.22658847204
62.6890000000001,1987.25437496998
62.6900000000001,1985.89516560378
62.691,1984.98500483953
62.692,1984.32746064661
62.6930000000002,1983.64253695419
62.6940000000002,1982.61800283242
62.6950000000002,1979.52201186622
62.6960000000001,1974.91245830042
62.6970000000001,1969.78741619792
62.6980000000001,1964.30435666826
62.6990000000001,1958.60832900478
62.7,1952.79341080891
62.701,1945.41884166737
62.7020000000002,1937.2763178084
62.7030000000002,1929.37471778352
62.7040000000002,1921.83529026093
62.7050000000002,1914.74125723852
62.7060000000001,1908.16264466588
62.7070000000001,1900.68207194404
62.7080000000001,1893.30985885957
62.7090000000001,1887.23179707974
62.71,1882.76571672214
62.711,1880.09347426033
62.7120000000002,1879.20565494659
62.7130000000002,1878.34702622847
62.7140000000002,1878.0737490504
62.7150000000001,1878.84965057798
62.7160000000001,1880.24726871594
62.7170000000001,1881.78633958472
62.7180000000001,1883.0125123232
62.7190000000001,1882.01605720112
62.72,1879.65535436737
62.721,1876.9067920405
62.7220000000002,1874.11044163075
62.7230000000002,1871.63293467267
62.7240000000002,1869.78723111204
62.7250000000001,1867.16619710256
62.7260000000001,1864.95208945692
62.7270000000001,1863.97937451231
62.7280000000001,1864.16075862328
62.729,1865.22810070772
62.73,1866.78816059473
62.7310000000002,1866.75584746288
62.7320000000002,1865.94830250457
62.7330000000002,1864.96251549218
62.7340000000002,1863.75818009999
62.7350000000001,1862.33677828355
62.7360000000001,1860.72418913551
62.7370000000001,1857.27909109682
62.7380000000001,1853.34151101963
62.739,1849.82263353402
62.74,1846.88951446153
62.7410000000002,1844.60925496064
62.7420000000002,1842.95599089578
62.7430000000002,1840.12430300054
62.7440000000001,1837.37143714971
62.7450000000001,1835.43165017839
62.7460000000001,1834.36029866571
62.7470000000001,1834.1525315448
62.748,1834.74061027667
62.749,1834.25929440537
62.75,1833.99272412891
62.7510000000002,1834.57593561172
62.7520000000002,1835.96908726726
62.7530000000002,1838.04720289929
62.7540000000001,1840.61298859005
62.7550000000001,1841.65374898498
62.7560000000001,1842.44175081686
62.7570000000001,1843.55588060191
62.758,1845.00061372293
62.759,1846.75839281612
62.7600000000002,1848.78526056615
62.7610000000002,1849.21059773628
62.7620000000002,1849.51944903286
62.7630000000001,1850.36549243078
62.7640000000001,1851.78747451958
62.7650000000001,1853.70725778977
62.7660000000001,1855.92423594892
62.7670000000001,1856.3130537667
62.768,1856.13929524939
62.769,1855.77550510312
62.7700000000002,1855.0968841696
62.7710000000002,1853.98804837442
62.7720000000002,1852.36385190683
62.7730000000001,1848.35159395319
62.7740000000001,1843.65904824842
62.7750000000001,1839.07910026759
62.7760000000001,1834.93864106797
62.777,1831.48875526904
62.778,1828.8569793983
62.7790000000002,1825.14850906453
62.7800000000002,1821.95926362074
62.7810000000002,1819.69390741105
62.7820000000002,1818.21335758015
62.7830000000001,1817.27751616568
62.7840000000001,1816.58543069747
62.7850000000001,1813.92901157959
62.7860000000001,1810.86082243926
62.787,1807.84893198639
62.788,1805.02965733855
62.7890000000002,1802.5597248825
62.7900000000002,1800.58005383556
62.7910000000002,1797.29180528019
62.7920000000001,1794.59020512525
62.7930000000001,1793.03057958957
62.7940000000001,1792.69369758114
62.7950000000001,1793.51711188804
62.796,1795.30301877852
62.797,1795.85705063142
62.798,1796.72974518373
62.7990000000002,1798.10673645599
62.8000000000002,1799.84209704606
62.8010000000002,1801.77656277014
62.8020000000001,1803.74572334689
62.8030000000001,1803.71624757238
62.8040000000001,1803.48636917161
62.8050000000001,1803.44520629563
62.806,1803.68235381823
62.807,1804.24185775373
62.8080000000002,1805.115553845
62.8090000000002,1804.40509923237
62.8100000000002,1803.99166476349
62.8110000000001,1804.23535218205
62.8120000000001,1805.20849712661
62.8130000000001,1806.92777578977
62.8140000000001,1809.3564012144
62.8150000000001,1810.56786283242
62.816,1812.44923750032
62.817,1815.2539718915
62.8180000000002,1818.93830104717
62.8190000000002,1823.35270859838
62.8200000000002,1828.24482795802
62.8210000000001,1831.42593215859
62.8220000000001,1834.57108808291
62.8230000000001,1837.65438818809
62.8240000000001,1840.44769868972
62.825,1842.72497900179
62.826,1844.29984580227
62.8270000000002,1843.20171769777
62.8280000000002,1841.53330264195
62.8290000000002,1839.72735480271
62.8300000000002,1838.10567396491
62.8310000000001,1836.98061388071
62.8320000000001,1836.61300842775
62.8330000000001,1835.30356328429
62.8340000000001,1835.25776068565
62.835,1836.67574522289
62.836,1839.42755230372
62.8370000000002,1843.16806332137
62.8380000000002,1847.37205278738
62.8390000000002,1849.50344773228
62.8400000000001,1851.0878223401
62.8410000000001,1851.7604631371
62.8420000000001,1851.1298036097
62.8430000000001,1848.90682119281
62.8440000000001,1844.94062951202
62.845,1837.30396702111
62.846,1828.43385927262
62.8470000000002,1818.87383140983
62.8480000000002,1809.1358303079
62.8490000000002,1799.68018179623
62.8500000000001,1790.85135831273
62.8510000000001,1780.76025210693
62.8520000000001,1771.83837374251
62.8530000000001,1764.17873936922
62.854,1757.63778847521
62.855,1751.8692523663
62.8560000000002,1746.32613482394
62.8570000000002,1737.99109530062
62.8580000000002,1729.00125329094
62.8590000000002,1719.2493184195
62.8600000000001,1708.72470959771
62.8610000000001,1697.50211591237
62.8620000000001,1685.60379230281
62.8630000000001,1670.27253612606
62.864,1654.77052472364
62.865,1639.77491741875
62.8660000000002,1625.91980186766
62.8670000000002,1613.69430328951
62.8680000000002,1603.20158815748
62.8690000000001,1591.55235199372
62.8700000000001,1581.55103839887
62.8710000000001,1573.23576128061
62.8720000000001,1566.51740610708
62.873,1561.19879280771
62.874,1556.85024405843
62.875,1551.28114905938
62.8760000000002,1546.29035122026
62.8770000000002,1541.62617784717
62.8780000000002,1537.01267810228
62.8790000000001,1532.23006339445
62.8800000000001,1527.08281783176
62.8810000000001,1520.8259006731
62.8820000000001,1514.98063544181
62.883,1509.61575220323
62.884,1504.67931297487
62.8850000000002,1500.05943774707
62.8860000000002,1495.55452471746
62.8870000000002,1490.50400051359
62.8880000000001,1486.22336509669
62.8890000000001,1482.68759371963
62.8900000000001,1479.82851142751
62.8910000000001,1477.62231277138
62.8920000000001,1476.02181244281
62.893,1474.52772436524
62.894,1474.69038552819
62.8950000000002,1476.55654523479
62.8960000000002,1479.92491187523
62.8970000000002,1484.39735622139
62.8980000000001,1489.26599714886
62.8990000000001,1492.87530552273
62.9000000000001,1496.7178312586
62.9010000000001,1500.82029891806
62.902,1505.4743289764
62.903,1511.3155103803
62.9040000000002,1519.05177725566
62.9050000000002,1528.46868782734
62.9060000000002,1543.31951176825
62.9070000000002,1565.53319688983
62.9080000000001,1596.94256960312
62.9090000000001,1639.13707435501
62.9100000000001,1693.01490593378
62.9110000000001,1757.87950847881
62.912,1835.97391436438
62.913,1927.10179211039
62.9140000000002,2030.40748676241
62.9150000000002,2144.40058810766
62.9160000000002,2266.67598860607
62.9170000000001,2393.36003644133
62.9180000000001,2523.20218866055
62.9190000000001,2652.75116457737
62.9200000000001,2778.02931069419
62.921,2894.55454737382
62.922,2997.01933654455
62.923,3078.84512717063
62.9240000000002,3136.100454962
62.9250000000002,3163.02688203172
62.9260000000002,3153.94093089014
62.9270000000001,3103.70251450568
62.9280000000001,3007.95153708087
62.9290000000001,2863.40192839829
62.9300000000001,2672.22538663413
62.931,2438.06757169115
62.932,2167.86254675083
62.9330000000002,1871.71655569617
62.9340000000002,1561.94047436596
62.9350000000002,1251.73376374406
62.9360000000001,957.325207405294
62.9370000000001,692.043334389804
62.9380000000001,466.3177673536
62.9390000000001,286.505948802782
62.9400000000001,153.849603430983
62.941,64.3525234895745
62.942,12.8710843618673
62.9430000000002,-9.73991925818377
62.9440000000002,-13.4508224944164
62.9450000000002,-7.27268616887093
62.9460000000001,1.82543811064359
62.9470000000001,9.82368362274739
62.9480000000001,19.0657422667007
62.9490000000001,33.7120385024259
62.95,60.0368741882565
62.951,104.914134560949
62.9520000000002,173.746789846437
62.9530000000002,269.111493670949
62.9540000000002,392.831994903207
62.9550000000002,541.746956251211
62.9560000000001,709.446945571657
62.9570000000001,887.167861170622
62.9580000000001,1064.52531966485
62.9590000000001,1230.97292152371
62.96,1379.81870655567
62.961,1505.17205347671
62.9620000000002,1603.70512852269
62.9630000000002,1674.61194626074
62.9640000000002,1718.68952630228
62.9650000000001,1737.99470927903
62.9660000000001,1737.90913931395
62.9670000000001,1722.71336742204
62.9680000000001,1696.51439880666
62.9690000000001,1662.99051863678
62.97,1624.71336391499
62.971,1583.58549487226
62.9720000000002,1543.56156085006
62.9730000000002,1506.75952332589
62.9740000000002,1474.9086856852
62.9750000000001,1449.31638588681
62.9760000000001,1430.087728811
62.9770000000001,1416.77754733323
62.9780000000001,1411.070581098
62.979,1412.33535297496
62.98,1419.44328181063
62.9810000000002,1430.95330400676
62.9820000000002,1444.42289747291
62.9830000000002,1457.69198737909
62.9840000000002,1471.7561006361
62.9850000000001,1485.66962872172
62.9860000000001,1498.64258490998
62.9870000000001,1510.09164521283
62.9880000000001,1518.71366656629
62.989,1523.75891446705
62.99,1527.5114780553
62.9910000000002,1530.17806426759
62.9920000000002,1531.91581620329
62.9930000000002,1532.87427767967
62.9940000000001,1532.51541933615
62.9950000000001,1530.48861336558
62.9960000000001,1528.60750934262
62.9970000000001,1527.28322178975
62.998,1526.78660111124
62.999,1527.20506595054
63,1527.98113658305
63.0010000000002,1528.28127418063
63.0020000000002,1528.69883619654
63.0030000000002,1529.27077726586
63.0040000000001,1530.10222159868
63.0050000000001,1531.30649731513
63.0060000000001,1532.50862171004
63.0070000000001,1533.13307933992
63.008,1533.93670429738
63.009,1535.16886626225
63.0100000000002,1537.0621059526
63.0110000000002,1539.74865833905
63.0120000000002,1542.71182790699
63.0130000000001,1545.25381906678
63.0140000000001,1548.00331240245
63.0150000000001,1551.01497731572
63.0160000000001,1554.36796944594
63.0170000000001,1558.11390403634
63.018,1561.52001604299
63.019,1564.08767946599
63.0200000000002,1566.92841125212
63.0210000000002,1570.14953238003
63.0220000000002,1573.82215465273
63.0230000000001,1577.95350286747
63.0240000000001,1581.56225528716
63.0250000000001,1584.2253588199
63.0260000000001,1587.26260699004
63.027,1590.66471453677
63.028,1594.3688712945
63.0290000000002,1598.28195982281
63.0300000000002,1601.37739909919
63.0310000000002,1603.35087684021
63.0320000000002,1605.63237258241
63.0330000000001,1608.43461799955
63.0340000000001,1611.91935402535
63.0350000000001,1616.15837691593
63.0360000000001,1620.19686525438
63.037,1623.68450396258
63.038,1627.7556353549
63.0390000000002,1632.36596303839
63.0400000000002,1637.40170627407
63.0410000000002,1642.69168934374
63.0420000000001,1647.08470573002
63.0430000000001,1650.23923488564
63.0440000000001,1653.33983873839
63.0450000000001,1656.52213327096
63.046,1659.92223184722
63.047,1663.63756509479
63.048,1666.70136622405
63.0490000000002,1669.00382211198
63.0500000000002,1671.78227267257
63.0510000000002,1675.11150914212
63.0520000000001,1678.97978479075
63.0530000000001,1683.29097892264
63.0540000000001,1686.84906106587
63.0550000000001,1689.45667844408
63.056,1692.24352817331
63.057,1695.26512372202
63.0580000000002,1698.5473388914
63.0590000000002,1702.06670040959
63.0600000000002,1704.68101192293
63.0610000000001,1706.33163914857
63.0620000000001,1708.18422598874
63.0630000000001,1710.3493215602
63.0640000000001,1712.90911344766
63.0650000000001,1715.90951921763
63.066,1718.26796896626
63.067,1720.09354982118
63.0680000000002,1722.6204318788
63.0690000000002,1726.02228580536
63.0700000000002,1730.38053084044
63.0710000000001,1735.65343577282
63.0720000000001,1740.54951153893
63.0730000000001,1744.98578514621
63.0740000000001,1749.86443787576
63.075,1755.06516872791
63.076,1760.44410961325
63.0770000000002,1765.85345218804
63.0780000000002,1770.01303248185
63.0790000000002,1773.09791538101
63.0800000000002,1776.28165234541
63.0810000000001,1779.7881626495
63.0820000000001,1783.79223135592
63.0830000000001,1788.36977557595
63.0840000000001,1792.28771684075
63.085,1795.70952071866
63.086,1799.55827345022
63.0870000000002,1803.73942059541
63.0880000000002,1808.09160456002
63.0890000000002,1812.41574422962
63.0900000000001,1815.29593457947
63.0910000000001,1816.97714765563
63.0920000000001,1818.52462455775
63.0930000000001,1820.1253661936
63.0940000000001,1821.94987544889
63.095,1824.10605843144
63.096,1825.35302877885
63.0970000000002,1826.08498450337
63.0980000000002,1827.28036761737
63.0990000000002,1828.93673283566
63.1000000000001,1830.96290976802
63.1010000000001,1833.19916745822
63.1020000000001,1834.13150527449
63.1030000000001,1834.12865535804
63.104,1834.20392379024
63.105,1834.5174000365
63.1060000000002,1835.21751599548
63.1070000000002,1836.40028560565
63.1080000000002,1836.69381078043
63.1090000000002,1836.65457842892
63.1100000000001,1837.29050370572
63.1110000000001,1838.64932938336
63.1120000000001,1840.67580141462
63.1130000000001,1843.213933537
63.114,1844.58292274526
63.115,1845.21410700553
63.1160000000002,1845.98371144193
63.1170000000002,1846.91326813774
63.1180000000002,1847.99953511195
63.1190000000001,1849.19072716847
63.1200000000001,1848.88499638042
63.1210000000001,1847.70832017099
63.1220000000001,1846.60643644834
63.123,1845.66156024649
63.124,1844.90540715526
63.125,1844.30954603273
63.1260000000002,1842.26708141946
63.1270000000002,1839.5192350381
63.1280000000002,1837.03201386804
63.1290000000001,1834.94156640091
63.1300000000001,1833.32317898384
63.1310000000001,1832.1678784766
63.1320000000001,1829.82445511568
63.133,1827.06580333725
63.134,1824.75374005269
63.1350000000002,1822.94231976671
63.1360000000002,1821.63860898345
63.1370000000002,1820.79791639995
63.1380000000001,1818.74108387355
63.1390000000001,1816.36364527156
63.1400000000001,1814.55091837538
63.1410000000001,1813.39620108896
63.1420000000001,1812.90888715451
63.143,1812.9955327644
63.144,1811.84801950117
63.1450000000002,1810.31253910486
63.1460000000002,1809.11718074554
63.1470000000002,1808.27674053546
63.1480000000001,1807.81479193533
63.1490000000001,1807.77549375433
63.1500000000001,1806.57868843587
63.1510000000001,1805.52410246576
63.152,1805.73260869504
63.153,1807.61304681489
63.1540000000002,1811.47529143866
63.1550000000002,1817.47161475712
63.1560000000002,1823.87226890055
63.1570000000002,1831.7093181177
63.1580000000001,1841.53275912588
63.1590000000001,1853.084380844
63.1600000000001,1865.97411628573
63.1610000000001,1879.72165451165
63.162,1892.08602314479
63.163,1903.91029199466
63.1640000000002,1915.68092071456
63.1650000000002,1927.31843905652
63.1660000000002,1938.76715649977
63.1670000000001,1949.96079814573
63.1680000000001,1959.03884498704
63.1690000000001,1967.26141614796
63.1700000000001,1975.31337230383
63.171,1983.21695349077
63.172,1990.9032440754
63.173,1998.21392258535
63.1740000000002,2003.12549663609
63.1750000000002,2006.86838932039
63.1760000000002,2010.04397741276
63.1770000000001,2012.69236453149
63.1780000000001,2014.83302333133
63.1790000000001,2016.45069179612
63.1800000000001,2015.65934999769
63.181,2013.94135341847
63.182,2012.02533772118
63.1830000000002,2010.0783742973
63.1840000000002,2008.2094875991
63.1850000000002,2006.45673842981
63.1860000000001,2002.92276256866
63.1870000000001,1999.15273174891
63.1880000000001,1995.80893544086
63.1890000000001,1992.99591112538
63.1900000000001,1990.72708798477
63.191,1988.91152829054
63.192,1985.45515095625
63.1930000000002,1981.81047241133
63.1940000000002,1978.46423521957
63.1950000000002,1975.42132281262
63.1960000000001,1972.66130658709
63.1970000000001,1970.13747360722
63.1980000000001,1965.83649405023
63.1990000000001,1961.46448602385
63.2,1957.69228390851
63.201,1954.73209014678
63.2020000000002,1952.71791051783
63.2030000000002,1951.66843191591
63.2040000000002,1949.48796483897
63.2050000000002,1947.80531800501
63.2060000000001,1947.02775213469
63.2070000000001,1947.09182835682
63.2080000000001,1947.85679286586
63.2090000000001,1949.11163272557
63.21,1948.55891245287
63.211,1947.85782204286
63.2120000000002,1947.43777925921
63.2130000000002,1947.36672806672
63.2140000000002,1947.67786361474
63.2150000000001,1948.33658231778
63.2160000000001,1947.14523609323
63.2170000000001,1945.93965307358
63.2180000000001,1945.1536441252
63.2190000000001,1944.84551470093
63.22,1945.01612969311
63.221,1945.60282409222
63.2220000000002,1944.37260414543
63.2230000000002,1943.29557772734
63.2240000000002,1942.82933719854
63.2250000000001,1943.09764100517
63.2260000000001,1944.1571401301
63.2270000000001,1945.96956616337
63.2280000000001,1946.23598405214
63.229,1946.94610376577
63.23,1948.36942042115
63.2310000000002,1950.42402091284
63.2320000000002,1952.94494044079
63.2330000000002,1955.69586182958
63.2340000000002,1956.17148548202
63.2350000000001,1956.43329050565
63.2360000000001,1956.77919647699
63.2370000000001,1957.2819283295
63.2380000000001,1958.00651119829
63.239,1958.98968345466
63.24,1957.95158915071
63.2410000000002,1957.29691500185
63.2420000000002,1957.47913717128
63.2430000000002,1958.67885202016
63.2440000000001,1960.97916204014
63.2450000000001,1964.34711600322
63.2460000000001,1966.32203687194
63.2470000000001,1969.17142848583
63.248,1973.06282657963
63.249,1977.90294411576
63.25,1983.49634285816
63.2510000000002,1989.54787902108
63.2520000000002,1993.34722459945
63.2530000000002,1997.07145357255
63.2540000000001,2000.79143184839
63.2550000000001,2004.46662260616
63.2560000000001,2008.07536295425
63.2570000000001,2011.6092625465
63.258,2012.70936424224
63.259,2014.0300661673
63.2600000000002,2016.01263778743
63.2610000000002,2018.95050258679
63.2620000000002,2023.02673739939
63.2630000000001,2028.26783531654
63.2640000000001,2032.106313575
63.2650000000001,2036.96508130987
63.2660000000001,2042.81269247778
63.2670000000001,2049.43684973976
63.268,2056.50939216363
63.269,2063.59924738418
63.2700000000002,2067.7215451346
63.2710000000002,2071.17305861824
63.2720000000002,2073.81437538314
63.2730000000001,2075.4970192526
63.2740000000001,2076.07093121852
63.2750000000001,2075.3352044586
63.2760000000001,2070.69923553875
63.277,2064.82006936685
63.278,2057.98729583743
63.2790000000002,2050.5207383094
63.2800000000002,2042.77037341137
63.2810000000002,2035.01383631196
63.2820000000002,2025.19904269132
63.2830000000001,2016.43158242108
63.2840000000001,2009.35391338869
63.2850000000001,2004.47371070206
63.2860000000001,2002.10869838192
63.287,2002.21194080638
63.288,2002.24848977045
63.2890000000002,2004.53562386954
63.2900000000002,2008.80412731927
63.2910000000002,2014.60582422908
63.2920000000001,2021.37588110277
63.2930000000001,2028.33667812546
63.2940000000001,2032.64527148551
63.2950000000001,2036.46904107139
63.296,2039.76365392232
63.297,2042.58718625884
63.298,2045.07910342874
63.2990000000002,2047.22023375856
63.3000000000002,2047.04700337281
63.3010000000002,2047.26702436573
63.3020000000001,2048.20038362172
63.3030000000001,2049.9926266836
63.3040000000001,2052.60174992214
63.3050000000001,2055.58002802177
63.306,2056.56631316966
63.307,2057.64133855182
63.3080000000002,2058.64165532344
63.3090000000002,2059.40488321019
63.3100000000002,2059.82534594615
63.3110000000001,2059.62918531827
63.3120000000001,2057.00189610625
63.3130000000001,2054.64222760127
63.3140000000001,2053.11655608852
63.3150000000001,2052.95725604643
63.316,2054.59883811949
63.317,2058.01523439918
63.3180000000002,2061.42112676873
63.3190000000002,2067.12119255463
63.3200000000002,2074.99670721046
63.3210000000001,2084.66970839904
63.3220000000001,2095.55951732302
63.3230000000001,2106.6246031052
63.3240000000001,2115.35218953289
63.325,2123.48803434104
63.326,2130.73925114628
63.3270000000002,2136.9329797118
63.3280000000002,2142.04615878104
63.3290000000002,2145.83763389793
63.3300000000002,2146.87852349454
63.3310000000001,2147.94068396306
63.3320000000001,2149.68105703498
63.3330000000001,2152.66681267936
63.3340000000001,2157.31823605435
63.335,2163.45167995583
63.336,2169.43715545558
63.3370000000002,2177.4292674905
63.3380000000002,2187.21488508529
63.3390000000002,2198.30844320844
63.3400000000001,2210.00641898359
63.3410000000001,2221.01588081411
63.3420000000001,2228.86301898719
63.3430000000001,2235.07277708868
63.3440000000001,2239.2154496575
63.345,2241.00382897391
63.346,2240.32935907441
63.3470000000002,2236.77896201799
63.3480000000002,2229.05221408696
63.3490000000002,2219.84876017554
63.3500000000001,2209.84858335157
63.3510000000001,2199.63155812247
63.3520000000001,2189.59701740189
63.3530000000001,2179.3197705935
63.354,2167.00706754808
63.355,2155.00630694569
63.3560000000002,2143.33034586234
63.3570000000002,2131.8802422649
63.3580000000002,2120.47748928938
63.3590000000002,2108.1680327277
63.3600000000001,2092.75609269799
63.3610000000001,2077.08477417058
63.3620000000001,2061.73293326259
63.3630000000001,2047.37854798579
63.364,2034.68677178647
63.365,2023.33823096857
63.3660000000002,2011.52741684442
63.3670000000002,2002.45101431256
63.3680000000002,1996.52996572248
63.3690000000001,1993.88099598798
63.3700000000001,1994.24592044974
63.3710000000001,1996.22974989514
63.3720000000001,1997.30723122636
63.373,1998.8495437156
63.374,2000.0712717542
63.375,2000.33948368547
63.3760000000002,1999.31697827312
63.3770000000002,1996.53244708063
63.3780000000002,1991.66049475273
63.3790000000001,1986.91475708904
63.3800000000001,1982.90606116158
63.3810000000001,1979.98667959643
63.3820000000001,1978.1718931374
63.383,1976.78175174083
63.384,1975.02841906167
63.3850000000002,1973.34416756118
63.3860000000002,1970.91644819905
63.3870000000002,1967.1492803176
63.3880000000001,1961.9708553877
63.3890000000001,1955.58274683691
63.3900000000001,1949.01338157128
63.3910000000001,1945.19909480023
63.3920000000001,1945.64001442452
63.393,1951.22190773459
63.394,1961.92171944152
63.3950000000002,1976.0136735314
63.3960000000002,1990.87552431324
63.3970000000002,2005.88936296766
63.3980000000001,2018.72006961242
63.3990000000001,2027.55231219241
63.4000000000001,2031.65416942986
63.4010000000001,2030.85810444567
63.402,2026.47794424053
63.403,2024.18776537029
63.4040000000002,2028.39478122697
63.4050000000002,2043.3433691733
63.4060000000002,2072.35505512504
63.4070000000002,2116.3258509529
63.4080000000001,2174.48578204992
63.4090000000001,2247.41809374973
63.4100000000001,2332.62495804259
63.4110000000001,2427.04104200172
63.412,2527.77427836354
63.413,2631.80416913106
63.4140000000002,2737.42333124852
63.4150000000002,2846.60663304181
63.4160000000002,2960.06539234107
63.4170000000001,3078.19339798457
63.4180000000001,3200.22320939116
63.4190000000001,3322.58320163605
63.4200000000001,3439.76362570646
63.421,3546.59201995145
63.422,3634.51831932433
63.423,3694.18966407936
63.4240000000002,3716.64592870337
63.4250000000002,3693.59691910945
63.4260000000002,3619.86061746614
63.4270000000001,3496.09547239046
63.4280000000001,3324.90469843223
63.4290000000001,3112.10393318828
63.4300000000001,2865.98297870695
63.431,2595.30355709056
63.432,2309.73582959645
63.4330000000002,2020.71925078721
63.4340000000002,1736.78061000127
63.4350000000002,1464.66235914415
63.4360000000001,1209.25975009664
63.4370000000001,972.837318396088
63.4380000000001,757.159571457082
63.4390000000001,565.650653334853
63.4400000000001,400.102447061219
63.441,262.524582943963
63.442,155.275720019181
63.4430000000002,79.913349421944
63.4440000000002,38.7035294736067
63.4450000000002,35.5645544875081
63.4460000000001,71.9548574226717
63.4470000000001,147.853162181057
63.4480000000001,261.398746086185
63.4490000000001,407.632064973946
63.45,580.513936210663
63.451,774.410602159791
63.4520000000002,981.119519414188
63.4530000000002,1191.92055613475
63.4540000000002,1398.25312183724
63.4550000000002,1591.22607784915
63.4560000000001,1764.25991754751
63.4570000000001,1914.40042394541
63.4580000000001,2039.11111700396
63.4590000000001,2137.59203845682
63.46,2210.5269564219
63.461,2258.54437672341
63.4620000000002,2284.12039599754
63.4630000000002,2291.92916953595
63.4640000000002,2285.33050484136
63.4650000000001,2267.55741388228
63.4660000000001,2241.61591498507
63.4670000000001,2209.02625450965
63.4680000000001,2172.32686363122
63.4690000000001,2135.54448890982
63.47,2101.05240464433
63.471,2070.86981361606
63.4720000000002,2046.55668559054
63.4730000000002,2027.69370819655
63.4740000000002,2014.83365575419
63.4750000000001,2009.54010621211
63.4760000000001,2011.16050766811
63.4770000000001,2018.4865984267
63.4780000000001,2029.95388092546
63.479,2042.21917185949
63.48,2054.11923788667
63.4810000000002,2066.35881263249
63.4820000000002,2078.12024055616
63.4830000000002,2088.85937238684
63.4840000000002,2098.31836386495
63.4850000000001,2104.66411886429
63.4860000000001,2108.67854712295
63.4870000000001,2112.66220048829
63.4880000000001,2116.83240182449
63.489,2121.14152758443
63.49,2125.3332489035
63.4910000000002,2127.44630837552
63.4920000000002,2127.55243493654
63.4930000000002,2127.0656181173
63.4940000000001,2125.94959475049
63.4950000000001,2124.20547167293
63.4960000000001,2121.90229929402
63.4970000000001,2118.04085491756
63.498,2112.95654931495
63.499,2108.2216303118
63.5,2104.57155093959
63.5010000000002,2102.65340639904
63.5020000000002,2102.8811616609
63.5030000000002,2104.42673233824
63.5040000000001,2106.89140626491
63.5050000000001,2110.71661393097
63.5060000000001,2115.68045146687
63.5070000000001,2121.46468615696
63.508,2127.63327453111
63.509,2132.63281489604
63.5100000000002,2135.87159920851
63.5110000000002,2137.87411409954
63.5120000000002,2138.75343543879
63.5130000000001,2138.77799855242
63.5140000000001,2138.25550411551
63.5150000000001,2136.02458090095
63.5160000000001,2132.64628627794
63.5170000000001,2129.44892332193
63.518,2126.70596992747
63.519,2124.57956709649
63.5200000000002,2123.11994399748
63.5210000000002,2120.60033740279
63.5220000000002,2117.70015077218
63.5230000000001,2115.81285813139
63.5240000000001,2115.16647270712
63.5250000000001,2115.94308641034
63.5260000000001,2118.25345609864
63.527,2120.38996587816
63.528,2123.09749225647
63.5290000000002,2127.58998705744
63.5300000000002,2133.80476037587
63.5310000000002,2141.47775856261
63.5320000000002,2150.15543828161
63.5330000000001,2157.53656391101
63.5340000000001,2163.81757808276
63.5350000000001,2169.72841895291
63.5360000000001,2175.05369525829
63.537,2179.65956990705
63.538,2183.49364707561
63.5390000000002,2184.81634423409
63.5400000000002,2184.65026322239
63.5410000000002,2184.45983227968
63.5420000000001,2184.69654483589
63.5430000000001,2185.69667617338
63.5440000000001,2187.61500089763
63.5450000000001,2188.55917825662
63.546,2189.33835099176
63.547,2190.90370280995
63.548,2193.13671236702
63.5490000000002,2195.85124918148
63.5500000000002,2198.83531348452
63.5510000000002,2200.00257281916
63.5520000000001,2200.38041362342
63.5530000000001,2201.24254640766
63.5540000000001,2202.96969563837
63.5550000000001,2205.90876061336
63.556,2210.28840589283
63.557,2214.21320457381
63.5580000000002,2218.75007877123
63.5590000000002,2224.78989636483
63.5600000000002,2232.1020060429
63.5610000000001,2240.24619646633
63.5620000000001,2248.61878544832
63.5630000000001,2254.5570439259
63.5640000000001,2258.72181504306
63.5650000000001,2261.82888476995
63.566,2263.9121542861
63.567,2265.17502998367
63.5680000000002,2265.95012901899
63.5690000000002,2264.61973223503
63.5700000000002,2263.01217807987
63.5710000000001,2262.68036219205
63.5720000000001,2264.18506748526
63.5730000000001,2267.81645186498
63.5740000000001,2273.52991999836
63.575,2278.87850484885
63.576,2284.70155896976
63.5770000000002,2291.31511635996
63.5780000000002,2298.1540249421
63.5790000000002,2304.63713056617
63.5800000000002,2310.2434328791
63.5810000000001,2312.47670068646
63.5820000000001,2312.71712055651
63.5830000000001,2312.08839653178
63.5840000000001,2311.11319241445
63.585,2310.35537283468
63.586,2310.30967901126
63.5870000000002,2309.16430259007
63.5880000000002,2308.73699109488
63.5890000000002,2310.05902895827
63.5900000000001,2313.23798057026
63.5910000000001,2318.16547303471
63.5920000000001,2324.54415588502
63.5930000000001,2329.74265936908
63.5940000000001,2335.05728681718
63.595,2341.07571663632
63.596,2347.7368924923
63.5970000000002,2354.97799343704
63.5980000000002,2362.69720793877
63.5990000000002,2368.45085319843
63.6000000000001,2373.90072016476
63.6010000000001,2379.78664059199
63.6020000000001,2386.1244789295
63.6030000000001,2392.82518544907
63.604,2399.68887726114
63.605,2404.06471191223
63.6060000000002,2407.64264653438
63.6070000000002,2411.14106171464
63.6080000000002,2414.68818176634
63.6090000000002,2418.40060989076
63.6100000000001,2422.34263996994
63.6110000000001,2424.04275766621
63.6120000000001,2425.54203083485
63.6130000000001,2427.68221533957
63.614,2430.62587492676
63.615,2434.38995433609
63.6160000000002,2438.81504151685
63.6170000000002,2441.03464528687
63.6180000000002,2442.85628136078
63.6190000000001,2444.76794248236
63.6200000000001,2446.69393021243
63.6210000000001,2448.53533243445
63.6220000000001,2450.16066679369
63.623,2448.80355676647
63.624,2446.68135870705
63.625,2444.60275305465
63.6260000000002,2442.8621129487
63.6270000000002,2441.68766001641
63.6280000000002,2441.18717040461
63.6290000000001,2438.66807655459
63.6300000000001,2436.46138063811
63.6310000000001,2435.24281160554
63.6320000000001,2435.14940316948
63.633,2436.22791260203
63.634,2438.41841757661
63.6350000000002,2438.87099796455
63.6360000000002,2439.91653594477
63.6370000000002,2442.11338550431
63.6380000000001,2445.5167823677
63.6390000000001,2450.04968043056
63.6400000000001,2455.46321478484
63.6410000000001,2458.6056760411
63.6420000000001,2461.61427725522
63.643,2464.69540191341
63.644,2467.65531892471
63.6450000000002,2470.30018724751
63.6460000000002,2472.45567839612
63.6470000000002,2471.21248566483
63.6480000000001,2469.32319293084
63.6490000000001,2467.63354837952
63.6500000000001,2466.70964051111
63.6510000000001,2467.08410831074
63.652,2469.16221760085
63.653,2470.33263578565
63.6540000000002,2473.48864041639
63.6550000000002,2479.16270732014
63.6560000000002,2487.38386700636
63.6570000000002,2497.96471775731
63.6580000000001,2510.5178883203
63.6590000000001,2521.64645066588
63.6600000000001,2533.74130220991
63.6610000000001,2546.8827491242
63.662,2560.92175371111
63.663,2575.71055736658
63.6640000000002,2591.07051527944
63.6650000000002,2603.84697554604
63.6660000000002,2616.87669585813
63.6670000000001,2630.4588297223
63.6680000000001,2644.58986062763
63.6690000000001,2659.12850326265
63.6700000000001,2673.77266229357
63.671,2685.07221645757
63.672,2695.75248827532
63.673,2705.86914754916
63.6740000000002,2715.3159222916
63.6750000000002,2723.98902913263
63.6760000000002,2731.7799315956
63.6770000000001,2735.50887147531
63.6780000000001,2738.45972184581
63.6790000000001,2741.12322076799
63.6800000000001,2743.83592894612
63.681,2746.82751495138
63.682,2750.15565346987
63.6830000000002,2750.55444587467
63.6840000000002,2751.187714159
63.6850000000002,2752.10926549687
63.6860000000001,2753.16482648966
63.6870000000001,2754.07826248038
63.6880000000001,2754.47748823824
63.6890000000001,2750.78416336125
63.6900000000001,2746.20564642372
63.691,2740.95049891917
63.692,2735.30157468233
63.6930000000002,2729.60440569355
63.6940000000002,2724.16300290493
63.6950000000002,2716.20043020825
63.6960000000001,2709.49977464297
63.6970000000001,2704.67246574452
63.6980000000001,2702.12578875364
63.6990000000001,2702.01649563698
63.7,2704.10877626183
63.701,2704.95356606664
63.7020000000002,2707.40995884601
63.7030000000002,2711.13215685895
63.7040000000002,2715.63641876972
63.7050000000002,2720.36252233656
63.7060000000001,2724.56696082853
63.7070000000001,2724.72268466913
63.7080000000001,2723.81600770594
63.7090000000001,2721.9224863469
63.71,2719.1833385414
63.711,2715.78111455411
63.7120000000002,2711.69769954402
63.7130000000002,2704.24284520107
63.7140000000002,2696.94467740693
63.7150000000001,2690.32616021947
63.7160000000001,2684.81549894393
63.7170000000001,2680.73330065983
63.7180000000001,2678.02568225744
63.7190000000001,2673.99726063688
63.72,2671.98720194691
63.721,2672.26148892585
63.7220000000002,2674.90848447437
63.7230000000002,2679.82478825163
63.7240000000002,2686.40301268635
63.7250000000001,2691.45615450923
63.7260000000001,2697.75558530515
63.7270000000001,2705.01456618085
63.7280000000001,2712.86557609362
63.729,2720.91444155743
63.73,2728.42637701641
63.7310000000002,2732.4505497776
63.7320000000002,2736.12741140816
63.7330000000002,2739.6683660961
63.7340000000002,2743.25443750459
63.7350000000001,2746.99909303849
63.7360000000001,2750.50272977401
63.7370000000001,2751.10847582038
63.7380000000001,2752.00458404198
63.739,2753.30236785335
63.74,2755.00101908087
63.7410000000002,2757.03060112269
63.7420000000002,2758.83023633373
63.7430000000002,2757.85274882499
63.7440000000001,2757.36165060979
63.7450000000001,2757.66371491668
63.7460000000001,2758.97001534425
63.7470000000001,2761.36681519567
63.748,2764.28654476933
63.749,2765.18733487015
63.75,2767.04157651974
63.7510000000002,2769.82564231833
63.7520000000002,2773.40884679545
63.7530000000002,2777.60678196168
63.7540000000001,2781.6704785102
63.7550000000001,2783.18754432996
63.7560000000001,2785.2621499579
63.7570000000001,2788.15051088102
63.758,2792.00075924253
63.759,2796.80353141143
63.7600000000002,2801.75258133255
63.7610000000002,2804.30565157898
63.7620000000002,2807.07903899981
63.7630000000001,2809.77768435271
63.7640000000001,2812.00180310275
63.7650000000001,2813.33475979175
63.7660000000001,2812.77267183037
63.7670000000001,2808.05400913798
63.768,2802.33207842271
63.769,2796.16575047673
63.7700000000002,2790.17871692148
63.7710000000002,2784.97828617726
63.7720000000002,2780.35600184233
63.7730000000001,2774.65637583932
63.7740000000001,2771.06944068058
63.7750000000001,2769.78168369302
63.7760000000001,2770.64477321514
63.777,2773.21776875328
63.778,2776.09327174865
63.7790000000002,2776.64786974324
63.7800000000002,2777.18687042325
63.7810000000002,2777.45215763595
63.7820000000002,2777.2846112971
63.7830000000001,2776.6492237466
63.7840000000001,2774.831146906
63.7850000000001,2770.25671280194
63.7860000000001,2766.16948461359
63.787,2763.18134617395
63.788,2761.75683179858
63.7890000000002,2762.14807788614
63.7900000000002,2763.50186582536
63.7910000000002,2763.90645890649
63.7920000000001,2765.8415054564
63.7930000000001,2768.99513875002
63.7940000000001,2772.85427836867
63.7950000000001,2776.78224483273
63.796,2779.20688982354
63.797,2777.97626879574
63.798,2775.57894409592
63.7990000000002,2772.14021834495
63.8000000000002,2767.93218935497
63.8010000000002,2763.35369458862
63.8020000000001,2757.93890257765
63.8030000000001,2750.75620535833
63.8040000000001,2745.10364772656
63.8050000000001,2741.61820225858
63.806,2740.64039779007
63.807,2742.17653348672
63.8080000000002,2744.93354681371
63.8090000000002,2747.04304081653
63.8100000000002,2750.50365424911
63.8110000000001,2754.79981247268
63.8120000000001,2759.37193120632
63.8130000000001,2763.72393886793
63.8140000000001,2766.49730078304
63.8150000000001,2766.38804597463
63.816,2766.14008034107
63.817,2766.25236050364
63.8180000000002,2767.19968335482
63.8190000000002,2769.35018655893
63.8200000000002,2771.84216420701
63.8210000000001,2773.6131701248
63.8220000000001,2777.07193585556
63.8230000000001,2782.0805960645
63.8240000000001,2788.26961195873
63.825,2795.12743258807
63.826,2801.00163292873
63.8270000000002,2804.45615760307
63.8280000000002,2807.70621771153
63.8290000000002,2810.79509262973
63.8300000000002,2813.79455064591
63.8310000000001,2816.77764866547
63.8320000000001,2818.64554140112
63.8330000000001,2818.53934749423
63.8340000000001,2818.88444928626
63.835,2819.76459390099
63.836,2821.08242713417
63.8370000000002,2822.60015730814
63.8380000000002,2822.82243044184
63.8390000000002,2820.69161517128
63.8400000000001,2818.39808848513
63.8410000000001,2816.02091455917
63.8420000000001,2813.63648284711
63.8430000000001,2811.32405360666
63.8440000000001,2807.94155119888
63.845,2802.93523158825
63.846,2798.78627617952
63.8470000000002,2795.7895534282
63.8480000000002,2794.0829551678
63.8490000000002,2793.64356929866
63.8500000000001,2793.00934158152
63.8510000000001,2791.31926551705
63.8520000000001,2790.58040286144
63.8530000000001,2790.58999317274
63.854,2790.9729986727
63.855,2791.20792044573
63.8560000000002,2789.22586305089
63.8570000000002,2783.80747620284
63.8580000000002,2776.92858464787
63.8590000000002,2768.49332516654
63.8600000000001,2758.46454982281
63.8610000000001,2746.86483930802
63.8620000000001,2732.09820717885
63.8630000000001,2713.68744658648
63.864,2694.72341497364
63.865,2676.0862647596
63.8660000000002,2658.60116994521
63.8670000000002,2642.91768558529
63.8680000000002,2627.59035537066
63.8690000000001,2612.0987092145
63.8700000000001,2599.17131536755
63.8710000000001,2589.00391810685
63.8720000000001,2581.54152540072
63.873,2576.4736366485
63.874,2571.5996782854
63.875,2565.91945016822
63.8760000000002,2561.18807574684
63.8770000000002,2557.12523877917
63.8780000000002,2553.50470768774
63.8790000000001,2550.19970649756
63.8800000000001,2546.03154650881
63.8810000000001,2541.24267644625
63.8820000000001,2537.55957106118
63.883,2535.03155520351
63.884,2533.5245613652
63.8850000000002,2532.79254116273
63.8860000000002,2531.77284434798
63.8870000000002,2530.70695932527
63.8880000000001,2530.3647145239
63.8890000000001,2530.22680539517
63.8900000000001,2529.70884524518
63.8910000000001,2528.33851827683
63.8920000000001,2524.92018039467
63.893,2520.03705197291
63.894,2515.29263752698
63.8950000000002,2511.04491587228
63.8960000000002,2507.55466307284
63.8970000000002,2504.96000237066
63.8980000000001,2501.83293762904
63.8990000000001,2498.45267283445
63.9000000000001,2496.4585473612
63.9010000000001,2495.86285045841
63.902,2496.66205380893
63.903,2498.95673206754
63.9040000000002,2501.36178967284
63.9050000000002,2504.84469843084
63.9060000000002,2512.31525923434
63.9070000000002,2525.22166497857
63.9080000000001,2545.05922992378
63.9090000000001,2573.23432374196
63.9100000000001,2609.22620491392
63.9110000000001,2654.35481749301
63.912,2710.9629705849
63.913,2779.30102322662
63.9140000000002,2859.06693030961
63.9150000000002,2949.43661679394
63.9160000000002,3047.43245452068
63.9170000000001,3151.89167539903
63.9180000000001,3262.40336504834
63.9190000000001,3376.55045699695
63.9200000000001,3491.35269319013
63.921,3603.28984919366
63.922,3706.67225667472
63.923,3797.81993835726
63.9240000000002,3873.91025732241
63.9250000000002,3930.63855019505
63.9260000000002,3963.82643885884
63.9270000000001,3969.64582749784
63.9280000000001,3943.09642962723
63.9290000000001,3882.3258007693
63.9300000000001,3787.21509402624
63.931,3657.0850533813
63.932,3492.05344133328
63.9330000000002,3293.09504470069
63.9340000000002,3060.41069364289
63.9350000000002,2797.8445580283
63.9360000000001,2511.31543151738
63.9370000000001,2206.8202626017
63.9380000000001,1891.75275267022
63.9390000000001,1574.84015635036
63.9400000000001,1264.16157191835
63.941,971.097552631245
63.942,707.740158891438
63.9430000000002,484.222250384807
63.9440000000002,309.129814716328
63.9450000000002,188.78870082444
63.9460000000001,124.955956809667
63.9470000000001,119.033393052942
63.9480000000001,169.843515267524
63.9490000000001,272.18121763106
63.95,418.490377048511
63.951,599.571395262725
63.9520000000002,803.570568744495
63.9530000000002,1021.37739590372
63.9540000000002,1244.79263306077
63.9550000000002,1465.45077710771
63.9560000000001,1676.20452110272
63.9570000000001,1871.2525857467
63.9580000000001,2044.32555988536
63.9590000000001,2193.38347803511
63.96,2317.80358499076
63.961,2416.89874594222
63.9620000000002,2490.86845476822
63.9630000000002,2540.72555888587
63.9640000000002,2566.37341984249
63.9650000000001,2571.45827957744
63.9660000000001,2560.29680075303
63.9670000000001,2536.50864645091
63.9680000000001,2503.81698724359
63.9690000000001,2465.82924366065
63.97,2423.90555656418
63.971,2382.17719351294
63.9720000000002,2344.12655600596
63.9730000000002,2311.49380774986
63.9740000000002,2285.27132806013
63.9750000000001,2265.777795755
63.9760000000001,2250.69438029015
63.9770000000001,2240.97777089915
63.9780000000001,2237.0104322861
63.979,2237.87213061955
63.98,2242.48343324819
63.9810000000002,2249.71316016468
63.9820000000002,2256.11485068616
63.9830000000002,2262.68138451969
63.9840000000002,2269.86870050778
63.9850000000001,2276.97728982227
63.9860000000001,2283.32589638138
63.9870000000001,2288.3279497088
63.9880000000001,2289.03251914946
63.989,2287.45028743669
63.99,2284.84911686169
63.9910000000002,2281.31235818409
63.9920000000002,2276.89183339167
63.9930000000002,2271.65482500157
63.9940000000001,2263.42791313784
63.9950000000001,2254.36837500427
63.9960000000001,2245.86657807608
63.9970000000001,2238.22882476246
63.998,2231.59241634194
63.999,2225.93809708634
64,2219.4462572415
64.0010000000002,2213.05176711417
64.0020000000002,2207.39280795693
64.0030000000002,2202.5050985182
64.0040000000001,2198.36034324166
64.0050000000001,2194.83836820968
64.0060000000001,2190.50448123144
64.0070000000001,2185.65490194448
64.008,2180.79656477053
64.009,2176.23653083515
64.0100000000002,2172.3046646268
64.0110000000002,2169.22895319539
64.0120000000002,2165.61116736707
64.0130000000001,2162.19938583603
64.0140000000001,2159.51177007088
64.0150000000001,2157.65674582883
64.0160000000001,2156.70209052094
64.0170000000001,2156.63872473539
64.018,2155.41160936624
64.019,2154.48478949211
64.0200000000002,2154.48390628238
64.0210000000002,2155.3934425376
64.0220000000002,2157.09170098055
64.0230000000001,2159.33602954199
64.0240000000001,2159.52797634543
64.0250000000001,2159.30414338509
64.0260000000001,2159.05338262784
64.027,2158.46760112296
64.028,2157.19645556255
64.0290000000002,2154.90772327411
64.0300000000002,2149.10866389195
64.0310000000002,2141.79249871177
64.0320000000002,2133.83607387402
64.0330000000001,2125.63112734485
64.0340000000001,2117.59574956182
64.0350000000001,2110.13086628482
64.0360000000001,2101.39165734394
64.037,2093.72751599593
64.038,2088.10279164012
64.0390000000002,2084.81563785989
64.0400000000002,2083.95894686992
64.0410000000002,2085.41353532062
64.0420000000001,2086.64123518767
64.0430000000001,2089.33296891869
64.0440000000001,2093.67115555742
64.0450000000001,2099.26384348805
64.046,2105.61708504463
64.047,2112.16776126071
64.048,2116.06885857096
64.0490000000002,2119.02698879245
64.0500000000002,2121.3005873343
64.0510000000002,2122.80557610329
64.0520000000001,2123.5382386666
64.0530000000001,2123.57762137372
64.0540000000001,2120.81093120199
64.0550000000001,2117.77426202098
64.056,2115.39559196095
64.057,2114.15811242655
64.0580000000002,2114.40074379687
64.0590000000002,2116.26359606126
64.0600000000002,2117.37746005129
64.0610000000001,2119.80060098817
64.0620000000001,2123.67207656252
64.0630000000001,2128.60294040241
64.0640000000001,2134.04799971017
64.0650000000001,2139.36849750219
64.066,2141.6064707615
64.067,2142.5964863851
64.0680000000002,2142.48401280535
64.0690000000002,2141.24872746663
64.0700000000002,2138.98646056715
64.0710000000001,2135.88751746897
64.0720000000001,2129.90177400173
64.0730000000001,2123.7922877849
64.0740000000001,2118.40705086872
64.075,2114.25321391519
64.076,2111.68559011854
64.0770000000002,2110.86533334182
64.0780000000002,2109.44077031428
64.0790000000002,2109.68425200721
64.0800000000002,2111.68930949546
64.0810000000001,2115.15936524414
64.0820000000001,2119.64589202538
64.0830000000001,2124.59446838974
64.0840000000001,2127.08868550416
64.085,2129.13515952244
64.086,2130.70984361588
64.0870000000002,2131.69432194584
64.0880000000002,2132.05206910417
64.0890000000002,2131.8213799722
64.0900000000001,2128.76879941273
64.0910000000001,2125.66960989858
64.0920000000001,2123.08623886882
64.0930000000001,2121.35810377159
64.0940000000001,2120.68016738449
64.095,2121.06691613842
64.096,2119.99314391567
64.0970000000002,2119.80686888489
64.0980000000002,2120.43345377206
64.0990000000002,2121.57397745108
64.1000000000001,2122.83728207736
64.1010000000001,2123.78489374051
64.1020000000001,2121.58532699354
64.1030000000001,2118.63589910922
64.104,2115.03850284586
64.105,2110.90981603183
64.1060000000002,2106.41644403522
64.1070000000002,2101.74087437975
64.1080000000002,2094.56818606364
64.1090000000002,2087.92951919633
64.1100000000001,2082.25216844738
64.1110000000001,2077.82374239704
64.1120000000001,2074.78075482642
64.1130000000001,2073.05291031119
64.114,2069.99985620603
64.115,2068.20240795756
64.1160000000002,2067.61485138462
64.1170000000002,2068.08273024007
64.1180000000002,2069.37621196643
64.1190000000001,2071.12353380559
64.1200000000001,2070.5888073499
64.1210000000001,2070.27331825022
64.1220000000001,2070.15074294192
64.123,2070.12517485636
64.124,2070.03189995874
64.125,2069.51162588125
64.1260000000002,2065.92620686431
64.1270000000002,2061.79086131742
64.1280000000002,2057.13157740518
64.1290000000001,2051.96248680794
64.1300000000001,2046.31544109534
64.1310000000001,2040.08960632462
64.1320000000001,2031.13137177063
64.133,2022.31436156991
64.134,2014.05390622892
64.1350000000002,2006.66122717802
64.1360000000002,2000.31230555837
64.1370000000002,1994.82563202049
64.1380000000001,1987.91358960789
64.1390000000001,1981.9863905434
64.1400000000001,1976.97094158521
64.1410000000001,1972.69289107596
64.1420000000001,1968.93824885185
64.143,1965.27161475715
64.144,1959.49365324485
64.1450000000002,1954.18205842565
64.1460000000002,1949.63354609509
64.1470000000002,1946.13133788448
64.1480000000001,1943.91187812747
64.1490000000001,1942.85524957644
64.1500000000001,1941.03488678634
64.1510000000001,1940.94984598583
64.152,1942.65439901897
64.153,1946.03120768085
64.1540000000002,1950.83641008684
64.1550000000002,1956.44802335512
64.1560000000002,1960.66482518684
64.1570000000002,1965.71101754086
64.1580000000001,1971.59959904096
64.1590000000001,1978.33991908725
64.1600000000001,1985.93619617984
64.1610000000001,1994.03142032357
64.162,2000.78051421859
64.163,2008.55533043815
64.1640000000002,2017.41262885041
64.1650000000002,2027.25197154929
64.1660000000002,2037.83284748629
64.1670000000001,2048.4327698824
64.1680000000001,2056.93763235248
64.1690000000001,2065.37787943683
64.1700000000001,2073.64062255855
64.171,2081.62331503885
64.172,2089.26078605542
64.173,2096.12548709784
64.1740000000002,2100.61082549911
64.1750000000002,2105.12123050563
64.1760000000002,2109.89717814941
64.1770000000001,2115.03406412401
64.1780000000001,2120.45643024714
64.1790000000001,2125.47322007984
64.1800000000001,2128.14688393757
64.181,2130.32376922518
64.182,2131.73171061084
64.1830000000002,2132.07915398688
64.1840000000002,2131.13253799745
64.1850000000002,2128.30047492127
64.1860000000001,2122.15596341038
64.1870000000001,2115.18878697603
64.1880000000001,2107.9423895175
64.1890000000001,2100.93564958766
64.1900000000001,2094.59235384118
64.191,2088.6683464329
64.192,2081.8402068806
64.1930000000002,2076.24721117345
64.1940000000002,2071.84335629206
64.1950000000002,2068.39357994932
64.1960000000001,2065.54581569652
64.1970000000001,2062.37005462233
64.1980000000001,2057.19744909766
64.1990000000001,2051.95841837368
64.2,2046.74184701246
64.201,2041.66593071477
64.2020000000002,2036.8458673346
64.2030000000002,2031.78894875784
64.2040000000002,2025.27423437102
64.2050000000002,2019.35065686998
64.2060000000001,2014.09519150028
64.2070000000001,2009.45572907331
64.2080000000001,2005.28766615068
64.2090000000001,2000.80524418397
64.21,1994.68034190259
64.211,1988.8709216019
64.2120000000002,1983.56485438189
64.2130000000002,1978.95305183968
64.2140000000002,1975.20570155179
64.2150000000001,1971.80667515109
64.2160000000001,1967.71483404042
64.2170000000001,1964.94129418312
64.2180000000001,1963.57191255764
64.2190000000001,1963.52707606823
64.22,1964.58032810097
64.221,1965.72066740545
64.2220000000002,1965.54130320288
64.2230000000002,1965.68892792928
64.2240000000002,1966.03831111756
64.2250000000001,1966.46517080997
64.2260000000001,1966.86262043006
64.2270000000001,1966.43100302043
64.2280000000001,1964.17243173557
64.229,1962.08035756789
64.23,1960.33634324211
64.2310000000002,1959.02997901524
64.2320000000002,1958.15142938213
64.2330000000002,1956.8393821667
64.2340000000002,1954.05919620185
64.2350000000001,1951.63626726199
64.2360000000001,1949.59313008519
64.2370000000001,1947.9136191887
64.2380000000001,1946.57734704001
64.239,1944.79065688651
64.24,1941.81166864366
64.2410000000002,1939.71892019223
64.2420000000002,1938.82056846241
64.2430000000002,1939.32539435915
64.2440000000001,1941.31232849311
64.2450000000001,1943.88305385641
64.2460000000001,1946.11180237301
64.2470000000001,1949.58041744213
64.248,1954.00718329234
64.249,1958.95532623715
64.25,1963.89736972587
64.2510000000002,1967.43460238485
64.2520000000002,1968.45307991555
64.2530000000002,1968.48041017516
64.2540000000001,1967.50080471341
64.2550000000001,1965.5763166586
64.2560000000001,1962.84091300625
64.2570000000001,1958.58940048004
64.258,1952.47783584876
64.259,1946.61989036061
64.2600000000002,1941.45661127613
64.2610000000002,1937.30948409954
64.2620000000002,1934.36438199332
64.2630000000001,1931.73948596174
64.2640000000001,1928.85817836362
64.2650000000001,1927.40333333
64.2660000000001,1927.37225124607
64.2670000000001,1928.63832532563
64.268,1930.97034818804
64.269,1933.09082034974
64.2700000000002,1934.20073780563
64.2710000000002,1935.74737618517
64.2720000000002,1937.62230637454
64.2730000000001,1939.67951370224
64.2740000000001,1941.74473475149
64.2750000000001,1942.63172660399
64.2760000000001,1941.78472682005
64.277,1940.82113440248
64.278,1939.8761453399
64.2790000000002,1939.06087888952
64.2800000000002,1938.45365101091
64.2810000000002,1937.0834119757
64.2820000000002,1934.67029790547
64.2830000000001,1932.881210891
64.2840000000001,1931.8768752692
64.2850000000001,1931.70857736293
64.2860000000001,1932.31574778123
64.287,1932.50438671641
64.288,1931.83669004777
64.2890000000002,1931.66935576841
64.2900000000002,1931.91210466783
64.2910000000002,1932.40664435028
64.2920000000001,1932.94688128508
64.2930000000001,1932.24743189634
64.2940000000001,1929.9597252193
64.2950000000001,1927.47822776532
64.296,1924.85229767527
64.297,1922.10353711185
64.298,1919.22820179115
64.2990000000002,1915.13976827667
64.3000000000002,1909.77906354778
64.3010000000002,1904.67454645925
64.3020000000001,1900.05310892271
64.3030000000001,1896.10703647843
64.3040000000001,1892.99922483633
64.3050000000001,1889.79908554278
64.306,1886.67460308171
64.307,1885.18294226246
64.3080000000002,1885.56743003978
64.3090000000002,1887.94555382945
64.3100000000002,1892.2977340579
64.3110000000001,1897.37561715045
64.3120000000001,1903.02351027952
64.3130000000001,1910.2572932991
64.3140000000001,1918.76082744928
64.3150000000001,1928.09267220149
64.316,1937.74068454195
64.317,1946.06873200269
64.3180000000002,1952.82129480264
64.3190000000002,1959.04428815936
64.3200000000002,1964.727528241
64.3210000000001,1969.95196552556
64.3220000000001,1974.88210749227
64.3230000000001,1978.59957171457
64.3240000000001,1981.59506590242
64.325,1985.38241734856
64.326,1990.19306201876
64.3270000000002,1996.01400188839
64.3280000000002,2002.5664098209
64.3290000000002,2008.1590057964
64.3300000000002,2012.40884279876
64.3310000000001,2015.80755204001
64.3320000000001,2017.7254658329
64.3330000000001,2017.58116539833
64.3340000000001,2014.94629694631
64.335,2008.42856780139
64.336,1998.51177619515
64.3370000000002,1986.82384463633
64.3380000000002,1974.10713974577
64.3390000000002,1961.16047278427
64.3400000000001,1948.74026214261
64.3410000000001,1936.21971823845
64.3420000000001,1924.48164245648
64.3430000000001,1914.96924329998
64.3440000000001,1907.79357448306
64.345,1902.76610130234
64.346,1899.45422967732
64.3470000000002,1895.81524903659
64.3480000000002,1891.70376074409
64.3490000000002,1887.91084579094
64.3500000000001,1884.18527162852
64.3510000000001,1880.30332106897
64.3520000000001,1876.03461479617
64.3530000000001,1869.36787786923
64.354,1860.57325646434
64.355,1851.00062463993
64.3560000000002,1840.81829738525
64.3570000000002,1830.16454799726
64.3580000000002,1819.10674737265
64.3590000000002,1805.6176468613
64.3600000000001,1790.28002960655
64.3610000000001,1774.8753396412
64.3620000000001,1759.9791105748
64.3630000000001,1746.14258277404
64.364,1733.7841186195
64.365,1721.42250120956
64.3660000000002,1709.73601898561
64.3670000000002,1699.90049588009
64.3680000000002,1691.9092497892
64.3690000000001,1685.67237907686
64.3700000000001,1681.08394916162
64.3710000000001,1677.07421206927
64.3720000000001,1674.327888444
64.373,1673.45620328547
64.374,1674.20286648079
64.375,1676.0982398694
64.3760000000002,1678.51116442886
64.3770000000002,1680.04796896922
64.3780000000002,1680.81687354524
64.3790000000001,1680.69144607206
64.3800000000001,1679.1594788724
64.3810000000001,1676.00369773787
64.3820000000001,1671.44375227796
64.383,1665.48474360668
64.384,1659.97292564328
64.3850000000002,1656.37419157796
64.3860000000002,1655.31358955153
64.3870000000002,1656.87030814247
64.3880000000001,1660.525859168
64.3890000000001,1664.26366139785
64.3900000000001,1667.67653182935
64.3910000000001,1670.00688437945
64.3920000000001,1670.1557862933
64.393,1667.63805036313
64.394,1662.87796479264
64.3950000000002,1655.8536351578
64.3960000000002,1650.03810444309
64.3970000000002,1649.34458782062
64.3980000000001,1657.0113124974
64.3990000000001,1675.78064073236
64.4000000000001,1707.43572794792
64.4010000000001,1750.9108863859
64.402,1806.64633132928
64.403,1873.87438950167
64.4040000000002,1950.46516075327
64.4050000000002,2034.18000476263
64.4060000000002,2123.19588548401
64.4070000000002,2214.95918704439
64.4080000000001,2310.53780365264
64.4090000000001,2411.4316871216
64.4100000000001,2518.70446942906
64.4110000000001,2632.94978739659
64.412,2753.56161390655
64.413,2876.61657173112
64.4140000000002,2998.69502504397
64.4150000000002,3113.74347883531
64.4160000000002,3213.21223095024
64.4170000000001,3287.40530209664
64.4180000000001,3326.53213103786
64.4190000000001,3320.37279185849
64.4200000000001,3263.74768352802
64.421,3154.19720124254
64.422,2992.41404018244
64.423,2782.92724263683
64.4240000000002,2533.77251203355
64.4250000000002,2254.2007362422
64.4260000000002,1958.03666922712
64.4270000000001,1659.10143165156
64.4280000000001,1369.93422856529
64.4290000000001,1101.21171169068
64.4300000000001,860.921181930034
64.431,652.346877810184
64.432,478.453134879703
64.4330000000002,338.746806905792
64.4340000000002,229.987963317364
64.4350000000002,147.516763155629
64.4360000000001,86.1906465327933
64.4370000000001,39.7130472276227
64.4380000000001,5.90848536019866
64.4390000000001,-16.4284349560009
64.4400000000001,-27.1815902995854
64.441,-24.6402602179347
64.442,-5.96237039624353
64.4430000000002,30.5807734198335
64.4440000000002,89.4443299303672
64.4450000000002,173.299107559295
64.4460000000001,282.738866140173
64.4470000000001,416.311583752332
64.4480000000001,570.418209109245
64.4490000000001,737.914378480091
64.45,913.26107850135
64.451,1089.25025094731
64.4520000000002,1258.17877323985
64.4530000000002,1412.96296512744
64.4540000000002,1547.76359454871
64.4550000000002,1656.79991186961
64.4560000000001,1739.41997116345
64.4570000000001,1795.97493594751
64.4580000000001,1828.15085747923
64.4590000000001,1838.94785215238
64.46,1832.20988214366
64.461,1810.43652019747
64.4620000000002,1779.4358449734
64.4630000000002,1743.56107595708
64.4640000000002,1706.17572780983
64.4650000000001,1669.8872683849
64.4660000000001,1636.54846890055
64.4670000000001,1605.43194966036
64.4680000000001,1579.19195786382
64.4690000000001,1558.68412720856
64.47,1544.07692715613
64.471,1535.29833548161
64.4720000000002,1532.08856480327
64.4730000000002,1531.81207844905
64.4740000000002,1536.34203798161
64.4750000000001,1545.44280917888
64.4760000000001,1558.19430834908
64.4770000000001,1573.4396229933
64.4780000000001,1589.89257731741
64.479,1603.78465288487
64.48,1616.85815327475
64.4810000000002,1628.66726495066
64.4820000000002,1638.50261471494
64.4830000000002,1645.87565428453
64.4840000000002,1650.58868329828
64.4850000000001,1650.59807800061
64.4860000000001,1648.6859417697
64.4870000000001,1645.84382556069
64.4880000000001,1642.71966605292
64.489,1639.8035488573
64.49,1637.37301651475
64.4910000000002,1634.01021571641
64.4920000000002,1630.92025805046
64.4930000000002,1628.2694403152
64.4940000000001,1626.00796954599
64.4950000000001,1624.00364969758
64.4960000000001,1622.04037033139
64.4970000000001,1618.65980353252
64.498,1614.48067470789
64.499,1609.7526403079
64.5,1604.81134087231
64.5010000000002,1600.06711228102
64.5020000000002,1595.89268195823
64.5030000000002,1591.3622983749
64.5040000000001,1587.46608279181
64.5050000000001,1584.62543322515
64.5060000000001,1583.1580895763
64.5070000000001,1583.26964955248
64.508,1584.99050440358
64.509,1586.68181279474
64.5100000000002,1589.40439341405
64.5110000000002,1593.17537823248
64.5120000000002,1597.94233208964
64.5130000000001,1603.61901328126
64.5140000000001,1610.03635144398
64.5150000000001,1614.96412588088
64.5160000000001,1620.17314272358
64.5170000000001,1625.56005260687
64.518,1630.88359192691
64.519,1635.86086820018
64.5200000000002,1640.19214496648
64.5210000000002,1641.49550397602
64.5220000000002,1641.96302541869
64.5230000000001,1641.76414583847
64.5240000000001,1641.06190192225
64.5250000000001,1640.04074339525
64.5260000000001,1638.8775462485
64.527,1635.66693336904
64.528,1632.86189303805
64.5290000000002,1630.82406069564
64.5300000000002,1629.80442192046
64.5310000000002,1629.9249160281
64.5320000000002,1631.12528777803
64.5330000000001,1631.26479883337
64.5340000000001,1632.29962892429
64.5350000000001,1634.17318148176
64.5360000000001,1636.75561542164
64.537,1639.86614253052
64.538,1643.21898692101
64.5390000000002,1644.64145194534
64.5400000000002,1646.15165754288
64.5410000000002,1647.84070580127
64.5420000000001,1649.8006257543
64.5430000000001,1652.11459812438
64.5440000000001,1654.73551572225
64.5450000000001,1655.77642480929
64.546,1657.43711674818
64.547,1659.88596628038
64.548,1663.18938135774
64.5490000000002,1667.31055752392
64.5500000000002,1671.98026162997
64.5510000000002,1675.14861962041
64.5520000000001,1678.72831306184
64.5530000000001,1682.66365473945
64.5540000000001,1686.84667151101
64.5550000000001,1691.13447410238
64.556,1695.20140267373
64.557,1697.12025088691
64.5580000000002,1698.89344776896
64.5590000000002,1700.65773951275
64.5600000000002,1702.54252265591
64.5610000000001,1704.66176809326
64.5620000000001,1706.90860810387
64.5630000000001,1707.63327128377
64.5640000000001,1708.92880439452
64.5650000000001,1710.97596119814
64.566,1713.84187487099
64.567,1717.47029772222
64.5680000000002,1721.46304433412
64.5690000000002,1723.91493176911
64.5700000000002,1726.54676436235
64.5710000000001,1729.24424892791
64.5720000000001,1731.87415950659
64.5730000000001,1734.31593858502
64.5740000000001,1736.23490223905
64.575,1736.03571885151
64.576,1735.7927267508
64.5770000000002,1735.82731827526
64.5780000000002,1736.44164066701
64.5790000000002,1737.880816972
64.5800000000002,1740.01373499358
64.5810000000001,1741.36131488162
64.5820000000001,1743.86700865591
64.5830000000001,1747.55146808749
64.5840000000001,1752.28016798039
64.585,1757.78715113216
64.586,1763.3950880762
64.5870000000002,1767.2238599026
64.5880000000002,1770.87937690928
64.5890000000002,1774.22277129595
64.5900000000001,1777.13022105414
64.5910000000001,1779.5009530384
64.5920000000001,1780.9103642582
64.5930000000001,1779.88502452213
64.5940000000001,1778.39477800505
64.595,1776.66689175271
64.596,1774.88766166835
64.5970000000002,1773.18606726102
64.5980000000002,1771.2423401298
64.5990000000002,1767.67945538149
64.6000000000001,1764.44623116104
64.6010000000001,1761.70519429013
64.6020000000001,1759.54630783407
64.6030000000001,1757.9876650798
64.604,1756.55803791972
64.605,1753.80452037345
64.6060000000002,1751.59594935389
64.6070000000002,1750.02837035458
64.6080000000002,1749.13701499524
64.6090000000002,1748.89060414314
64.6100000000001,1748.7289415336
64.6110000000001,1747.18418457803
64.6120000000001,1746.08480403497
64.6130000000001,1745.49303640939
64.614,1745.42274282254
64.615,1745.8371425495
64.6160000000002,1746.15122586712
64.6170000000002,1744.98032777438
64.6180000000002,1744.17694226642
64.6190000000001,1743.83592080171
64.6200000000001,1743.99079531485
64.6210000000001,1744.6029983739
64.6220000000001,1745.0291684423
64.623,1743.90692864588
64.624,1742.98048896821
64.625,1742.25801779782
64.6260000000002,1741.69631534572
64.6270000000002,1741.21168109516
64.6280000000002,1740.13680766599
64.6290000000001,1737.25606725206
64.6300000000001,1734.41315107894
64.6310000000001,1731.79927377603
64.6320000000001,1729.58906837733
64.633,1727.92682655093
64.634,1726.32494286996
64.6350000000002,1723.80840906816
64.6360000000002,1722.29113425233
64.6370000000002,1721.98154592377
64.6380000000001,1722.98861266312
64.6390000000001,1725.31583546123
64.6400000000001,1728.24231331533
64.6410000000001,1730.61721165718
64.6420000000001,1734.06284124108
64.643,1738.52017130762
64.644,1743.84467481564
64.6450000000002,1749.8166181776
64.6460000000002,1755.5039810336
64.6470000000002,1759.71103172383
64.6480000000001,1764.00747171074
64.6490000000001,1768.3925309292
64.6500000000001,1772.87993817371
64.6510000000001,1777.50634190242
64.652,1781.64514351212
64.653,1784.56001884939
64.6540000000002,1788.18709906469
64.6550000000002,1792.86351537711
64.6560000000002,1798.83562252331
64.6570000000002,1806.22551835725
64.6580000000001,1814.29298565192
64.6590000000001,1822.11936544055
64.6600000000001,1831.213045159
64.6610000000001,1841.43118130259
64.662,1852.51558327224
64.663,1864.12496334813
64.6640000000002,1875.12320754586
64.6650000000002,1884.42623719804
64.6660000000002,1893.42479505686
64.6670000000001,1902.02962944585
64.6680000000001,1910.13779286661
64.6690000000001,1917.61944514353
64.6700000000001,1923.52982421222
64.671,1927.05161562104
64.672,1929.71322373049
64.673,1931.56354127434
64.6740000000002,1932.62477371106
64.6750000000002,1932.90243137616
64.6760000000002,1931.58711914704
64.6770000000001,1928.13391147737
64.6780000000001,1924.27110129004
64.6790000000001,1920.28508094834
64.6800000000001,1916.40519430233
64.681,1912.77680972978
64.682,1908.60704380036
64.6830000000002,1903.36140798974
64.6840000000002,1898.57655719821
64.6850000000002,1894.31925352302
64.6860000000001,1890.58357885414
64.6870000000001,1887.31431945074
64.6880000000001,1883.55834180305
64.6890000000001,1878.81695000501
64.6900000000001,1874.67901502563
64.691,1871.35875563354
64.692,1869.01846716839
64.6930000000002,1867.73383578897
64.6940000000002,1866.5611361231
64.6950000000002,1864.98521722684
64.6960000000001,1864.36501041189
64.6970000000001,1864.62045346065
64.6980000000001,1865.5726744345
64.6990000000001,1866.97022773623
64.7,1867.58558613147
64.701,1866.83879893499
64.7020000000002,1866.06422709592
64.7030000000002,1865.32105189895
64.7040000000002,1864.66964555591
64.7050000000002,1864.14814963165
64.7060000000001,1862.77563177866
64.7070000000001,1860.27851108241
64.7080000000001,1858.13077957166
64.7090000000001,1856.46053321027
64.71,1855.32165251556
64.711,1854.69766563091
64.7120000000002,1853.49700226772
64.7130000000002,1851.45727910768
64.7140000000002,1849.99927160515
64.7150000000001,1849.24027746216
64.7160000000001,1849.23613402141
64.7170000000001,1849.96792944111
64.7180000000001,1850.28217039482
64.7190000000001,1849.93883244386
64.72,1850.25632834203
64.721,1851.25054686982
64.7220000000002,1852.87745081508
64.7230000000002,1855.04074568731
64.7240000000002,1856.49860502063
64.7250000000001,1857.08904956447
64.7260000000001,1858.14029514313
64.7270000000001,1859.68283692504
64.7280000000001,1861.65882353171
64.729,1863.91266506648
64.73,1865.04658142856
64.7310000000002,1864.83835375221
64.7320000000002,1864.46479777183
64.7330000000002,1863.86022355978
64.7340000000002,1862.96415744624
64.7350000000001,1861.75189510691
64.7360000000001,1859.06218871867
64.7370000000001,1855.16011577776
64.7380000000001,1851.70977614447
64.739,1849.16719860882
64.74,1847.91479256875
64.7410000000002,1848.20362930385
64.7420000000002,1848.87409882655
64.7430000000002,1850.03381553489
64.7440000000001,1852.85976109285
64.7450000000001,1857.16817481741
64.7460000000001,1862.60717060076
64.7470000000001,1868.70350241546
64.748,1873.6535506656
64.749,1877.21517856717
64.75,1880.36798423572
64.7510000000002,1883.03025883285
64.7520000000002,1885.18335468226
64.7530000000002,1886.85420741505
64.7540000000001,1886.7868015281
64.7550000000001,1885.38783673822
64.7560000000001,1884.11660689479
64.7570000000001,1883.27605250116
64.758,1883.07279166756
64.759,1883.59370979765
64.7600000000002,1883.44720497284
64.7610000000002,1882.90900376535
64.7620000000002,1883.1496954977
64.7630000000001,1884.18305572334
64.7640000000001,1885.93775032501
64.7650000000001,1888.25995719289
64.7660000000001,1889.54905259173
64.7670000000001,1890.02602288691
64.768,1890.74555791592
64.769,1891.70053245977
64.7700000000002,1892.84825497582
64.7710000000002,1894.10797215587
64.7720000000002,1893.98491359509
64.7730000000001,1892.91003046165
64.7740000000001,1892.02884769603
64.7750000000001,1891.47193613204
64.7760000000001,1891.31853868875
64.777,1891.58334141442
64.778,1890.8187936058
64.7790000000002,1889.5499822717
64.7800000000002,1888.85863082312
64.7810000000002,1888.82205959025
64.7820000000002,1889.44677426813
64.7830000000001,1890.6708271547
64.7840000000001,1890.98167599855
64.7850000000001,1890.93463236159
64.7860000000001,1891.5371369569
64.787,1892.86979567813
64.788,1894.97519063135
64.7890000000002,1897.85813602654
64.7900000000002,1900.0820717381
64.7910000000002,1902.366940927
64.7920000000001,1905.7460163163
64.7930000000001,1910.31881610844
64.7940000000001,1916.07948677249
64.7950000000001,1922.90369699057
64.796,1929.11584879648
64.797,1935.22108403761
64.798,1941.8951850444
64.7990000000002,1948.91204310933
64.8000000000002,1955.98604592517
64.8010000000002,1962.80631479976
64.8020000000001,1967.6210216066
64.8030000000001,1971.0987685753
64.8040000000001,1974.13574892331
64.8050000000001,1976.89856302841
64.806,1979.58731995801
64.807,1982.41148332782
64.8080000000002,1984.07790070646
64.8090000000002,1985.7279982313
64.8100000000002,1988.47576003868
64.8110000000001,1992.55160037554
64.8120000000001,1998.02330796939
64.8130000000001,2004.77931609822
64.8140000000001,2011.01375355959
64.8150000000001,2017.33340025549
64.816,2024.13712861679
64.817,2030.9568479813
64.8180000000002,2037.21508811617
64.8190000000002,2042.27868026448
64.8200000000002,2043.98196481651
64.8210000000001,2042.91841880744
64.8220000000001,2039.66565751694
64.8230000000001,2034.26806569094
64.8240000000001,2026.93684143533
64.825,2018.03760097745
64.826,2006.44512269893
64.8270000000002,1993.91386037677
64.8280000000002,1981.92562571173
64.8290000000002,1971.14597564259
64.8300000000002,1961.99567798011
64.8310000000001,1954.58337249605
64.8320000000001,1946.83327079679
64.8330000000001,1939.58990518576
64.8340000000001,1933.20363015123
64.835,1927.18824677191
64.836,1920.9880430297
64.8370000000002,1914.04335161818
64.8380000000002,1903.63301106726
64.8390000000002,1890.98616030953
64.8400000000001,1877.25251130667
64.8410000000001,1863.05252920092
64.8420000000001,1849.12212750294
64.8430000000001,1836.16267617698
64.8440000000001,1822.11785415507
64.845,1809.08187543992
64.846,1798.54259554331
64.8470000000002,1790.9572312372
64.8480000000002,1786.46201094292
64.8490000000002,1784.80517638717
64.8500000000001,1783.13341701548
64.8510000000001,1782.20690803961
64.8520000000001,1782.05723437031
64.8530000000001,1782.09211513101
64.854,1781.86654902059
64.855,1781.16018148508
64.8560000000002,1778.62959045926
64.8570000000002,1775.84781493222
64.8580000000002,1773.62062641057
64.8590000000002,1772.19121777738
64.8600000000001,1771.58279609665
64.8610000000001,1771.58005984352
64.8620000000001,1770.91833825058
64.8630000000001,1770.21537244402
64.864,1769.09617367148
64.865,1766.9110667901
64.8660000000002,1763.26025435003
64.8670000000002,1758.18763210305
64.8680000000002,1751.44810366342
64.8690000000001,1745.17362284112
64.8700000000001,1740.60497244185
64.8710000000001,1738.43292626325
64.8720000000001,1738.85724167915
64.873,1741.4995752795
64.874,1744.15775511506
64.875,1747.07518932308
64.8760000000002,1749.33169005207
64.8770000000002,1749.89890952918
64.8780000000002,1748.34428051291
64.8790000000001,1745.11180201561
64.8800000000001,1739.69167171762
64.8810000000001,1736.27239492352
64.8820000000001,1738.2964060685
64.883,1748.77523379824
64.884,1770.14206114476
64.8850000000002,1803.81009985756
64.8860000000002,1847.88042167688
64.8870000000002,1903.3640406442
64.8880000000001,1969.0425745064
64.8890000000001,2042.92444867725
64.8900000000001,2123.18253844519
64.8910000000001,2208.64701378837
64.8920000000001,2297.15468442205
64.893,2391.38065962294
64.894,2493.16079822153
64.8950000000002,2603.89791166824
64.8960000000002,2724.08234588469
64.8970000000002,2852.52855751827
64.8980000000001,2983.91908651087
64.8990000000001,3114.4143814816
64.9000000000001,3236.51358743367
64.9010000000001,3340.85500467232
64.902,3417.47088118122
64.903,3456.95632415575
64.9040000000002,3449.68639157862
64.9050000000002,3392.75427817516
64.9060000000002,3285.07738809927
64.9070000000002,3128.83856202051
64.9080000000001,2929.45884931633
64.9090000000001,2694.95257168751
64.9100000000001,2433.05583618156
64.9110000000001,2156.27770934506
64.912,1875.27701181222
64.913,1599.41143717331
64.9140000000002,1336.36094235388
64.9150000000002,1091.82507131378
64.9160000000002,867.494803689162
64.9170000000001,667.444818406267
64.9180000000001,492.656525639093
64.9190000000001,342.960819385971
64.9200000000001,217.66744405439
64.921,115.975420638644
64.922,35.2642480992203
64.923,-22.3820274522341
64.9240000000002,-56.1426542191721
64.9250000000002,-64.9229787762902
64.9260000000002,-47.4385242417841
64.9270000000001,-2.54823554254969
64.9280000000001,68.2912579078948
64.9290000000001,167.068193952856
64.9300000000001,292.65835222428
64.931,442.331360619866
64.932,611.77456803981
64.9330000000002,795.197047189161
64.9340000000002,983.545350215825
64.9350000000002,1171.53241135991
64.9360000000001,1351.84146791887
64.9370000000001,1517.6108049066
64.9380000000001,1663.07233323984
64.9390000000001,1783.98472075289
64.9400000000001,1875.76033833542
64.941,1940.23223825974
64.942,1978.89513500543
64.9430000000002,1994.58574437175
64.9440000000002,1991.08868511871
64.9450000000002,1972.65619400885
64.9460000000001,1941.36958756313
64.9470000000001,1903.75492269008
64.9480000000001,1863.59164331042
64.9490000000001,1823.97532481272
64.95,1787.30216038942
64.951,1755.26700509527
64.9520000000002,1726.67957623567
64.9530000000002,1705.02820162222
64.9540000000002,1690.82567246386
64.9550000000002,1684.10878533229
64.9560000000001,1684.46990311541
64.9570000000001,1690.98347233729
64.9580000000001,1699.86270031511
64.9590000000001,1712.870118652
64.96,1728.52458229056
64.961,1745.18904691454
64.9620000000002,1761.2979137034
64.9630000000002,1775.40562315225
64.9640000000002,1783.92177138447
64.9650000000001,1790.11533806213
64.9660000000001,1794.21530269757
64.9670000000001,1796.63958743257
64.9680000000001,1797.93975681882
64.9690000000001,1798.53689005418
64.97,1796.64307226547
64.971,1795.6795876443
64.9720000000002,1796.02693638982
64.9730000000002,1797.71457261587
64.9740000000002,1800.49872182008
64.9750000000001,1803.82431653514
64.9760000000001,1805.53567700725
64.9770000000001,1807.13004261548
64.9780000000001,1808.67846101418
64.979,1810.36637770385
64.98,1812.40241787599
64.9810000000002,1814.78946832441
64.9820000000002,1816.15360176895
64.9830000000002,1817.53592919513
64.9840000000002,1819.05794800186
64.9850000000001,1820.82493122854
64.9860000000001,1822.88169937909
64.9870000000001,1825.04447821733
64.9880000000001,1825.88758662712
64.989,1826.40451610301
64.99,1826.89154549159
64.9910000000002,1827.73864815727
64.9920000000002,1829.30605065469
64.9930000000002,1831.58821215366
64.9940000000001,1833.06126730165
64.9950000000001,1835.17615423513
64.9960000000001,1837.9078456092
64.9970000000001,1841.14750956681
64.998,1844.71840152179
64.999,1848.07781265085
65,1849.25038572071
65.0010000000002,1850.35106754737
65.0020000000002,1851.54479650825
65.0030000000002,1853.02706499881
65.0040000000001,1855.00342441275
65.0050000000001,1857.28261362769
65.0060000000001,1858.25656554464
65.0070000000001,1860.37661707637
65.008,1863.86238022174
65.009,1868.75816019716
65.0100000000002,1874.93114985389
65.0110000000002,1881.69421671486
65.0120000000002,1886.99613957644
65.0130000000001,1892.59044328527
65.0140000000001,1898.24640417068
65.0150000000001,1903.69455151726
65.0160000000001,1908.64356242398
65.0170000000001,1912.38028047775
65.018,1913.09576559734
65.019,1912.77606780883
65.0200000000002,1911.63406766435
65.0210000000002,1909.96116982912
65.0220000000002,1908.10737976616
65.0230000000001,1905.98749285595
65.0240000000001,1902.48131372991
65.0250000000001,1900.11782396888
65.0260000000001,1899.43927921257
65.027,1900.81487599324
65.028,1904.39219171763
65.0290000000002,1909.57252625069
65.0300000000002,1914.5968277122
65.0310000000002,1921.15519257134
65.0320000000002,1928.9358563555
65.0330000000001,1937.54827075425
65.0340000000001,1946.58023451192
65.0350000000001,1955.105612362
65.0360000000001,1961.42873452391
65.037,1967.5053516371
65.038,1973.49770609446
65.0390000000002,1979.57252674192
65.0400000000002,1985.84096229528
65.0410000000002,1991.7302574816
65.0420000000001,1995.81188519361
65.0430000000001,2000.01765985968
65.0440000000001,2004.35102518778
65.0450000000001,2008.74164563706
65.046,2013.08018869082
65.047,2016.63853488371
65.048,2018.09383233607
65.0490000000002,2019.53145262895
65.0500000000002,2021.24333176773
65.0510000000002,2023.4748736195
65.0520000000001,2026.36918187841
65.0530000000001,2029.27837699287
65.0540000000001,2030.89564020192
65.0550000000001,2033.03796890391
65.056,2035.65518333942
65.057,2038.63751750627
65.0580000000002,2041.86409304417
65.0590000000002,2044.55971216267
65.0600000000002,2045.6116593881
65.0610000000001,2047.13223921042
65.0620000000001,2049.49788976471
65.0630000000001,2053.01555795722
65.0640000000001,2057.84144693692
65.0650000000001,2063.19326041833
65.066,2067.76252441038
65.067,2073.10665875851
65.0680000000002,2078.88753956287
65.0690000000002,2084.65956320602
65.0700000000002,2089.95107021931
65.0710000000001,2093.57643865848
65.0720000000001,2094.29078989708
65.0730000000001,2094.01478308362
65.0740000000001,2093.09096314075
65.075,2091.92721039047
65.076,2090.91230329202
65.0770000000002,2089.51739888918
65.0780000000002,2086.99207281925
65.0790000000002,2085.37677390213
65.0800000000002,2084.83960240227
65.0810000000001,2085.40367185626
65.0820000000001,2086.98577135316
65.0830000000001,2088.57302761072
65.0840000000001,2089.16657641327
65.085,2090.68262366227
65.086,2093.33854879493
65.0870000000002,2097.29153539582
65.0880000000002,2102.57339173697
65.0890000000002,2108.11156360765
65.0900000000001,2112.77559786614
65.0910000000001,2118.13837311854
65.0920000000001,2123.95864631731
65.0930000000001,2129.9123017393
65.0940000000001,2135.64004383645
65.095,2139.81277307997
65.096,2141.42137264623
65.0970000000002,2142.35480549631
65.0980000000002,2142.88936176657
65.0990000000002,2143.31644412782
65.1000000000001,2143.86587397368
65.1010000000001,2143.60789983468
65.1020000000001,2141.83993311249
65.1030000000001,2140.40831820357
65.104,2139.34662349529
65.105,2138.57081393569
65.1060000000002,2137.91652097127
65.1070000000002,2136.11313614549
65.1080000000002,2132.42661795647
65.1090000000002,2128.77066463419
65.1100000000001,2125.46934224631
65.1110000000001,2122.85685174142
65.1120000000001,2121.2161586269
65.1130000000001,2119.60807878137
65.114,2117.5882513415
65.115,2117.0143414666
65.1160000000002,2117.95934608859
65.1170000000002,2120.3190679067
65.1180000000002,2123.83104879132
65.1190000000001,2126.96260578468
65.1200000000001,2128.89529076605
65.1210000000001,2131.16569808886
65.1220000000001,2133.76846312155
65.123,2136.73458624908
65.124,2140.11322585095
65.125,2142.75099766608
65.1260000000002,2144.36368812779
65.1270000000002,2146.84713385803
65.1280000000002,2150.46096143863
65.1290000000001,2155.33733036926
65.1300000000001,2161.45812687329
65.1310000000001,2167.41727481145
65.1320000000001,2172.72907828886
65.133,2178.96030098566
65.134,2186.1227254576
65.1350000000002,2194.215909154
65.1360000000002,2203.23781364848
65.1370000000002,2211.9022031004
65.1380000000001,2220.07896282526
65.1390000000001,2229.62672443577
65.1400000000001,2240.84311109583
65.1410000000001,2253.8865702401
65.1420000000001,2268.71632690778
65.143,2283.73335156971
65.144,2298.3940936659
65.1450000000002,2313.85794509746
65.1460000000002,2329.68877359258
65.1470000000002,2345.35768144292
65.1480000000001,2360.300809441
65.1490000000001,2372.61516984436
65.1500000000001,2381.8963149659
65.1510000000001,2389.62787308264
65.152,2395.98721846566
65.153,2401.21777201513
65.1540000000002,2405.56672877948
65.1550000000002,2407.80639690708
65.1560000000002,2408.17214719162
65.1570000000002,2408.44110939414
65.1580000000001,2408.85484772155
65.1590000000001,2409.50460269488
65.1600000000001,2410.33816026234
65.1610000000001,2409.70996149734
65.162,2407.60059271976
65.163,2405.52640219317
65.1640000000002,2403.61919313821
65.1650000000002,2401.98561190319
65.1660000000002,2400.68338963833
65.1670000000001,2398.18590264566
65.1680000000001,2394.71181812828
65.1690000000001,2391.84504825592
65.1700000000001,2389.7582463994
65.171,2388.52730757863
65.172,2388.12072259133
65.173,2386.85355028173
65.1740000000002,2384.89078029376
65.1750000000002,2383.6422576625
65.1760000000002,2383.16700810682
65.1770000000001,2383.44021977334
65.1780000000001,2384.33538496601
65.1790000000001,2384.025812689
65.1800000000001,2382.67465158737
65.181,2381.59307372535
65.182,2380.81642910797
65.1830000000002,2380.36163832277
65.1840000000002,2380.22592732589
65.1850000000002,2378.75149421126
65.1860000000001,2376.46787782755
65.1870000000001,2374.94695827834
65.1880000000001,2374.49547311132
65.1890000000001,2375.31952587338
65.1900000000001,2377.47673207698
65.191,2379.17852601023
65.192,2380.79916014896
65.1930000000002,2383.48833482148
65.1940000000002,2387.09302816638
65.1950000000002,2391.35405469297
65.1960000000001,2395.93042219179
65.1970000000001,2398.69766980798
65.1980000000001,2400.0205237777
65.1990000000001,2401.08478312446
65.2,2401.93551280836
65.201,2402.60821523582
65.2020000000002,2403.10205572458
65.2030000000002,2401.5614633203
65.2040000000002,2398.77473886367
65.2050000000002,2396.1814519045
65.2060000000001,2394.06037289443
65.2070000000001,2392.66290671103
65.2080000000001,2392.20388126741
65.2090000000001,2390.97713061496
65.21,2390.09716800339
65.211,2391.12282296196
65.2120000000002,2394.3454812871
65.2130000000002,2399.85116145316
65.2140000000002,2407.47634214886
65.2150000000001,2414.8826980567
65.2160000000001,2422.51782909857
65.2170000000001,2431.02255978098
65.2180000000001,2439.82106646352
65.2190000000001,2448.27746669751
65.22,2455.77688220223
65.221,2459.84557713658
65.2220000000002,2461.32957200335
65.2230000000002,2461.50174191149
65.2240000000002,2460.72951961568
65.2250000000001,2459.45159326615
65.2260000000001,2458.09923644036
65.2270000000001,2455.01095975246
65.2280000000001,2451.70554528806
65.229,2449.66897197241
65.23,2449.18419506506
65.2310000000002,2450.32386275225
65.2320000000002,2452.95745021303
65.2330000000002,2454.72132732668
65.2340000000002,2456.5531645184
65.2350000000001,2459.28713471632
65.2360000000001,2462.69214951803
65.2370000000001,2466.43242206704
65.2380000000001,2470.07191635352
65.239,2471.00529378202
65.24,2470.16583770435
65.2410000000002,2468.38380653336
65.2420000000002,2465.63541323009
65.2430000000002,2461.98781824691
65.2440000000001,2457.61058317354
65.2450000000001,2450.61954023926
65.2460000000001,2442.92645059273
65.2470000000001,2436.20843835069
65.248,2431.18473121951
65.249,2428.38835270346
65.25,2428.0727424161
65.2510000000002,2427.94080626399
65.2520000000002,2429.2678194589
65.2530000000002,2432.68241317726
65.2540000000001,2437.76725275881
65.2550000000001,2443.9815302866
65.2560000000001,2450.73842481752
65.2570000000001,2455.20182221631
65.258,2458.66902186902
65.259,2462.01406341373
65.2600000000002,2465.35881972073
65.2610000000002,2468.80319730627
65.2620000000002,2472.34087666389
65.2630000000001,2473.49125525125
65.2640000000001,2473.77210968232
65.2650000000001,2473.88070117892
65.2660000000001,2473.62841952281
65.2670000000001,2472.75636863095
65.268,2470.99882401025
65.269,2465.84108384228
65.2700000000002,2459.13749423154
65.2710000000002,2452.08299817671
65.2720000000002,2445.26502210803
65.2730000000001,2439.29847039891
65.2740000000001,2434.73309539324
65.2750000000001,2429.6555896894
65.2760000000001,2426.27702708777
65.277,2425.61164457603
65.278,2427.73161676093
65.2790000000002,2432.43102635065
65.2800000000002,2439.25885190043
65.2810000000002,2445.24525258527
65.2820000000002,2451.76647986269
65.2830000000001,2459.05028297421
65.2840000000001,2466.68876200639
65.2850000000001,2474.27942312767
65.2860000000001,2481.43705678757
65.287,2485.45387228345
65.288,2488.19929394595
65.2890000000002,2490.33376666436
65.2900000000002,2491.94137076001
65.2910000000002,2493.08789915498
65.2920000000001,2493.81732289839
65.2930000000001,2491.78247641555
65.2940000000001,2489.29754368672
65.2950000000001,2487.31929203388
65.296,2486.25124854383
65.297,2486.4450481337
65.298,2488.16923851836
65.2990000000002,2489.1642291695
65.3000000000002,2491.82183378026
65.3010000000002,2496.86014269098
65.3020000000001,2504.28735399212
65.3030000000001,2513.869524752
65.3040000000001,2525.13694829875
65.3050000000001,2534.99539262162
65.306,2545.08114562302
65.307,2555.34283000785
65.3080000000002,2565.26681444716
65.3090000000002,2574.3763267207
65.3100000000002,2582.27908186045
65.3110000000001,2586.25219078156
65.3120000000001,2588.64778331349
65.3130000000001,2590.17886704536
65.3140000000001,2591.17197095217
65.3150000000001,2591.88508364506
65.316,2592.43739574346
65.317,2590.24734316918
65.3180000000002,2587.68348039473
65.3190000000002,2585.05615980524
65.3200000000002,2582.15069017744
65.3210000000001,2578.63524151868
65.3220000000001,2574.12285321542
65.3230000000001,2565.59126633556
65.3240000000001,2555.52523269378
65.325,2544.46756852046
65.326,2532.70593129998
65.3270000000002,2520.54720923654
65.3280000000002,2508.25325780304
65.3290000000002,2492.99739535333
65.3300000000002,2477.92060535435
65.3310000000001,2463.76745837067
65.3320000000001,2450.82834534222
65.3330000000001,2439.20163453148
65.3340000000001,2428.76596706559
65.335,2415.71817995917
65.336,2403.10822870527
65.3370000000002,2391.39368460862
65.3380000000002,2380.7636988402
65.3390000000002,2371.36620668606
65.3400000000001,2363.22987054651
65.3410000000001,2352.44308526882
65.3420000000001,2342.52587343551
65.3430000000001,2334.08328692776
65.3440000000001,2327.41826277432
65.345,2322.69577490594
65.346,2319.85960021005
65.3470000000002,2315.56200140299
65.3480000000002,2312.55023827054
65.3490000000002,2310.71222522721
65.3500000000001,2309.67282755016
65.3510000000001,2309.04106835085
65.3520000000001,2308.48679864612
65.3530000000001,2305.9419234654
65.354,2303.68898054912
65.355,2301.74898844505
65.3560000000002,2299.92764910301
65.3570000000002,2297.92823431987
65.3580000000002,2295.41404388593
65.3590000000002,2290.86370523851
65.3600000000001,2286.0038928592
65.3610000000001,2280.6213896042
65.3620000000001,2274.50892056156
65.3630000000001,2267.67668184283
65.364,2260.47682918255
65.365,2251.6326848527
65.3660000000002,2244.76887517534
65.3670000000002,2240.98494034958
65.3680000000002,2240.98794248525
65.3690000000001,2244.90253334087
65.3700000000001,2252.12158489642
65.3710000000001,2258.76780604082
65.3720000000001,2266.5236306835
65.373,2274.10565076529
65.374,2280.54130960356
65.375,2285.58065923357
65.3760000000002,2289.85068613979
65.3770000000002,2292.26054609435
65.3780000000002,2298.70757695948
65.3790000000001,2312.39565205494
65.3800000000001,2336.18474939712
65.3810000000001,2372.03307404658
65.3820000000001,2420.46223728236
65.383,2478.13536095959
65.384,2546.3776523463
65.3850000000002,2622.9991821554
65.3860000000002,2705.8001386312
65.3870000000002,2793.25713082795
65.3880000000001,2884.79118380437
65.3890000000001,2978.76354411685
65.3900000000001,3079.7584846001
65.3910000000001,3189.54944313464
65.3920000000001,3308.73281235595
65.393,3435.74464478038
65.394,3565.96679649581
65.3950000000002,3689.694251575
65.3960000000002,3800.05929650284
65.3970000000002,3886.15224467208
65.3980000000001,3937.13075522583
65.3990000000001,3943.85280208156
65.4000000000001,3900.01103762539
65.4010000000001,3801.25356738217
65.402,3652.49106655807
65.403,3459.53153615269
65.4040000000002,3230.45153497017
65.4050000000002,2974.17505712426
65.4060000000002,2698.84283976068
65.4070000000002,2409.33357918695
65.4080000000001,2113.84190583576
65.4090000000001,1816.71563851765
65.4100000000001,1521.81261270052
65.4110000000001,1233.62526649283
65.412,957.932435277146
65.413,700.92441360331
65.4140000000002,475.592094285961
65.4150000000002,293.471101272296
65.4160000000002,165.533613264263
65.4170000000001,100.39514145439
65.4180000000001,102.272103798825
65.4190000000001,168.615802195709
65.4200000000001,296.018792460778
65.421,473.672568174436
65.422,687.10333962784
65.423,920.114427874311
65.4240000000002,1156.49154227588
65.4250000000002,1380.83149712257
65.4260000000002,1585.84161618595
65.4270000000001,1765.97482166612
65.4280000000001,1919.4746159708
65.4290000000001,2047.49416672766
65.4300000000001,2152.41314133475
65.431,2235.68008688357
65.432,2302.56318480941
65.4330000000002,2354.85832196674
65.4340000000002,2393.1057546153
65.4350000000002,2416.98838420059
65.4360000000001,2425.50243174709
65.4370000000001,2416.92745176283
65.4380000000001,2394.89965009176
65.4390000000001,2361.9985354614
65.4400000000001,2321.85349327597
65.441,2278.70788732453
65.442,2236.26373130502
65.4430000000002,2196.48897882386
65.4440000000002,2164.56848537577
65.4450000000002,2141.96716932227
65.4460000000001,2128.74982143333
65.4470000000001,2123.85470383328
65.4480000000001,2124.87584607826
65.4490000000001,2128.14816395792
65.45,2134.68689836276
65.451,2143.24470159831
65.4520000000002,2152.93462545704
65.4530000000002,2163.20831369249
65.4540000000002,2172.973346923
65.4550000000002,2180.32889185199
65.4560000000001,2188.2029805536
65.4570000000001,2196.35616842777
65.4580000000001,2204.30506592807
65.4590000000001,2211.47679490052
65.46,2216.5078498757
65.461,2217.50216645995
65.4620000000002,2217.77373652982
65.4630000000002,2217.59903357269
65.4640000000002,2217.19453966273
65.4650000000001,2216.69895600667
65.4660000000001,2215.39584563457
65.4670000000001,2211.84212529236
65.4680000000001,2208.52486205769
65.4690000000001,2205.41086558527
65.47,2202.32501417051
65.471,2199.04252750894
65.4720000000002,2194.83849568725
65.4730000000002,2188.50853066371
65.4740000000002,2181.8465569313
65.4750000000001,2175.48240830262
65.4760000000001,2170.10999819661
65.4770000000001,2166.32343061813
65.4780000000001,2164.0467902505
65.479,2162.30628822553
65.48,2162.0642153884
65.4810000000002,2163.31215250697
65.4820000000002,2165.920025627
65.4830000000002,2169.60206365112
65.4840000000002,2173.28986554161
65.4850000000001,2175.39837537647
65.4860000000001,2177.07747526554
65.4870000000001,2178.20452689702
65.4880000000001,2178.78205503761
65.489,2178.91388149018
65.49,2177.93432489948
65.4910000000002,2175.03568540009
65.4920000000002,2172.61358825893
65.4930000000002,2171.10451131229
65.4940000000001,2170.81190441664
65.4950000000001,2171.8796951009
65.4960000000001,2173.3571656788
65.4970000000001,2174.1342916987
65.498,2176.21017462929
65.499,2179.41836485476
65.5,2183.43469783375
65.5010000000002,2187.82690108699
65.5020000000002,2191.18219068301
65.5030000000002,2192.19801930896
65.5040000000001,2192.68499247443
65.5050000000001,2192.65934096313
65.5060000000001,2192.20090190854
65.5070000000001,2191.44843960161
65.508,2189.63125597886
65.509,2186.18665314378
65.5100000000002,2183.42203851122
65.5110000000002,2181.78312229898
65.5120000000002,2181.55769141774
65.5130000000001,2182.83380126263
65.5140000000001,2184.49059609151
65.5150000000001,2185.54448005855
65.5160000000001,2187.65653444558
65.5170000000001,2190.63625669704
65.518,2194.24451469883
65.519,2198.24850279006
65.5200000000002,2201.41619348797
65.5210000000002,2203.0418314152
65.5220000000002,2205.15715790562
65.5230000000001,2208.03808124661
65.5240000000001,2211.86515540567
65.5250000000001,2216.6620800305
65.5260000000001,2221.17375609777
65.527,2224.53829975711
65.528,2228.30526340289
65.5290000000002,2232.2076751336
65.5300000000002,2235.92519966771
65.5310000000002,2239.16017523321
65.5320000000002,2240.579571373
65.5330000000001,2239.676057533
65.5340000000001,2238.50584699257
65.5350000000001,2237.51894411635
65.5360000000001,2237.12141855755
65.537,2237.58765405305
65.538,2237.8465867406
65.5390000000002,2237.42021319903
65.5400000000002,2237.93063115808
65.5410000000002,2239.23494622815
65.5420000000001,2241.08748480053
65.5430000000001,2243.22016519646
65.5440000000001,2244.23601964766
65.5450000000001,2243.7662996095
65.546,2243.68648729659
65.547,2244.33823677123
65.548,2245.99015159681
65.5490000000002,2248.75193548291
65.5500000000002,2251.29959383149
65.5510000000002,2253.13853868688
65.5520000000001,2255.6127192651
65.5530000000001,2258.40690795045
65.5540000000001,2261.15087619536
65.5550000000001,2263.52054741407
65.556,2264.06309797154
65.557,2262.68148152683
65.5580000000002,2261.3668319018
65.5590000000002,2260.69373928718
65.5600000000002,2261.17526018164
65.5610000000001,2263.13588775096
65.5620000000001,2265.31384313261
65.5630000000001,2267.43079121252
65.5640000000001,2270.7115662316
65.5650000000001,2274.68271409808
65.566,2278.73180308958
65.567,2282.24306432807
65.5680000000002,2283.38534779885
65.5690000000002,2281.97640295702
65.5700000000002,2279.76842372929
65.5710000000001,2277.28017533965
65.5720000000001,2275.09878297032
65.5730000000001,2273.74833864202
65.5740000000001,2272.17774294553
65.575,2270.63140353124
65.576,2270.65492030974
65.5770000000002,2272.12054916536
65.5780000000002,2274.66747325024
65.5790000000002,2277.79656673673
65.5800000000002,2279.52610961851
65.5810000000001,2279.65180324796
65.5820000000001,2279.61188189108
65.5830000000001,2279.60653498578
65.5840000000001,2279.90596205884
65.585,2280.76536286504
65.586,2280.81679433683
65.5870000000002,2280.37761373092
65.5880000000002,2280.97305648678
65.5890000000002,2282.55164155397
65.5900000000001,2284.84202056606
65.5910000000001,2287.39664675572
65.5920000000001,2288.0835859309
65.5930000000001,2286.75298481772
65.5940000000001,2284.61413995623
65.595,2281.63722851248
65.596,2277.87335242389
65.5970000000002,2273.43180667121
65.5980000000002,2266.83114200382
65.5990000000002,2258.72357959122
65.6000000000001,2250.91982233786
65.6010000000001,2243.88770891413
65.6020000000001,2237.99553197822
65.6030000000001,2233.48426913732
65.604,2228.81021805481
65.605,2224.54399677258
65.6060000000002,2222.16097532104
65.6070000000002,2221.75925973196
65.6080000000002,2223.27982062349
65.6090000000002,2226.49933257459
65.6100000000001,2229.37070471043
65.6110000000001,2232.08033844352
65.6120000000001,2235.60356343298
65.6130000000001,2239.65062467366
65.614,2243.87607054291
65.615,2247.90724858467
65.6160000000002,2249.67697817604
65.6170000000002,2249.65272852174
65.6180000000002,2249.12072734026
65.6190000000001,2248.27972086307
65.6200000000001,2247.36605652782
65.6210000000001,2246.62546696292
65.6220000000001,2244.54920518768
65.623,2242.19177657151
65.624,2241.14821428612
65.625,2241.78118037674
65.6260000000002,2244.28501704773
65.6270000000002,2248.6642471011
65.6280000000002,2252.96212736847
65.6290000000001,2257.80607306748
65.6300000000001,2264.18813053853
65.6310000000001,2271.93518433308
65.6320000000001,2280.80577242717
65.633,2290.52073762058
65.634,2298.98348358173
65.6350000000002,2306.96787457563
65.6360000000002,2315.6212175702
65.6370000000002,2325.04333540443
65.6380000000001,2335.26914024402
65.6390000000001,2346.23191158883
65.6400000000001,2355.89540314997
65.6410000000001,2365.08775083815
65.6420000000001,2374.7607388303
65.643,2384.77510010552
65.644,2394.90351699631
65.6450000000002,2404.85788003284
65.6460000000002,2412.43346680799
65.6470000000002,2418.54551509619
65.6480000000001,2424.23629875228
65.6490000000001,2429.59484630961
65.6500000000001,2434.6701956842
65.6510000000001,2439.43670618004
65.652,2441.85963260354
65.653,2443.01908409311
65.6540000000002,2443.86106792387
65.6550000000002,2444.31868908599
65.6560000000002,2444.2288211532
65.6570000000002,2443.36218737539
65.6580000000001,2439.52936598783
65.6590000000001,2433.87990530355
65.6600000000001,2427.45415657337
65.6610000000001,2420.46541336515
65.662,2413.13327085701
65.663,2405.65540786227
65.6640000000002,2396.21816702087
65.6650000000002,2386.36583859434
65.6660000000002,2377.30603854941
65.6670000000001,2369.32968549021
65.6680000000001,2362.60079350525
65.6690000000001,2357.14680180364
65.6700000000001,2350.86444899702
65.671,2345.07138845701
65.672,2340.60199722786
65.673,2337.41284273742
65.6740000000002,2335.34838351651
65.6750000000002,2334.14495793619
65.6760000000002,2331.41496524835
65.6770000000001,2328.38342715159
65.6780000000001,2325.74330716395
65.6790000000001,2323.45143253852
65.6800000000001,2321.47086606473
65.681,2319.77259990558
65.682,2316.26390444806
65.6830000000002,2312.61744864108
65.6840000000002,2309.82581159957
65.6850000000002,2308.08987747344
65.6860000000001,2307.46069760344
65.6870000000001,2307.81038894511
65.6880000000001,2306.74137250494
65.6890000000001,2305.60808485205
65.6900000000001,2304.92289339516
65.691,2304.5166573843
65.692,2304.23957456865
65.6930000000002,2303.99884473623
65.6940000000002,2301.64186531794
65.6950000000002,2299.10922932479
65.6960000000001,2297.45014353619
65.6970000000001,2297.01938860885
65.6980000000001,2298.00190042355
65.6990000000001,2300.3406131381
65.7,2301.52085786118
65.701,2302.95615500615
65.7020000000002,2304.79569752541
65.7030000000002,2306.46451276973
65.7040000000002,2307.34840937843
65.7050000000002,2306.90337446538
65.7060000000001,2302.50234395436
65.7070000000001,2296.12024133089
65.7080000000001,2288.74940424306
65.7090000000001,2280.98368220211
65.71,2273.47639789352
65.711,2266.83344803883
65.7120000000002,2259.21748610993
65.7130000000002,2253.10096380917
65.7140000000002,2249.33630090526
65.7150000000001,2247.95920526342
65.7160000000001,2248.72998186253
65.7170000000001,2251.19509879698
65.7180000000001,2252.45622776277
65.7190000000001,2254.17959501623
65.72,2256.55633428709
65.721,2259.31294655511
65.7220000000002,2262.18919680313
65.7230000000002,2264.93468137335
65.7240000000002,2264.97668727763
65.7250000000001,2264.42379180766
65.7260000000001,2263.79033947718
65.7270000000001,2263.11659468644
65.7280000000001,2262.39166437042
65.729,2261.56200938702
65.73,2258.1901572848
65.7310000000002,2254.60259167083
65.7320000000002,2251.43150192533
65.7330000000002,2248.86670509639
65.7340000000002,2247.00762570853
65.7350000000001,2245.83843050802
65.7360000000001,2242.8399564394
65.7370000000001,2240.23994649707
65.7380000000001,2238.37788197787
65.739,2237.14657665789
65.74,2236.35369976248
65.7410000000002,2235.7491622187
65.7420000000002,2232.65056497138
65.7430000000002,2229.33754387493
65.7440000000001,2226.19987927966
65.7450000000001,2223.30114713403
65.7460000000001,2220.65296471568
65.7470000000001,2218.19335936592
65.748,2213.34181515463
65.749,2208.51744135452
65.75,2204.07235086912
65.7510000000002,2200.03820838248
65.7520000000002,2196.39970212
65.7530000000002,2193.11109230515
65.7540000000001,2187.67662214374
65.7550000000001,2182.72521358349
65.7560000000001,2178.7619330685
65.7570000000001,2176.02022047668
65.758,2174.64406221977
65.759,2174.65535220036
65.7600000000002,2173.5028348396
65.7610000000002,2173.65558208869
65.7620000000002,2175.2175266573
65.7630000000001,2177.95444343274
65.7640000000001,2181.4910718711
65.7650000000001,2185.34409620757
65.7660000000001,2186.51503150288
65.7670000000001,2187.24671499108
65.768,2187.46546720134
65.769,2186.97307448282
65.7700000000002,2185.5992339435
65.7710000000002,2183.21265065833
65.7720000000002,2177.3086939054
65.7730000000001,2170.68602050663
65.7740000000001,2163.79789482553
65.7750000000001,2157.01231203649
65.7760000000001,2150.68944048063
65.777,2145.1578652251
65.778,2138.3136597339
65.7790000000002,2133.16685683114
65.7800000000002,2130.13413671238
65.7810000000002,2129.3760791229
65.7820000000002,2130.8339056109
65.7830000000001,2134.2267840459
65.7840000000001,2136.70186201163
65.7850000000001,2140.49118939699
65.7860000000001,2145.14758036885
65.787,2150.11116629574
65.788,2154.80402326435
65.7890000000002,2158.6653379927
65.7900000000002,2159.00035799539
65.7910000000002,2158.3759866173
65.7920000000001,2156.98793419918
65.7930000000001,2155.10064564574
65.7940000000001,2153.03230742597
65.7950000000001,2151.0355872866
65.796,2147.19346899519
65.797,2144.46330504719
65.798,2143.18114529405
65.7990000000002,2143.44137016628
65.8000000000002,2145.11070317583
65.8010000000002,2147.73899711969
65.8020000000001,2148.71022164577
65.8030000000001,2150.10188921916
65.8040000000001,2151.4962660015
65.8050000000001,2152.39698105995
65.806,2152.30955073999
65.807,2150.65586809216
65.8080000000002,2145.08370780482
65.8090000000002,2138.05161079478
65.8100000000002,2129.77108109783
65.8110000000001,2120.50529904399
65.8120000000001,2110.56712250371
65.8130000000001,2100.11469576735
65.8140000000001,2087.51708668185
65.8150000000001,2075.69078119962
65.816,2065.13609496486
65.817,2056.17866156552
65.8180000000002,2048.96477989794
65.8190000000002,2043.22095989097
65.8200000000002,2036.62285225544
65.8210000000001,2031.55699672125
65.8220000000001,2027.84943174106
65.8230000000001,2025.13944630126
65.8240000000001,2022.89958740565
65.825,2020.14750632148
65.826,2013.71796834682
65.8270000000002,2005.93380490046
65.8280000000002,1996.60963708319
65.8290000000002,1985.6790017859
65.8300000000002,1973.20382978381
65.8310000000001,1958.94322016624
65.8320000000001,1940.40709753038
65.8330000000001,1921.32308537367
65.8340000000001,1902.65227993422
65.835,1885.29152492348
65.836,1869.9262718484
65.8370000000002,1856.51931923972
65.8380000000002,1842.93084204342
65.8390000000002,1831.52296718738
65.8400000000001,1821.99428448987
65.8410000000001,1813.91905531212
65.8420000000001,1806.92754394139
65.8430000000001,1800.5748518019
65.8440000000001,1793.88931924415
65.845,1788.92256083504
65.846,1785.94130797015
65.8470000000002,1784.97941822813
65.8480000000002,1785.77301268284
65.8490000000002,1787.53461139122
65.8500000000001,1788.88849447201
65.8510000000001,1790.25403825921
65.8520000000001,1790.53476535825
65.8530000000001,1788.78469556371
65.854,1784.53487403427
65.855,1777.782283898
65.8560000000002,1768.99505451956
65.8570000000002,1760.89997332683
65.8580000000002,1754.83986936762
65.8590000000002,1751.72769204307
65.8600000000001,1751.80131682976
65.8610000000001,1754.20960644765
65.8620000000001,1756.99204460872
65.8630000000001,1760.10071362167
65.864,1761.80847830838
65.865,1760.74923523137
65.8660000000002,1756.43000291973
65.8670000000002,1749.0836227247
65.8680000000002,1739.43650924536
65.8690000000001,1732.54260443259
65.8700000000001,1731.88951695751
65.8710000000001,1740.59028509806
65.8720000000001,1760.74397879296
65.873,1792.45709390822
65.874,1833.53744446732
65.875,1884.09793476012
65.8760000000002,1941.62626779785
65.8770000000002,2003.73420929999
65.8780000000002,2068.96847927488
65.8790000000001,2136.84794363319
65.8800000000001,2207.99278230333
65.8810000000001,2287.51232509702
65.8820000000001,2379.16092668679
65.883,2485.98024844455
65.884,2609.08721085393
65.8850000000002,2746.10308166413
65.8860000000002,2890.68683371867
65.8870000000002,3035.91571645333
65.8880000000001,3170.2651695396
65.8890000000001,3280.57459788772
65.8900000000001,3353.71059259731
65.8910000000001,3377.74813484624
65.8920000000001,3343.75191489524
65.893,3250.04494386003
65.894,3098.1037863196
65.8950000000002,2893.9883247791
65.8960000000002,2647.53867391927
65.8970000000002,2370.54802457393
65.8980000000001,2075.6640708476
65.8990000000001,1777.96904662343
65.9000000000001,1489.45165020562
65.9010000000001,1219.75194531533
65.902,975.738213245496
65.903,760.840436650355
65.9040000000002,575.745062052224
65.9050000000002,421.60794872973
65.9060000000002,296.455045904119
65.9070000000002,197.272968237457
65.9080000000001,120.566483710556
65.9090000000001,62.2194357606515
65.9100000000001,18.4963464409314
65.9110000000001,-11.0420670591019
65.912,-27.2945532360653
65.913,-30.0317111251222
65.9140000000002,-17.9437368234538
65.9150000000002,10.4565045521562
65.9160000000002,57.1066528423393
65.9170000000001,126.20351873974
65.9180000000001,219.712330595172
65.9190000000001,338.204884685635
65.9200000000001,480.396101318944
65.921,642.215235820624
65.922,817.658668670775
65.923,1001.30763172674
65.9240000000002,1185.24042714685
65.9250000000002,1361.21556124305
65.9260000000002,1521.51601442271
65.9270000000001,1658.99838304995
65.9280000000001,1768.59289587832
65.9290000000001,1849.58757019973
65.9300000000001,1902.08590289752
65.931,1928.12668422195
65.932,1931.24227332162
65.9330000000002,1915.14724845165
65.9340000000002,1884.22422852674
65.9350000000002,1844.81223837658
65.9360000000001,1801.34127216213
65.9370000000001,1757.45390687165
65.9380000000001,1715.92374198586
65.9390000000001,1677.82819618219
65.9400000000001,1643.99846744776
65.941,1616.79595943327
65.942,1596.55792544916
65.9430000000002,1583.18980328565
65.9440000000002,1576.25952237755
65.9450000000002,1574.04041028783
65.9460000000001,1575.35143537028
65.9470000000001,1581.06700260181
65.9480000000001,1590.10406967116
65.9490000000001,1601.24028438645
65.95,1613.25445923261
65.951,1623.84036223998
65.9520000000002,1632.01776976126
65.9530000000002,1639.39249439571
65.9540000000002,1645.68430474673
65.9550000000002,1650.71445808692
65.9560000000001,1654.4393499634
65.9570000000001,1655.90774600769
65.9580000000001,1655.17431883482
65.9590000000001,1654.25731652002
65.96,1653.50754323393
65.961,1653.10420802963
65.9620000000002,1653.06658266654
65.9630000000002,1652.59914892083
65.9640000000002,1651.2245408782
65.9650000000001,1649.85941187276
65.9660000000001,1648.63203589264
65.9670000000001,1647.67751421885
65.9680000000001,1647.08087125495
65.9690000000001,1646.29928488541
65.97,1644.84594986308
65.971,1643.35548481483
65.9720000000002,1641.99175772013
65.9730000000002,1640.92114016249
65.9740000000002,1640.24046422324
65.9750000000001,1639.3898439876
65.9760000000001,1637.86200336562
65.9770000000001,1636.21188107603
65.9780000000001,1634.56718697243
65.979,1633.0742679351
65.98,1631.83400996006
65.9810000000002,1630.15241207305
65.9820000000002,1627.74436585736
65.9830000000002,1625.4684761779
65.9840000000002,1623.52598258266
65.9850000000001,1622.12909245377
65.9860000000001,1621.45039235174
65.9870000000001,1620.57529166864
65.9880000000001,1619.54329127393
65.989,1619.5513213963
65.99,1620.61806038565
65.9910000000002,1622.64590797877
65.9920000000002,1625.4423144099
65.9930000000002,1627.62824431554
65.9940000000001,1629.10838496699
65.9950000000001,1631.00610429853
65.9960000000001,1633.28320582123
65.9970000000001,1635.89000646875
65.998,1638.77777679769
65.999,1640.81153493418
66,1642.15490478237
66.0010000000002,1644.07713974367
66.0020000000002,1646.75907591238
66.0030000000002,1650.28452191612
66.0040000000001,1654.61207909798
66.0050000000001,1658.46826547745
66.0060000000001,1661.78814587538
66.0070000000001,1665.44851528498
66.008,1669.29370163315
66.009,1673.12626333868
66.0100000000002,1676.72932820053
66.0110000000002,1678.74777644511
66.0120000000002,1679.29987623999
66.0130000000001,1679.48417426614
66.0140000000001,1679.46278603872
66.0150000000001,1679.38828714715
66.0160000000001,1679.37274296777
66.0170000000001,1678.29127978799
66.018,1676.50433672244
66.019,1675.14396912574
66.0200000000002,1674.33176457417
66.0210000000002,1674.11490805761
66.0220000000002,1674.47561134403
66.0230000000001,1674.14685470421
66.0240000000001,1673.47483133698
66.0250000000001,1673.52723246857
66.0260000000001,1674.42625372393
66.027,1676.22616137236
66.028,1678.88936644026
66.0290000000002,1681.04762347411
66.0300000000002,1682.96158084115
66.0310000000002,1685.45184317045
66.0320000000002,1688.38299862981
66.0330000000001,1691.55078753579
66.0340000000001,1694.70776465438
66.0350000000001,1696.35063046408
66.0360000000001,1696.81676958463
66.037,1697.04745040762
66.038,1697.18969065531
66.0390000000002,1697.41231070067
66.0400000000002,1697.87669426205
66.0410000000002,1697.44139246873
66.0420000000001,1696.79936765249
66.0430000000001,1697.01969050828
66.0440000000001,1698.25562836935
66.0450000000001,1700.52814593597
66.046,1703.72254686752
66.047,1706.31988678883
66.048,1708.68675125403
66.0490000000002,1711.50331301246
66.0500000000002,1714.65254957912
66.0510000000002,1718.00635490439
66.0520000000001,1721.43937054309
66.0530000000001,1723.52993476808
66.0540000000001,1724.9424490135
66.0550000000001,1726.62952608693
66.056,1728.79335378788
66.057,1731.59036361034
66.0580000000002,1735.0974801761
66.0590000000002,1737.93515878301
66.0600000000002,1740.78634674496
66.0610000000001,1744.40137724243
66.0620000000001,1748.68877618065
66.0630000000001,1753.43595688079
66.0640000000001,1758.32485434122
66.0650000000001,1761.55706627317
66.066,1763.6079697355
66.067,1765.06466839822
66.0680000000002,1765.84718484335
66.0690000000002,1765.91671071025
66.0700000000002,1765.27391968434
66.0710000000001,1762.48461281755
66.0720000000001,1758.58842492022
66.0730000000001,1754.6503691406
66.0740000000001,1751.02436350207
66.075,1747.99331037387
66.076,1745.72942011661
66.0770000000002,1742.73753006894
66.0780000000002,1739.97750108053
66.0790000000002,1738.22340209849
66.0800000000002,1737.46941085429
66.0810000000001,1737.59915931788
66.0820000000001,1738.39355556567
66.0830000000001,1737.95676858343
66.0840000000001,1737.06831670886
66.085,1736.34517500474
66.086,1735.75993925991
66.0870000000002,1735.2753628033
66.0880000000002,1734.82704172626
66.0890000000002,1732.67486158617
66.0900000000001,1729.88659150554
66.0910000000001,1727.25734119445
66.0920000000001,1724.93220345228
66.0930000000001,1723.00075193556
66.0940000000001,1721.47400487401
66.095,1718.60585284963
66.096,1715.51718902116
66.0970000000002,1712.90977183783
66.0980000000002,1710.83481310862
66.0990000000002,1709.26943595098
66.1000000000001,1708.10754932599
66.1010000000001,1705.47541154837
66.1020000000001,1702.47754187202
66.1030000000001,1699.73460167173
66.104,1697.29951220828
66.105,1695.20777770438
66.1060000000002,1693.46954553703
66.1070000000002,1690.35566903799
66.1080000000002,1687.23850836987
66.1090000000002,1684.91088434885
66.1100000000001,1683.60863706137
66.1110000000001,1683.49955136825
66.1120000000001,1684.65201373364
66.1130000000001,1685.27388203012
66.114,1686.69438231484
66.115,1689.47718170076
66.1160000000002,1693.60225337908
66.1170000000002,1698.95807943198
66.1180000000002,1705.34654395695
66.1190000000001,1710.722568397
66.1200000000001,1716.34221363704
66.1210000000001,1722.6755584537
66.1220000000001,1729.7248500049
66.123,1737.47609261369
66.124,1745.88401089498
66.125,1753.04773823528
66.1260000000002,1760.48933034455
66.1270000000002,1768.80930280646
66.1280000000002,1778.12321364546
66.1290000000001,1788.472032492
66.1300000000001,1799.80253628295
66.1310000000001,1810.11793728957
66.1320000000001,1820.88826309614
66.133,1832.51865820444
66.134,1844.93426033585
66.1350000000002,1857.97421622228
66.1360000000002,1871.38726929828
66.1370000000002,1882.97307080187
66.1380000000001,1894.10605160945
66.1390000000001,1905.04361010258
66.1400000000001,1915.6397571825
66.1410000000001,1925.70689137714
66.1420000000001,1935.01197513782
66.143,1941.38884439467
66.144,1946.3903463501
66.1450000000002,1950.40632096757
66.1460000000002,1953.50477043295
66.1470000000002,1955.75524603044
66.1480000000001,1957.21176295433
66.1490000000001,1955.97015660191
66.1500000000001,1953.93311345796
66.1510000000001,1951.6966098871
66.152,1949.49307961449
66.153,1947.46205556153
66.1540000000002,1945.62437795808
66.1550000000002,1941.91321174802
66.1560000000002,1938.1001729852
66.1570000000002,1934.52734456916
66.1580000000001,1931.22173507416
66.1590000000001,1928.17446536417
66.1600000000001,1925.34291310519
66.1610000000001,1920.66354525456
66.162,1916.08220898527
66.163,1912.07346163064
66.1640000000002,1908.83434764654
66.1650000000002,1906.48146963952
66.1660000000002,1905.01209084728
66.1670000000001,1902.27424786627
66.1680000000001,1900.09821749449
66.1690000000001,1898.67873052056
66.1700000000001,1897.93774151931
66.171,1897.74308081722
66.172,1897.91895274848
66.173,1896.21955764249
66.1740000000002,1894.59151932417
66.1750000000002,1893.34880641068
66.1760000000002,1892.61968041111
66.1770000000001,1892.47783867388
66.1780000000001,1892.8984370305
66.1790000000001,1891.64974814748
66.1800000000001,1890.71355870726
66.181,1890.22934729642
66.182,1890.12668767966
66.1830000000002,1890.28162602583
66.1840000000002,1890.52965390921
66.1850000000002,1888.55508797155
66.1860000000001,1886.51968499913
66.1870000000001,1884.72341102191
66.1880000000001,1883.3574304955
66.1890000000001,1882.5762891788
66.1900000000001,1882.45179535783
66.191,1880.75927563574
66.192,1879.78694094178
66.1930000000002,1879.68956662669
66.1940000000002,1880.43461542594
66.1950000000002,1881.89154735932
66.1960000000001,1883.84495066607
66.1970000000001,1883.77648877668
66.1980000000001,1883.96143064322
66.1990000000001,1884.49837355357
66.2,1885.43659479022
66.201,1886.81043393023
66.2020000000002,1888.61431346848
66.2030000000002,1888.4688969043
66.2040000000002,1888.9492926443
66.2050000000002,1890.22109048678
66.2060000000001,1892.34487055522
66.2070000000001,1895.28142960788
66.2080000000001,1898.84990456309
66.2090000000001,1900.52940672638
66.21,1902.70396997789
66.211,1905.36369667034
66.2120000000002,1908.42611612444
66.2130000000002,1911.75236073698
66.2140000000002,1915.07434689561
66.2150000000001,1915.9174445048
66.2160000000001,1916.68451025222
66.2170000000001,1917.45067788829
66.2180000000001,1918.25262229255
66.2190000000001,1919.09458339076
66.22,1919.83029651347
66.221,1918.21219254751
66.2220000000002,1916.76104777673
66.2230000000002,1915.69486015238
66.2240000000002,1915.1699352365
66.2250000000001,1915.27563832903
66.2260000000001,1915.8714268628
66.2270000000001,1914.75661704823
66.2280000000001,1914.36392159624
66.229,1914.80655773882
66.23,1916.09253570082
66.2310000000002,1918.12651636105
66.2320000000002,1920.52356662688
66.2330000000002,1920.91855117445
66.2340000000002,1921.54612550336
66.2350000000001,1922.39339253483
66.2360000000001,1923.41826938268
66.2370000000001,1924.56242523843
66.2380000000001,1925.52974324372
66.239,1924.24119092125
66.24,1923.10212230538
66.2410000000002,1922.31526656399
66.2420000000002,1922.01176047176
66.2430000000002,1922.23424316678
66.2440000000001,1922.66904672545
66.2450000000001,1921.27329235829
66.2460000000001,1920.25378777239
66.2470000000001,1919.63767901273
66.248,1919.39295826845
66.249,1919.45497218907
66.25,1919.46054476417
66.2510000000002,1917.55278377144
66.2520000000002,1916.04010928858
66.2530000000002,1915.16216379254
66.2540000000001,1915.10865134754
66.2550000000001,1915.99900120179
66.2560000000001,1917.54941800141
66.2570000000001,1918.02505622622
66.258,1919.55673929115
66.259,1922.17374443884
66.2600000000002,1925.80046234782
66.2610000000002,1930.2878187759
66.2620000000002,1935.10220293487
66.2630000000001,1938.46868340936
66.2640000000001,1942.43663258951
66.2650000000001,1947.09138395916
66.2660000000001,1952.47745020987
66.2670000000001,1958.58628307399
66.268,1964.96407004431
66.269,1969.95063211476
66.2700000000002,1975.51181756046
66.2710000000002,1981.57901817081
66.2720000000002,1987.9694218076
66.2730000000001,1994.42163082732
66.2740000000001,2000.23049203577
66.2750000000001,2003.682571305
66.2760000000001,2006.75814185938
66.277,2009.5991957839
66.278,2012.40586979973
66.2790000000002,2015.43306586698
66.2800000000002,2018.52263646958
66.2810000000002,2020.58442473715
66.2820000000002,2023.99184960024
66.2830000000001,2029.09328409083
66.2840000000001,2036.01515747344
66.2850000000001,2044.63404268192
66.2860000000001,2054.09927528209
66.287,2062.51870824651
66.288,2071.23702113645
66.2890000000002,2079.6293192618
66.2900000000002,2087.00274296666
66.2910000000002,2092.690350148
66.2920000000001,2095.62849956396
66.2930000000001,2094.2178802987
66.2940000000001,2090.40304429868
66.2950000000001,2084.50966928664
66.296,2077.00527551522
66.297,2068.44484009701
66.298,2058.83881395693
66.2990000000002,2047.48320302868
66.3000000000002,2036.88678524953
66.3010000000002,2027.51452895054
66.3020000000001,2019.55153078631
66.3030000000001,2012.8932583227
66.3040000000001,2006.51142514812
66.3050000000001,1998.50366327581
66.306,1990.54445221447
66.307,1982.36004317909
66.3080000000002,1973.71491422125
66.3090000000002,1964.43750040079
66.3100000000002,1953.61442870237
66.3110000000001,1939.65701341339
66.3120000000001,1925.28997287712
66.3130000000001,1911.19680696373
66.3140000000001,1898.06155159942
66.3150000000001,1886.44080695361
66.316,1875.70728272245
66.317,1864.20045554857
66.3180000000002,1854.56776005864
66.3190000000002,1847.03029659912
66.3200000000002,1841.65199330927
66.3210000000001,1838.31376079314
66.3220000000001,1835.87723890944
66.3230000000001,1832.64467115666
66.3240000000001,1830.35271312743
66.325,1828.78959076466
66.326,1827.77190338011
66.3270000000002,1827.19147253725
66.3280000000002,1826.51273503975
66.3290000000002,1825.36431487619
66.3300000000002,1825.19570312223
66.3310000000001,1825.97493600326
66.3320000000001,1827.47406480842
66.3330000000001,1829.32541121336
66.3340000000001,1830.71988633317
66.335,1831.1916096111
66.336,1831.40882239206
66.3370000000002,1830.98550565561
66.3380000000002,1829.6214223652
66.3390000000002,1827.23748680035
66.3400000000001,1823.63361822978
66.3410000000001,1819.25683555238
66.3420000000001,1815.76744513355
66.3430000000001,1813.61035642429
66.3440000000001,1812.94825143983
66.345,1813.65058745625
66.346,1814.67067899979
66.3470000000002,1815.15596459317
66.3480000000002,1816.19561241945
66.3490000000002,1817.59500077365
66.3500000000001,1819.40115948182
66.3510000000001,1822.02779090027
66.3520000000001,1825.38940874807
66.3530000000001,1830.11542383152
66.354,1839.62563247946
66.355,1855.729318026
66.3560000000002,1880.02479428839
66.3570000000002,1913.70164762853
66.3580000000002,1956.45815619368
66.3590000000002,2007.84920954975
66.3600000000001,2069.33563630112
66.3610000000001,2140.3742666628
66.3620000000001,2220.17981489868
66.3630000000001,2307.917249889
66.364,2401.92614852848
66.365,2501.24701984704
66.3660000000002,2607.17086513955
66.3670000000002,2719.38819223373
66.3680000000002,2837.1519808488
66.3690000000001,2958.91748553563
66.3700000000001,3081.03881189501
66.3710000000001,3199.0520629133
66.3720000000001,3308.92460213705
66.373,3403.67430665091
66.374,3475.12189638695
66.375,3514.52475583176
66.3760000000002,3512.47911755857
66.3770000000002,3461.62580108435
66.3780000000002,3358.9172645752
66.3790000000001,3203.17030963035
66.3800000000001,2996.97966393011
66.3810000000001,2746.83389191167
66.3820000000001,2461.71685221014
66.383,2154.01981387182
66.384,1839.30827468972
66.3850000000002,1531.62373463884
66.3860000000002,1243.30050051661
66.3870000000002,983.731820012665
66.3880000000001,757.581566911206
66.3890000000001,566.567561358996
66.3900000000001,410.786144741595
66.3910000000001,286.661323211206
66.3920000000001,189.524471309412
66.393,114.967950106183
66.394,58.9173597198737
66.3950000000002,20.3936704078972
66.3960000000002,2.27543222586901
66.3970000000002,7.92563589735751
66.3980000000001,41.4955526527211
66.3990000000001,106.7242124361
66.4000000000001,204.647661086547
66.4010000000001,334.870007217665
66.402,495.52587737658
66.403,680.561103496135
66.4040000000002,881.51574579195
66.4050000000002,1088.48425533469
66.4060000000002,1290.14365428151
66.4070000000002,1477.23412116601
66.4080000000001,1643.73204715982
66.4090000000001,1784.76321232257
66.4100000000001,1897.93639246217
66.4110000000001,1983.12269091146
66.412,2040.80156216214
66.413,2073.94609211296
66.4140000000002,2087.47756954695
66.4150000000002,2085.25326473045
66.4160000000002,2070.90548664426
66.4170000000001,2047.69152887821
66.4180000000001,2017.23818668848
66.4190000000001,1982.32423816693
66.4200000000001,1946.73000919193
66.421,1912.78880983999
66.422,1882.50136910612
66.423,1857.43149512814
66.4240000000002,1837.19139894719
66.4250000000002,1822.59177973792
66.4260000000002,1814.97916734641
66.4270000000001,1813.78009227845
66.4280000000001,1817.93414897065
66.4290000000001,1826.10018144017
66.4300000000001,1835.22926748517
66.431,1844.72355767568
66.432,1855.27628837071
66.4330000000002,1866.25638279301
66.4340000000002,1877.18004074762
66.4350000000002,1887.69142610662
66.4360000000001,1895.68401896428
66.4370000000001,1901.85710020397
66.4380000000001,1907.82132784415
66.4390000000001,1913.42522002529
66.4400000000001,1918.39757588875
66.441,1922.45469367191
66.442,1923.78600410621
66.4430000000002,1923.05044021089
66.4440000000002,1921.8648305864
66.4450000000002,1920.58558476824
66.4460000000001,1919.50178704611
66.4470000000001,1918.79188795647
66.4480000000001,1917.38885025955
66.4490000000001,1915.44360072301
66.45,1913.88324639543
66.451,1912.91814549202
66.4520000000002,1912.71541387594
66.4530000000002,1913.34641514036
66.4540000000002,1913.85224065121
66.4550000000002,1914.06979982673
66.4560000000001,1914.64303261371
66.4570000000001,1915.80383701406
66.4580000000001,1917.76970488025
66.4590000000001,1920.63883020921
66.46,1923.36013773894
66.461,1925.74099697617
66.4620000000002,1928.28937239478
66.4630000000002,1931.07082048267
66.4640000000002,1934.16160285468
66.4650000000001,1937.58312096865
66.4660000000001,1939.92879324983
66.4670000000001,1941.55457709876
66.4680000000001,1943.33459234766
66.4690000000001,1945.39253168452
66.47,1947.81994946909
66.471,1950.63874403411
66.4720000000002,1952.14495085917
66.4730000000002,1953.10732719091
66.4740000000002,1954.55401936171
66.4750000000001,1956.51712218738
66.4760000000001,1958.96491316051
66.4770000000001,1961.81750195247
66.4780000000001,1963.28597687277
66.479,1964.26695563277
66.48,1965.87220318249
66.4810000000002,1968.28015596732
66.4820000000002,1971.59054778585
66.4830000000002,1975.79278955312
66.4840000000002,1979.09445450196
66.4850000000001,1982.26115885432
66.4860000000001,1986.12802665345
66.4870000000001,1990.64106685782
66.4880000000001,1995.67705793856
66.489,2001.05146816979
66.49,2004.85104530032
66.4910000000002,2007.91789927252
66.4920000000002,2011.16042449553
66.4930000000002,2014.71720156784
66.4940000000001,2018.70108455862
66.4950000000001,2023.15909870938
66.4960000000001,2026.29815074025
66.4970000000001,2029.15517392623
66.498,2032.59733118995
66.499,2036.63067752232
66.5,2041.1512805429
66.5010000000002,2045.95072231679
66.5020000000002,2048.93512418235
66.5030000000002,2051.0700041486
66.5040000000001,2053.14962756707
66.5050000000001,2055.26540251474
66.5060000000001,2057.53064615198
66.5070000000001,2060.05787999035
66.508,2061.08772074887
66.509,2062.02986301964
66.5100000000002,2063.94042270518
66.5110000000002,2067.07487439998
66.5120000000002,2071.53786622166
66.5130000000001,2077.24591922021
66.5140000000001,2082.05787982867
66.5150000000001,2086.95671827666
66.5160000000001,2092.39608703664
66.5170000000001,2098.0906170074
66.518,2103.70650600365
66.519,2108.89291410483
66.5200000000002,2111.42799431677
66.5210000000002,2112.5413174532
66.5220000000002,2113.01193849583
66.5230000000001,2113.05370683087
66.5240000000001,2112.8933177731
66.5250000000001,2112.71999520994
66.5260000000001,2110.71095074863
66.527,2108.48864698992
66.528,2106.94163051089
66.5290000000002,2106.2647986208
66.5300000000002,2106.53862031812
66.5310000000002,2107.72574383962
66.5320000000002,2107.72578974907
66.5330000000001,2107.99092879056
66.5340000000001,2109.15650273657
66.5350000000001,2111.24596506324
66.5360000000001,2114.20812682945
66.537,2117.89991162192
66.538,2120.09384540209
66.5390000000002,2122.22139507818
66.5400000000002,2124.77194749701
66.5410000000002,2127.6560310504
66.5420000000001,2130.72438986964
66.5430000000001,2133.77343910195
66.5440000000001,2134.51885145241
66.5450000000001,2134.56329610902
66.546,2134.53168869418
66.547,2134.57559173332
66.548,2134.83953618557
66.5490000000002,2135.43428413725
66.5500000000002,2134.30937202025
66.5510000000002,2133.42020866877
66.5520000000001,2133.53867234988
66.5530000000001,2134.89444648563
66.5540000000001,2137.60271429817
66.5550000000001,2141.63910726924
66.556,2144.64892189417
66.557,2148.39557418301
66.5580000000002,2153.28031146577
66.5590000000002,2159.16753514089
66.5600000000002,2165.80494951338
66.5610000000001,2172.81783120335
66.5620000000001,2177.45875252568
66.5630000000001,2181.34416859093
66.5640000000001,2184.6659437999
66.5650000000001,2187.19944528091
66.566,2188.70902955537
66.567,2188.95652320542
66.5680000000002,2185.39178028839
66.5690000000002,2180.14433592772
66.5700000000002,2173.91769313359
66.5710000000001,2167.13997709328
66.5720000000001,2160.29183164438
66.5730000000001,2153.85081227164
66.5740000000001,2145.85089395931
66.575,2138.99388836298
66.576,2134.17849004182
66.5770000000002,2131.75979880171
66.5780000000002,2131.81419959498
66.5790000000002,2134.09929277643
66.5800000000002,2135.62961056304
66.5810000000001,2138.08659425303
66.5820000000001,2141.19530796781
66.5830000000001,2144.30885293009
66.5840000000001,2146.77887098607
66.585,2148.02601915276
66.586,2145.14444283016
66.5870000000002,2140.44888805738
66.5880000000002,2134.55101248807
66.5890000000002,2127.97955140286
66.5900000000001,2121.3513980822
66.5910000000001,2115.26964299552
66.5920000000001,2107.73505038597
66.5930000000001,2101.72331374886
66.5940000000001,2097.9630234876
66.595,2096.71104165134
66.596,2097.94333154589
66.5970000000002,2101.36173108788
66.5980000000002,2103.91920896263
66.5990000000002,2107.68019091901
66.6000000000001,2112.50407788271
66.6010000000001,2118.08453854985
66.6020000000001,2124.15818390876
66.6030000000001,2130.51442554974
66.604,2134.44115261155
66.605,2138.64102327056
66.6060000000002,2143.55654539682
66.6070000000002,2149.4553756085
66.6080000000002,2156.50070557261
66.6090000000002,2164.69617349438
66.6100000000001,2171.26914886135
66.6110000000001,2178.78766529261
66.6120000000001,2187.29589249773
66.6130000000001,2196.65139031345
66.614,2206.64905766457
66.615,2217.04177368579
66.6160000000002,2224.91374045187
66.6170000000002,2233.00799252342
66.6180000000002,2241.53741834654
66.6190000000001,2250.62601185644
66.6200000000001,2260.31183652367
66.6210000000001,2270.49267964378
66.6220000000001,2278.18260522717
66.623,2286.09229230183
66.624,2294.12427550775
66.625,2302.07662259703
66.6260000000002,2309.69127558332
66.6270000000002,2316.64000905198
66.6280000000002,2319.98139219382
66.6290000000001,2322.57425870608
66.6300000000001,2324.64329138558
66.6310000000001,2326.40209762061
66.6320000000001,2328.01745550758
66.633,2329.47269901149
66.634,2328.1533547413
66.6350000000002,2326.89245778061
66.6360000000002,2325.81508535035
66.6370000000002,2324.94345177225
66.6380000000001,2324.23566291198
66.6390000000001,2323.4862456131
66.6400000000001,2320.13842428355
66.6410000000001,2317.0700178434
66.6420000000001,2314.61228359307
66.643,2313.04088876992
66.644,2312.52887699435
66.6450000000002,2312.92203130858
66.6460000000002,2311.63492005831
66.6470000000002,2311.23989887848
66.6480000000001,2311.61167966925
66.6490000000001,2312.47784295553
66.6500000000001,2313.47610664373
66.6510000000001,2313.99924834037
66.652,2311.33369166938
66.653,2308.06557187599
66.6540000000002,2304.39012628834
66.6550000000002,2300.55967153509
66.6560000000002,2296.84479675912
66.6570000000002,2293.22750936672
66.6580000000001,2287.59183925353
66.6590000000001,2282.82762273495
66.6600000000001,2279.25842562267
66.6610000000001,2277.06061060572
66.662,2276.26771425871
66.663,2276.48599543127
66.6640000000002,2275.30522893128
66.6650000000002,2275.26740814934
66.6660000000002,2276.42082125026
66.6670000000001,2278.73749374368
66.6680000000001,2282.11052600486
66.6690000000001,2286.01213590027
66.6700000000001,2288.05523146546
66.671,2290.71245950827
66.672,2294.00372316058
66.673,2297.9051329815
66.6740000000002,2302.36418749439
66.6750000000002,2306.92389619666
66.6760000000002,2309.43327973667
66.6770000000001,2312.55983808397
66.6780000000001,2316.49384034296
66.6790000000001,2321.30251626013
66.6800000000001,2326.89907197737
66.681,2332.59559400319
66.682,2335.97509005034
66.6830000000002,2339.29692170823
66.6840000000002,2342.31921572899
66.6850000000002,2344.75607964419
66.6860000000001,2346.34133385012
66.6870000000001,2346.40674325311
66.6880000000001,2342.95113559383
66.6890000000001,2338.77926740178
66.6900000000001,2334.36197758546
66.691,2330.16460937803
66.692,2326.58920851286
66.6930000000002,2323.40397902874
66.6940000000002,2318.91253740555
66.6950000000002,2315.82985710321
66.6960000000001,2314.3221601948
66.6970000000001,2314.38124482114
66.6980000000001,2315.86726787742
66.6990000000001,2317.99535142066
66.7,2318.74554280346
66.701,2320.55759854283
66.7020000000002,2323.5057027462
66.7030000000002,2327.59866458528
66.7040000000002,2332.75794373639
66.7050000000002,2338.1968776507
66.7060000000001,2341.95048398711
66.7070000000001,2346.30616852759
66.7080000000001,2351.16547105614
66.7090000000001,2356.35207657576
66.71,2361.65142781719
66.711,2366.20297400584
66.7120000000002,2368.23061820298
66.7130000000002,2370.23262680849
66.7140000000002,2372.45021272642
66.7150000000001,2375.07064096903
66.7160000000001,2378.18179871135
66.7170000000001,2381.04034055608
66.7180000000001,2381.91169369414
66.7190000000001,2383.06559970919
66.72,2384.39998124108
66.721,2385.69144340325
66.7220000000002,2386.64645412775
66.7230000000002,2386.22070435711
66.7240000000002,2382.70090466553
66.7250000000001,2378.54402380371
66.7260000000001,2374.11680712415
66.7270000000001,2369.85884614351
66.7280000000001,2366.23257714831
66.729,2362.88016607494
66.73,2358.75752511094
66.7310000000002,2356.56250456491
66.7320000000002,2356.61357063636
66.7330000000002,2358.95251733048
66.7340000000002,2363.33811302905
66.7350000000001,2368.4578581192
66.7360000000001,2372.36741617186
66.7370000000001,2376.75066101902
66.7380000000001,2381.12812223171
66.739,2385.02176975945
66.74,2388.01656534622
66.7410000000002,2388.94539113938
66.7420000000002,2386.47752890839
66.7430000000002,2383.06562663566
66.7440000000001,2379.17667512813
66.7450000000001,2375.30944372122
66.7460000000001,2371.93305396328
66.7470000000001,2368.52816822517
66.748,2364.27777420924
66.749,2361.68808113971
66.75,2361.01805230422
66.7510000000002,2362.30312487558
66.7520000000002,2365.37401499206
66.7530000000002,2368.97547594218
66.7540000000001,2371.71243777713
66.7550000000001,2375.38360529622
66.7560000000001,2379.76903804563
66.7570000000001,2384.60301901382
66.758,2389.59839242537
66.759,2393.52248337261
66.7600000000002,2395.27261542466
66.7610000000002,2396.85562267356
66.7620000000002,2398.37586322331
66.7630000000001,2399.91739610688
66.7640000000001,2401.54869218776
66.7650000000001,2402.34532579329
66.7660000000001,2401.63205709899
66.7670000000001,2401.70361229621
66.768,2402.95225519541
66.769,2405.70093564992
66.7700000000002,2410.18274471044
66.7710000000002,2415.49001561654
66.7720000000002,2420.96214950317
66.7730000000001,2428.62428989658
66.7740000000001,2438.45184514553
66.7750000000001,2450.18334944252
66.7760000000001,2463.33194817284
66.777,2476.15030252309
66.778,2487.26065174377
66.7790000000002,2497.90897089923
66.7800000000002,2507.48473223591
66.7810000000002,2515.37216690242
66.7820000000002,2521.01952151451
66.7830000000001,2522.89375878009
66.7840000000001,2520.27572073211
66.7850000000001,2515.2213471755
66.7860000000001,2508.17330519409
66.787,2499.67876953369
66.788,2490.34796049607
66.7890000000002,2479.65463769628
66.7900000000002,2467.79070162898
66.7910000000002,2457.31814197052
66.7920000000001,2448.88887910261
66.7930000000001,2442.90509762268
66.7940000000001,2439.49510860356
66.7950000000001,2437.25871610878
66.796,2435.44021578642
66.797,2435.59423834464
66.798,2437.33341918963
66.7990000000002,2440.09727274458
66.8000000000002,2443.18587847611
66.8010000000002,2444.34360812535
66.8020000000001,2442.35333902324
66.8030000000001,2438.84456289976
66.8040000000001,2433.67950197592
66.8050000000001,2426.81854067458
66.806,2418.28760903416
66.807,2406.4303199803
66.8080000000002,2390.87801821167
66.8090000000002,2374.43325773324
66.8100000000002,2357.94461106353
66.8110000000001,2342.22410076453
66.8120000000001,2327.91939863135
66.8130000000001,2313.64090501818
66.8140000000001,2299.12412136177
66.8150000000001,2286.79960576543
66.816,2276.94984795211
66.817,2269.68172712144
66.8180000000002,2264.91763459839
66.8190000000002,2260.99631680877
66.8200000000002,2257.49469925845
66.8210000000001,2255.75123369198
66.8220000000001,2255.39172406222
66.8230000000001,2255.94080384215
66.8240000000001,2256.89689545172
66.825,2256.96889408068
66.826,2256.18770541288
66.8270000000002,2255.30090787107
66.8280000000002,2253.96775993604
66.8290000000002,2251.88433967108
66.8300000000002,2248.91200764326
66.8310000000001,2244.47265690894
66.8320000000001,2239.47610773838
66.8330000000001,2235.25510153182
66.8340000000001,2232.10345548023
66.835,2230.11068271827
66.836,2229.17803872861
66.8370000000002,2228.01476304444
66.8380000000002,2226.78179266218
66.8390000000002,2226.33652738761
66.8400000000001,2226.32922682011
66.8410000000001,2226.43373696135
66.8420000000001,2226.48450489157
66.8430000000001,2225.08283818866
66.8440000000001,2223.10179810211
66.845,2222.97569617707
66.846,2225.90459632422
66.8470000000002,2233.0966814341
66.8480000000002,2245.63646810499
66.8490000000002,2262.73729195548
66.8500000000001,2285.48510337034
66.8510000000001,2316.01047821791
66.8520000000001,2354.81431827842
66.8530000000001,2402.24949735923
66.854,2458.60994480867
66.855,2522.59187472135
66.8560000000002,2595.06450981924
66.8570000000002,2677.86121799813
66.8580000000002,2771.21589130454
66.8590000000002,2874.85128878497
66.8600000000001,2987.7861916054
66.8610000000001,3106.5955514293
66.8620000000001,3229.22264681873
66.8630000000001,3353.61506471337
66.864,3475.67195762575
66.865,3590.6665543895
66.8660000000002,3693.48573859413
66.8670000000002,3777.22377267129
66.8680000000002,3837.45387303397
66.8690000000001,3870.78210301056
66.8700000000001,3872.94015995841
66.8710000000001,3840.0993177477
66.8720000000001,3769.02691569923
66.873,3655.63078967377
66.874,3499.41278794492
66.875,3302.01355553773
66.8760000000002,3065.67092245643
66.8770000000002,2794.60572451144
66.8780000000002,2495.12919223685
66.8790000000001,2173.85495252341
66.8800000000001,1841.62280889658
66.8810000000001,1510.93778079279
66.8820000000001,1193.5252738265
66.883,900.559854129463
66.884,641.850039479028
66.8850000000002,423.455231283813
66.8860000000002,251.669729439639
66.8870000000002,130.658556720511
66.8880000000001,61.0716786704035
66.8890000000001,41.4232466590521
66.8900000000001,68.5639008052864
66.8910000000001,136.430489754919
66.8920000000001,241.019918999974
66.893,378.228128567718
66.894,542.639876524612
66.8950000000002,728.527136203859
66.8960000000002,929.791872474576
66.8970000000002,1138.14173278612
66.8980000000001,1347.82380946891
66.8990000000001,1553.11331109189
66.9000000000001,1747.4243846398
66.9010000000001,1924.65585173881
66.902,2079.62648644967
66.903,2206.6503372947
66.9040000000002,2304.68158174584
66.9050000000002,2374.50677859835
66.9060000000002,2417.62892648599
66.9070000000002,2436.91182847059
66.9080000000001,2436.18005963976
66.9090000000001,2417.89887481449
66.9100000000001,2387.75324567061
66.9110000000001,2351.08521450333
66.912,2311.76230281096
66.913,2272.9071353697
66.9140000000002,2236.86227761644
66.9150000000002,2203.26250987441
66.9160000000002,2174.58005393546
66.9170000000001,2152.53085111506
66.9180000000001,2137.46198413057
66.9190000000001,2129.29848205051
66.9200000000001,2127.58550991959
66.921,2129.29267657108
66.922,2135.17200113299
66.923,2145.19252002608
66.9240000000002,2158.12351808125
66.9250000000002,2172.62256566134
66.9260000000002,2187.37911189351
66.9270000000001,2198.7063437248
66.9280000000001,2207.99120548709
66.9290000000001,2215.95127488378
66.9300000000001,2222.38241983911
66.931,2227.21091392086
66.932,2230.49253460892
66.9330000000002,2229.80682426537
66.9340000000002,2227.76203667594
66.9350000000002,2225.84117701431
66.9360000000001,2224.31969278774
66.9370000000001,2223.27098538826
66.9380000000001,2222.61915725589
66.9390000000001,2220.07185347497
66.9400000000001,2217.19604034528
66.941,2214.83733267815
66.942,2213.06186563774
66.9430000000002,2211.85066202778
66.9440000000002,2211.09075526401
66.9450000000002,2209.09926138963
66.9460000000001,2206.51217804155
66.9470000000001,2203.95929318614
66.9480000000001,2201.78744948863
66.9490000000001,2200.35377445357
66.95,2199.90975337707
66.951,2199.18517128436
66.9520000000002,2198.72667348479
66.9530000000002,2199.0538497018
66.9540000000002,2200.38113170393
66.9550000000002,2202.83294623495
66.9560000000001,2206.34720361702
66.9570000000001,2208.90553776654
66.9580000000001,2211.25454160562
66.9590000000001,2213.6098925896
66.96,2215.7773949827
66.961,2217.562791473
66.9620000000002,2218.75738219794
66.9630000000002,2216.93145193479
66.9640000000002,2213.86426146216
66.9650000000001,2210.30159089947
66.9660000000001,2206.50455567464
66.9670000000001,2202.76015849904
66.9680000000001,2199.35334270381
66.9690000000001,2194.16802739429
66.97,2189.66141270722
66.971,2186.83519416165
66.9720000000002,2185.99896662694
66.9730000000002,2187.25529440407
66.9740000000002,2190.48062173751
66.9750000000001,2193.00903091517
66.9760000000001,2196.54850910583
66.9770000000001,2201.30825819062
66.9780000000001,2206.93946015003
66.979,2213.02618728075
66.98,2219.11536075586
66.9810000000002,2222.42436060986
66.9820000000002,2224.78736627988
66.9830000000002,2226.66494606722
66.9840000000002,2228.1589445372
66.9850000000001,2229.38768576858
66.9860000000001,2230.4446728898
66.9870000000001,2228.95992067433
66.9880000000001,2227.30993258261
66.989,2226.21794820253
66.99,2225.96114344237
66.9910000000002,2226.73144724861
66.9920000000002,2228.61819839001
66.9930000000002,2229.13750594189
66.9940000000001,2230.67855180449
66.9950000000001,2233.79061377578
66.9960000000001,2238.5695174335
66.9970000000001,2244.97367607006
66.998,2252.79970860228
66.999,2259.18941320672
67,2266.20231584058
67.0010000000002,2273.91614969057
67.0020000000002,2282.00823533403
67.0030000000002,2290.07580588211
67.0040000000001,2297.66067228919
67.0050000000001,2301.76746014124
67.0060000000001,2304.61194798179
67.0070000000001,2306.50471250551
67.008,2307.57650226696
67.009,2308.01660110688
67.0100000000002,2308.03304491247
67.0110000000002,2305.26047743856
67.0120000000002,2302.56240699215
67.0130000000001,2300.61613737832
67.0140000000001,2299.73989233768
67.0150000000001,2300.06557020614
67.0160000000001,2301.51066218284
67.0170000000001,2301.1982382779
67.018,2301.49926680627
67.019,2302.46183944568
67.0200000000002,2303.90249584513
67.0210000000002,2305.61955606624
67.0220000000002,2307.41248701011
67.0230000000001,2306.46518652868
67.0240000000001,2305.52775862408
67.0250000000001,2305.00353762954
67.0260000000001,2305.11836600183
67.027,2306.00171677632
67.028,2307.63452359244
67.0290000000002,2307.1709802426
67.0300000000002,2307.25695383068
67.0310000000002,2307.96603546244
67.0320000000002,2309.20297651114
67.0330000000001,2310.83723633292
67.0340000000001,2312.73031693173
67.0350000000001,2312.07510110453
67.0360000000001,2311.8455423483
67.037,2312.46420419425
67.038,2314.27102694351
67.0390000000002,2317.50604925674
67.0400000000002,2322.23026253159
67.0410000000002,2325.5376119747
67.0420000000001,2330.18583435305
67.0430000000001,2335.98765582486
67.0440000000001,2342.54893277647
67.0450000000001,2349.33507464897
67.046,2355.68897489467
67.047,2358.29046707232
67.048,2359.75613882984
67.0490000000002,2360.10843663659
67.0500000000002,2359.47937219862
67.0510000000002,2358.09230815615
67.0520000000001,2356.1166317772
67.0530000000001,2351.10053418845
67.0540000000001,2346.38271582433
67.0550000000001,2342.48216094059
67.056,2339.75433661962
67.057,2338.36674465612
67.0580000000002,2338.14503966591
67.0590000000002,2336.1976173099
67.0600000000002,2335.30620628695
67.0610000000001,2335.42233559441
67.0620000000001,2336.40150764127
67.0630000000001,2338.03086428504
67.0640000000001,2339.85883465378
67.0650000000001,2338.97499212759
67.066,2338.21442517442
67.067,2337.68488630395
67.0680000000002,2337.4631442757
67.0690000000002,2337.58620824237
67.0700000000002,2337.80564727776
67.0710000000001,2335.52220729645
67.0720000000001,2333.68842274801
67.0730000000001,2332.50332043248
67.0740000000001,2332.06821131295
67.075,2332.38649278486
67.076,2333.09157876449
67.0770000000002,2331.57737445006
67.0780000000002,2330.64653698819
67.0790000000002,2330.40231625541
67.0800000000002,2330.86879439411
67.0810000000001,2331.992325643
67.0820000000001,2333.32420587034
67.0830000000001,2332.32416877254
67.0840000000001,2331.72620167086
67.085,2331.60448699495
67.086,2331.95510681556
67.0870000000002,2332.70381571608
67.0880000000002,2333.35798548531
67.0890000000002,2331.50849498273
67.0900000000001,2329.8770136889
67.0910000000001,2328.60475988868
67.0920000000001,2327.77839726911
67.0930000000001,2327.43448353298
67.0940000000001,2327.17054649732
67.095,2324.83883764389
67.096,2323.25584225703
67.0970000000002,2322.72579070958
67.0980000000002,2323.51170988837
67.0990000000002,2325.83599193724
67.1000000000001,2329.43556476452
67.1010000000001,2332.39900332668
67.1020000000001,2337.59413288023
67.1030000000001,2345.29634031079
67.104,2355.5878964756
67.105,2368.33447368072
67.1060000000002,2382.6950973663
67.1070000000002,2396.15307499582
67.1080000000002,2410.84135609581
67.1090000000002,2426.32868167
67.1100000000001,2442.11380525015
67.1110000000001,2457.68973366758
67.1120000000001,2472.06572211204
67.1130000000001,2482.97608457683
67.114,2492.93789593658
67.115,2502.0939124921
67.1160000000002,2510.56628715561
67.1170000000002,2518.40836974549
67.1180000000002,2524.99872515173
67.1190000000001,2528.3811229428
67.1200000000001,2531.0289516557
67.1210000000001,2532.96215752229
67.1220000000001,2534.13679741884
67.123,2534.49867731453
67.124,2533.42325328065
67.125,2529.27817444351
67.1260000000002,2524.87999962423
67.1270000000002,2520.74556554806
67.1280000000002,2517.32858915067
67.1290000000001,2514.95488921888
67.1300000000001,2513.11684970174
67.1310000000001,2510.14523283539
67.1320000000001,2508.42820268345
67.133,2507.87243696428
67.134,2508.21276202266
67.1350000000002,2509.07687577397
67.1360000000002,2509.35691864155
67.1370000000002,2507.13500310792
67.1380000000001,2504.71010968519
67.1390000000001,2502.16999809461
67.1400000000001,2499.59037483131
67.1410000000001,2496.9921632645
67.1420000000001,2493.56598673797
67.143,2487.69442748245
67.144,2481.67912084098
67.1450000000002,2475.51663386628
67.1460000000002,2469.12707384748
67.1470000000002,2462.40797520576
67.1480000000001,2454.51370469829
67.1490000000001,2444.11589654229
67.1500000000001,2433.86226513155
67.1510000000001,2424.29929866102
67.152,2415.96396375871
67.153,2409.3180699655
67.1540000000002,2403.87288431082
67.1550000000002,2398.52961487302
67.1560000000002,2395.69043246378
67.1570000000002,2395.41337396886
67.1580000000001,2397.52135524764
67.1590000000001,2401.64870537357
67.1600000000001,2406.45702077298
67.1610000000001,2410.26407730534
67.162,2414.94992643576
67.163,2420.34185192359
67.1640000000002,2426.26089789982
67.1650000000002,2432.51305546516
67.1660000000002,2437.97606860083
67.1670000000001,2441.33396243874
67.1680000000001,2444.68839071605
67.1690000000001,2448.00923942329
67.1700000000001,2451.16829527106
67.171,2453.95796277838
67.172,2455.16432775842
67.173,2453.5542667343
67.1740000000002,2451.30397942108
67.1750000000002,2448.53592702465
67.1760000000002,2445.36438031271
67.1770000000001,2441.90146249206
67.1780000000001,2437.25541263238
67.1790000000001,2430.67629992968
67.1800000000001,2424.67345730171
67.181,2419.66148255746
67.182,2415.96099224306
67.1830000000002,2413.79046156947
67.1840000000002,2412.21741976517
67.1850000000002,2410.47462337263
67.1860000000001,2410.78075761515
67.1870000000001,2413.18185769767
67.1880000000001,2417.51641305591
67.1890000000001,2423.43107051032
67.1900000000001,2429.33339617701
67.191,2433.93101130319
67.192,2438.85390849168
67.1930000000002,2443.75338715642
67.1940000000002,2448.27423874716
67.1950000000002,2452.10380624826
67.1960000000001,2453.88095227813
67.1970000000001,2452.87966784789
67.1980000000001,2451.31991629661
67.1990000000001,2449.53333896557
67.2,2447.79990603902
67.201,2446.30449962596
67.2020000000002,2443.9338101474
67.2030000000002,2440.10053383668
67.2040000000002,2436.81491872113
67.2050000000002,2434.06779157058
67.2060000000001,2431.70316635514
67.2070000000001,2429.46533022815
67.2080000000001,2425.85162464332
67.2090000000001,2420.15583195293
67.21,2414.30322151116
67.211,2408.4495357751
67.2120000000002,2402.7585186017
67.2130000000002,2397.38846895984
67.2140000000002,2391.24188430253
67.2150000000001,2384.08197833664
67.2160000000001,2378.0524944176
67.2170000000001,2373.45055034778
67.2180000000001,2370.4279657439
67.2190000000001,2368.98572540965
67.22,2367.71118788398
67.221,2366.10583897453
67.2220000000002,2365.88691248379
67.2230000000002,2366.9775930623
67.2240000000002,2369.20016716698
67.2250000000001,2372.29113950631
67.2260000000001,2374.61209659797
67.2270000000001,2375.64503204939
67.2280000000001,2376.98188717641
67.229,2378.49800398977
67.23,2379.99603647787
67.2310000000002,2381.22312085892
67.2320000000002,2380.56803041751
67.2330000000002,2377.72244343049
67.2340000000002,2374.37758662931
67.2350000000001,2370.63167098283
67.2360000000001,2366.58532911573
67.2370000000001,2362.35262956987
67.2380000000001,2356.72747953827
67.239,2349.92364778254
67.24,2343.92469705986
67.2410000000002,2339.09200020179
67.2420000000002,2335.64869530483
67.2430000000002,2333.66768350408
67.2440000000001,2331.73858393807
67.2450000000001,2329.83158146388
67.2460000000001,2329.41071903054
67.2470000000001,2330.36738839125
67.248,2332.50099900142
67.249,2335.56865748703
67.25,2337.96643511301
67.2510000000002,2339.7420720085
67.2520000000002,2342.40786252254
67.2530000000002,2346.01505936747
67.2540000000001,2350.52004619346
67.2550000000001,2355.76965800934
67.2560000000001,2360.10209218423
67.2570000000001,2363.50743942273
67.258,2367.19736380678
67.259,2370.90653737533
67.2600000000002,2374.30311156242
67.2610000000002,2377.06043821534
67.2620000000002,2377.50463699898
67.2630000000001,2375.9416659843
67.2640000000001,2373.97036219267
67.2650000000001,2371.91730893663
67.2660000000001,2370.10767906681
67.2670000000001,2368.82795729712
67.268,2366.84977934871
67.269,2364.78948845174
67.2700000000002,2364.13891778551
67.2710000000002,2364.89920903346
67.2720000000002,2366.84924581807
67.2730000000001,2369.59367682994
67.2740000000001,2371.17468883412
67.2750000000001,2371.63371617937
67.2760000000001,2371.90239632082
67.277,2371.67866421076
67.278,2370.6562848865
67.2790000000002,2368.55806592872
67.2800000000002,2363.68343552237
67.2810000000002,2356.54558300908
67.2820000000002,2348.49427106168
67.2830000000001,2339.70987139095
67.2840000000001,2330.34536302113
67.2850000000001,2320.52523776003
67.2860000000001,2308.78684685661
67.287,2295.93548257655
67.288,2283.42405218168
67.2890000000002,2271.42382713042
67.2900000000002,2259.94546335991
67.2910000000002,2248.8416054574
67.2920000000001,2236.05162523885
67.2930000000001,2222.03952835976
67.2940000000001,2208.00880454888
67.2950000000001,2193.93801209689
67.296,2179.7938251171
67.297,2165.53713323855
67.298,2149.00726269625
67.2990000000002,2131.11576249751
67.3000000000002,2113.7458305665
67.3010000000002,2097.49908663911
67.3020000000001,2082.90191559221
67.3030000000001,2070.29571352726
67.3040000000001,2057.45932337955
67.3050000000001,2045.22093211526
67.306,2035.07173517204
67.307,2027.02952283755
67.3080000000002,2020.9507107008
67.3090000000002,2016.52847613672
67.3100000000002,2011.52007560638
67.3110000000001,2006.41542669596
67.3120000000001,2001.94177310747
67.3130000000001,1997.76862894127
67.3140000000001,1993.59975519626
67.3150000000001,1989.24579228239
67.316,1983.63558152076
67.317,1977.86172871756
67.3180000000002,1972.66473897772
67.3190000000002,1967.95623456186
67.3200000000002,1963.50321522177
67.3210000000001,1959.01281147341
67.3220000000001,1953.37876372492
67.3230000000001,1947.46289829034
67.3240000000001,1941.62542956102
67.325,1935.62437056497
67.326,1929.27406295968
67.3270000000002,1922.55722039572
67.3280000000002,1914.7828125772
67.3290000000002,1907.42641338046
67.3300000000002,1901.38831111266
67.3310000000001,1896.80834899024
67.3320000000001,1893.59752460323
67.3330000000001,1891.4982540656
67.3340000000001,1888.78215495361
67.335,1886.42440002035
67.336,1885.04836900439
67.3370000000002,1884.67690031635
67.3380000000002,1885.49836030401
67.3390000000002,1887.929900026
67.3400000000001,1890.82014888314
67.3410000000001,1896.53982346444
67.3420000000001,1907.24813991132
67.3430000000001,1924.36689541971
67.3440000000001,1949.26852637565
67.345,1983.19488875986
67.346,2025.33323260394
67.3470000000002,2077.95809790142
67.3480000000002,2142.50832908163
67.3490000000002,2219.22490689439
67.3500000000001,2307.83968557045
67.3510000000001,2407.5614249603
67.3520000000001,2515.34170247619
67.3530000000001,2630.8871644018
67.354,2752.80460261044
67.355,2878.4862847165
67.3560000000002,3004.7237114347
67.3570000000002,3127.63735242905
67.3580000000002,3240.85761054417
67.3590000000002,3340.38637058
67.3600000000001,3420.61771762844
67.3610000000001,3474.46754092036
67.3620000000001,3494.29103919836
67.3630000000001,3472.47651374517
67.364,3400.56152785729
67.365,3275.28040956856
67.3660000000002,3095.57211212611
67.3670000000002,2863.59728013876
67.3680000000002,2585.78842643918
67.3690000000001,2272.80362326786
67.3700000000001,1937.07987121376
67.3710000000001,1596.63856093212
67.3720000000001,1269.10893023125
67.373,969.989143693938
67.374,711.28933002198
67.375,500.144878136843
67.3760000000002,336.416268445179
67.3770000000002,218.16061509049
67.3780000000002,138.428939403162
67.3790000000001,87.4524768353917
67.3800000000001,55.2320525074379
67.3810000000001,33.5637266619415
67.3820000000001,15.7989959511736
67.383,2.85950848378788
67.384,-1.40469103879232
67.3850000000002,9.27447721112402
67.3860000000002,42.3752422456964
67.3870000000002,104.691845796256
67.3880000000001,198.818380918996
67.3890000000001,327.208671086769
67.3900000000001,487.097046577557
67.3910000000001,671.4441746759
67.3920000000001,870.343204405108
67.393,1072.48760794462
67.394,1264.98381344241
67.3950000000002,1440.14560865474
67.3960000000002,1591.74296240703
67.3970000000002,1716.16327445707
67.3980000000001,1812.61555432414
67.3990000000001,1882.53861005118
67.4000000000001,1926.95682287955
67.4010000000001,1951.14658349488
67.402,1959.05240223282
67.403,1953.78324232512
67.4040000000002,1937.85374416222
67.4050000000002,1913.33094100024
67.4060000000002,1880.20379967298
67.4070000000002,1842.42672452127
67.4080000000001,1802.75850833783
67.4090000000001,1763.78354755757
67.4100000000001,1728.02368160794
67.4110000000001,1697.64443337648
67.412,1672.02453462091
67.413,1654.17435394066
67.4140000000002,1644.37193710518
67.4150000000002,1641.68116858747
67.4160000000002,1644.53314381916
67.4170000000001,1651.07592745934
67.4180000000001,1657.03526427306
67.4190000000001,1663.8832159973
67.4200000000001,1671.14383872424
67.421,1678.34662675472
67.422,1685.3028453135
67.423,1691.99398913597
67.4240000000002,1695.78548937277
67.4250000000002,1699.83848045625
67.4260000000002,1704.40933297244
67.4270000000001,1709.15246641391
67.4280000000001,1713.55892590093
67.4290000000001,1717.1243255801
67.4300000000001,1717.33722166436
67.431,1716.48159149075
67.432,1715.06130237286
67.4330000000002,1713.44142180964
67.4340000000002,1711.93305757198
67.4350000000002,1710.69561802142
67.4360000000001,1708.2587052199
67.4370000000001,1705.63193376575
67.4380000000001,1702.89383496015
67.4390000000001,1700.02249383541
67.4400000000001,1696.98009131008
67.441,1693.70915494416
67.442,1688.89381393337
67.4430000000002,1683.48240555664
67.4440000000002,1677.95831827606
67.4450000000002,1672.87960999054
67.4460000000001,1668.79141639166
67.4470000000001,1666.07884141553
67.4480000000001,1663.55482345507
67.4490000000001,1662.16541080442
67.45,1661.97404062635
67.451,1662.90886531042
67.4520000000002,1664.78240451731
67.4530000000002,1667.27986414343
67.4540000000002,1668.19028914772
67.4550000000002,1668.95347693102
67.4560000000001,1669.52898586895
67.4570000000001,1669.94025233904
67.4580000000001,1670.2918731929
67.4590000000001,1670.723747936
67.46,1669.1678988342
67.461,1668.29251198513
67.4620000000002,1668.43703310603
67.4630000000002,1669.80862045426
67.4640000000002,1672.48139713738
67.4650000000001,1676.35488853594
67.4660000000001,1679.06931015445
67.4670000000001,1682.89072677372
67.4680000000001,1687.73570207054
67.4690000000001,1693.39910022579
67.47,1699.57919044343
67.471,1705.82774705636
67.4720000000002,1709.68140125489
67.4730000000002,1713.09817158981
67.4740000000002,1716.0048172566
67.4750000000001,1718.36023684519
67.4760000000001,1720.16725856388
67.4770000000001,1721.36509168065
67.4780000000001,1720.05582547827
67.479,1718.6644745756
67.48,1717.61550019249
67.4810000000002,1717.28797216963
67.4820000000002,1717.97619637029
67.4830000000002,1719.71228908723
67.4840000000002,1720.5986889149
67.4850000000001,1722.80747191688
67.4860000000001,1726.35590134643
67.4870000000001,1731.10378484937
67.4880000000001,1736.77905194086
67.489,1742.83929899432
67.49,1747.00163528768
67.4910000000002,1751.10192286733
67.4920000000002,1755.00795615697
67.4930000000002,1758.60718591571
67.4940000000001,1761.81963221203
67.4950000000001,1764.39563048948
67.4960000000001,1764.52713775326
67.4970000000001,1764.45027228145
67.498,1764.43639786632
67.499,1764.6973388257
67.5,1765.36329764723
67.5010000000002,1766.23523186492
67.5020000000002,1765.53281294764
67.5030000000002,1765.31423241128
67.5040000000001,1765.65693353143
67.5050000000001,1766.56921055767
67.5060000000001,1768.00991566008
67.5070000000001,1769.64318275939
67.508,1769.73597820248
67.509,1770.33507213098
67.5100000000002,1771.60780172426
67.5110000000002,1773.66912968592
67.5120000000002,1776.56291856265
67.5130000000001,1779.95472725056
67.5140000000001,1782.14175897635
67.5150000000001,1785.02819970264
67.5160000000001,1788.61874329159
67.5170000000001,1792.84875385443
67.518,1797.60570499023
67.519,1802.42810707409
67.5200000000002,1805.66703168844
67.5210000000002,1809.27005762522
67.5220000000002,1813.38340165572
67.5230000000001,1818.11945030528
67.5240000000001,1823.5342164673
67.5250000000001,1829.251316399
67.5260000000001,1833.71536387243
67.527,1838.77134647804
67.528,1844.38679594976
67.5290000000002,1850.41791908096
67.5300000000002,1856.62726400686
67.5310000000002,1862.3208686592
67.5320000000002,1865.76992785258
67.5330000000001,1868.68492488999
67.5340000000001,1871.01652142581
67.5350000000001,1872.71799194779
67.5360000000001,1873.74787938988
67.537,1873.64249835018
67.538,1871.02102176029
67.5390000000002,1867.90586352196
67.5400000000002,1864.54257515336
67.5410000000002,1861.13658580268
67.5420000000001,1857.84363353702
67.5430000000001,1854.29788662554
67.5440000000001,1849.23035711462
67.5450000000001,1844.70496548386
67.546,1840.97156323918
67.547,1838.19924367904
67.548,1836.46236353366
67.5490000000002,1835.22299498187
67.5500000000002,1833.07303982458
67.5510000000002,1831.86595762853
67.5520000000001,1831.61332366183
67.5530000000001,1832.23893689812
67.5540000000001,1833.58650370574
67.5550000000001,1834.88262346845
67.556,1834.62711760217
67.557,1834.59468942138
67.5580000000002,1834.78778295723
67.5590000000002,1835.17757027219
67.5600000000002,1835.69796625017
67.5610000000001,1835.66264568622
67.5620000000001,1833.78039910475
67.5630000000001,1831.91488229159
67.5640000000001,1830.18897089769
67.5650000000001,1828.68859387221
67.566,1827.45927897876
67.567,1825.89368771543
67.5680000000002,1822.88072434599
67.5690000000002,1820.32884875812
67.5700000000002,1818.40408048972
67.5710000000001,1817.18178277921
67.5720000000001,1816.632671877
67.5730000000001,1815.98475291942
67.5740000000001,1814.02971213649
67.575,1812.42969025941
67.576,1811.16820936105
67.5770000000002,1810.20827589994
67.5780000000002,1809.51541728201
67.5790000000002,1808.39987298542
67.5800000000002,1805.94938279914
67.5810000000001,1804.09534408509
67.5820000000001,1803.10615308107
67.5830000000001,1803.1520663268
67.5840000000001,1804.26850925598
67.585,1805.63326875365
67.586,1806.15686060444
67.5870000000002,1807.41185564524
67.5880000000002,1809.32330780445
67.5890000000002,1811.8198868884
67.5900000000001,1814.88550817871
67.5910000000001,1817.83561172803
67.5920000000001,1820.03802917859
67.5930000000001,1823.6011104236
67.5940000000001,1828.98706090781
67.595,1836.50308958987
67.596,1846.21542793331
67.5970000000002,1857.11606842138
67.5980000000002,1867.99027743762
67.5990000000002,1879.9734638469
67.6000000000001,1892.49519229047
67.6010000000001,1904.95633406101
67.6020000000001,1916.85197207936
67.6030000000001,1927.04618195302
67.604,1934.80703037439
67.605,1942.08800409247
67.6060000000002,1949.40016130117
67.6070000000002,1957.19175180654
67.6080000000002,1965.70517984645
67.6090000000002,1974.00531417558
67.6100000000001,1981.08420333271
67.6110000000001,1988.09114618047
67.6120000000001,1994.47173830927
67.6130000000001,1999.6231741503
67.614,2003.04689559552
67.615,2003.56690424549
67.6160000000002,2000.67290750429
67.6170000000002,1996.48698441943
67.6180000000002,1991.80968079634
67.6190000000001,1987.43204841494
67.6200000000001,1983.9524132872
67.6210000000001,1980.70710004215
67.6220000000001,1977.10786081408
67.623,1974.38688459232
67.624,1972.05651110527
67.625,1969.5012938507
67.6260000000002,1966.16098878119
67.6270000000002,1960.75134730723
67.6280000000002,1952.88248222293
67.6290000000001,1944.52714776495
67.6300000000001,1936.4784760939
67.6310000000001,1929.5556744096
67.6320000000001,1924.41143305907
67.633,1920.40954016538
67.634,1917.18197501847
67.6350000000002,1915.87756531771
67.6360000000002,1915.98155645713
67.6370000000002,1916.80831925126
67.6380000000001,1917.69257805153
67.6390000000001,1917.18733438485
67.6400000000001,1914.93299223674
67.6410000000001,1912.68062112601
67.6420000000001,1911.11478559731
67.643,1910.9689447212
67.644,1912.82502852388
67.6450000000002,1915.94490871452
67.6460000000002,1920.01428868563
67.6470000000002,1925.88256594758
67.6480000000001,1932.73914270519
67.6490000000001,1939.50455161417
67.6500000000001,1945.04808629147
67.6510000000001,1947.41111449876
67.652,1945.97470063294
67.653,1942.10649141898
67.6540000000002,1936.43364419669
67.6550000000002,1929.94409427416
67.6560000000002,1923.82706956162
67.6570000000002,1918.2371718835
67.6580000000001,1914.23017144509
67.6590000000001,1913.93354967393
67.6600000000001,1917.82739408251
67.6610000000001,1925.89003191563
67.662,1937.64423423445
67.663,1951.16494165125
67.6640000000002,1965.5187723565
67.6650000000002,1981.00085520838
67.6660000000002,1996.70513609723
67.6670000000001,2011.77308115444
67.6680000000001,2025.44716272837
67.6690000000001,2035.96081565858
67.6700000000001,2043.02306804752
67.671,2047.69722181666
67.672,2049.95066650772
67.673,2049.79575740974
67.6740000000002,2047.28781952785
67.6750000000002,2041.34556155583
67.6760000000002,2032.4045441828
67.6770000000001,2022.09300793321
67.6780000000001,2010.891109693
67.6790000000001,1999.25308719149
67.6800000000001,1987.59217170639
67.681,1975.02804054928
67.682,1962.17917960022
67.6830000000002,1950.64802606714
67.6840000000002,1940.75782545687
67.6850000000002,1932.64727894776
67.6860000000001,1926.26204796605
67.6870000000001,1919.96151806246
67.6880000000001,1913.72592233657
67.6890000000001,1908.59567979208
67.6900000000001,1904.34438484851
67.691,1900.65780402635
67.692,1897.14177321055
67.6930000000002,1891.6748153324
67.6940000000002,1884.18816490912
67.6950000000002,1876.03398721917
67.6960000000001,1867.38435563917
67.6970000000001,1858.45269836175
67.6980000000001,1849.4177653574
67.6990000000001,1838.71179107577
67.7,1826.77074723504
67.701,1815.07954655366
67.7020000000002,1803.85238866376
67.7030000000002,1793.23061857553
67.7040000000002,1783.29187129133
67.7050000000002,1772.95583561366
67.7060000000001,1762.80800285935
67.7070000000001,1753.78438254785
67.7080000000001,1745.8850628327
67.7090000000001,1739.05878877112
67.71,1733.26815598422
67.711,1727.85360689106
67.7120000000002,1723.56981993023
67.7130000000002,1721.00271212136
67.7140000000002,1719.97469273935
67.7150000000001,1720.16109960335
67.7160000000001,1721.17302411866
67.7170000000001,1722.00687101463
67.7180000000001,1723.06356816216
67.7190000000001,1724.54446724724
67.72,1726.06892501844
67.721,1727.28517280688
67.7220000000002,1727.97501925566
67.7230000000002,1727.08688112987
67.7240000000002,1725.61552201947
67.7250000000001,1724.71567188901
67.7260000000001,1724.80368101036
67.7270000000001,1726.14903898896
67.7280000000001,1728.80136999335
67.729,1731.02681677596
67.73,1733.34250865559
67.7310000000002,1736.39177189916
67.7320000000002,1739.894306911
67.7330000000002,1743.6587361291
67.7340000000002,1747.70867877349
67.7350000000001,1750.70986859656
67.7360000000001,1754.36257573065
67.7370000000001,1760.89313973243
67.7380000000001,1771.83918587932
67.739,1788.79229516028
67.74,1813.25470951616
67.7410000000002,1844.9324541367
67.7420000000002,1885.90664283286
67.7430000000002,1938.00730940135
67.7440000000001,2001.89043146056
67.7450000000001,2077.78095853586
67.7460000000001,2165.36382267792
67.7470000000001,2262.03415988923
67.748,2366.90788572826
67.749,2477.84849690662
67.75,2590.52486167471
67.7510000000002,2699.06810653524
67.7520000000002,2796.20187093038
67.7530000000002,2872.02667558318
67.7540000000001,2919.0875001151
67.7550000000001,2930.34725703182
67.7560000000001,2899.54296082985
67.7570000000001,2822.79088252558
67.758,2699.25890838637
67.759,2529.82912575957
67.7600000000002,2321.52474997352
67.7610000000002,2083.88355025844
67.7620000000002,1827.54560369621
67.7630000000001,1563.78214260725
67.7640000000001,1303.32163395963
67.7650000000001,1053.67891354764
67.7660000000001,823.104309967696
67.7670000000001,617.132242796848
67.768,438.384610162026
67.769,287.698256055018
67.7700000000002,164.814682560738
67.7710000000002,67.4120743432527
67.7720000000002,-3.59482848835287
67.7730000000001,-47.0660148571561
67.7740000000001,-61.8523728943061
67.7750000000001,-46.4933434950666
67.7760000000001,0.271075907290158
67.777,77.1757637037883
67.778,184.740397186679
67.7790000000002,321.34831392383
67.7800000000002,483.010524930962
67.7810000000002,664.055391134969
67.7820000000002,857.491703676246
67.7830000000001,1053.78093851226
67.7840000000001,1246.47421375116
67.7850000000001,1429.0551518434
67.7860000000001,1595.47937484458
67.787,1741.05738593325
67.788,1862.62969949238
67.7890000000002,1956.79144285026
67.7900000000002,2024.92394893484
67.7910000000002,2069.02765995109
67.7920000000001,2091.62769614026
67.7930000000001,2095.97463860285
67.7940000000001,2085.73385173249
67.7950000000001,2062.85186856666
67.796,2032.59705527921
67.797,1999.12081213126
67.798,1965.5714337533
67.7990000000002,1934.41921732218
67.8000000000002,1907.37045429925
67.8010000000002,1883.4369029817
67.8020000000001,1864.60008629851
67.8030000000001,1851.37446167785
67.8040000000001,1843.41899978874
67.8050000000001,1840.13582989369
67.806,1840.7927007977
67.807,1842.48699950801
67.8080000000002,1846.52142486897
67.8090000000002,1853.02269512345
67.8100000000002,1861.64849341222
67.8110000000001,1872.01548978835
67.8120000000001,1883.65763681262
67.8130000000001,1893.5721209045
67.8140000000001,1903.62260454812
67.8150000000001,1913.91230377691
67.816,1923.96348945893
67.817,1933.30221702948
67.8180000000002,1941.53593608967
67.8190000000002,1945.99445246151
67.8200000000002,1949.07826959449
67.8210000000001,1951.57244976337
67.8220000000001,1953.81975658368
67.8230000000001,1956.1082384486
67.8240000000001,1958.62540612107
67.825,1959.56444302986
67.826,1960.53476645072
67.8270000000002,1962.05463030818
67.8280000000002,1964.30039586466
67.8290000000002,1967.34122428033
67.8300000000002,1971.10500860444
67.8310000000001,1973.92303545949
67.8320000000001,1976.5031706577
67.8330000000001,1979.14036331868
67.8340000000001,1982.05378353338
67.835,1985.44078478071
67.836,1989.35682949977
67.8370000000002,1992.20148493581
67.8380000000002,1994.61606088753
67.8390000000002,1996.74241842495
67.8400000000001,1998.62769829064
67.8410000000001,2000.30903793639
67.8420000000001,2001.75385464931
67.8430000000001,2000.97317684418
67.8440000000001,1999.46032217638
67.845,1997.65037889552
67.846,1995.8850418523
67.8470000000002,1994.5217250761
67.8480000000002,1993.8498213445
67.8490000000002,1991.6880042947
67.8500000000001,1990.49612876797
67.8510000000001,1990.73692046188
67.8520000000001,1992.54118468395
67.8530000000001,1995.90389894783
67.854,2000.68624334415
67.855,2004.15738938791
67.8560000000002,2008.65857916859
67.8570000000002,2014.35579455934
67.8580000000002,2021.17718656167
67.8590000000002,2028.96476006532
67.8600000000001,2037.45419636506
67.8610000000001,2043.82638059799
67.8620000000001,2050.27491138121
67.8630000000001,2056.84523660586
67.864,2063.43335877375
67.865,2069.9059541091
67.8660000000002,2076.08928361483
67.8670000000002,2079.30262832178
67.8680000000002,2082.01099867202
67.8690000000001,2084.50881066533
67.8700000000001,2087.00717304456
67.8710000000001,2089.67876284992
67.8720000000001,2092.60918000284
67.873,2093.24401029658
67.874,2094.25635929782
67.875,2095.90839455251
67.8760000000002,2098.33985062601
67.8770000000002,2101.60617237214
67.8780000000002,2105.66147993826
67.8790000000001,2107.77239596947
67.8800000000001,2110.64306684164
67.8810000000001,2114.4332451257
67.8820000000001,2119.2315897152
67.883,2125.04212189375
67.884,2131.71257324328
67.8850000000002,2136.47353743461
67.8860000000002,2141.87791644345
67.8870000000002,2147.91859350952
67.8880000000001,2154.50075933432
67.8890000000001,2161.45282441183
67.8900000000001,2168.44527710541
67.8910000000001,2172.69850495841
67.8920000000001,2176.75385296038
67.893,2180.70229364598
67.894,2184.63077361041
67.8950000000002,2188.61367101564
67.8960000000002,2192.56363822039
67.8970000000002,2194.05498686709
67.8980000000001,2195.84496784043
67.8990000000001,2198.19138130621
67.9000000000001,2201.25539513629
67.9010000000001,2205.08694723023
67.902,2209.44657193279
67.903,2211.81094935946
67.9040000000002,2214.68102155371
67.9050000000002,2218.08512627219
67.9060000000002,2221.98495051102
67.9070000000002,2226.29136628279
67.9080000000001,2230.66956063727
67.9090000000001,2232.7126437276
67.9100000000001,2234.9855449862
67.9110000000001,2237.68144306714
67.912,2240.95350154101
67.913,2244.89499371291
67.9140000000002,2249.27296504564
67.9150000000002,2251.82877432426
67.9160000000002,2255.08713153074
67.9170000000001,2259.14701222383
67.9180000000001,2263.99742453915
67.9190000000001,2269.52156170109
67.9200000000001,2275.2205771136
67.921,2278.68957202217
67.922,2282.28112903397
67.923,2285.98773116017
67.9240000000002,2289.76029993902
67.9250000000002,2293.51254143393
67.9260000000002,2296.79321176873
67.9270000000001,2297.38221899563
67.9280000000001,2297.80762393934
67.9290000000001,2298.24252195855
67.9300000000001,2298.81197431828
67.931,2299.58520537344
67.932,2300.19578538385
67.9330000000002,2298.56842453411
67.9340000000002,2297.30416099859
67.9350000000002,2296.62485397475
67.9360000000001,2296.67550809748
67.9370000000001,2297.51467785015
67.9380000000001,2298.68763598769
67.9390000000001,2298.09056543035
67.9400000000001,2298.22791336491
67.941,2299.20873996775
67.942,2301.04938144029
67.9430000000002,2303.66881660285
67.9440000000002,2306.42124609079
67.9450000000002,2307.11405544224
67.9460000000001,2308.13117952192
67.9470000000001,2309.4866229022
67.9480000000001,2311.13271211351
67.9490000000001,2312.96028340218
67.95,2314.28454069086
67.951,2313.01458325215
67.9520000000002,2311.62478560523
67.9530000000002,2310.24448999225
67.9540000000002,2308.95875660698
67.9550000000002,2307.79829132977
67.9560000000001,2306.16873874554
67.9570000000001,2302.17468459275
67.9580000000001,2298.39374042853
67.9590000000001,2295.05312774568
67.96,2292.31574951152
67.961,2290.26898893082
67.9620000000002,2288.31478087351
67.9630000000002,2284.67386449404
67.9640000000002,2281.83892517456
67.9650000000001,2279.95519606054
67.9660000000001,2279.06068559312
67.9670000000001,2279.08406931087
67.9680000000001,2279.21835189753
67.9690000000001,2277.63569819378
67.97,2276.6093443014
67.971,2276.16233312483
67.9720000000002,2276.27429775336
67.9730000000002,2276.89683994665
67.9740000000002,2277.2935978517
67.9750000000001,2275.9202084512
67.9760000000001,2275.24987451597
67.9770000000001,2275.55465166296
67.9780000000001,2277.03478702806
67.979,2279.79594543026
67.98,2283.11584968906
67.9810000000002,2285.48255412172
67.9820000000002,2289.20185794234
67.9830000000002,2294.32072834895
67.9840000000002,2300.7731051959
67.9850000000001,2308.40046825218
67.9860000000001,2316.21689870625
67.9870000000001,2322.65109378064
67.9880000000001,2329.91156784698
67.989,2338.05581604813
67.99,2347.08565163708
67.9910000000002,2356.93801219155
67.9920000000002,2366.67645671331
67.9930000000002,2374.87408822463
67.9940000000001,2383.70254040324
67.9950000000001,2393.16220391777
67.9960000000001,2403.15030514708
67.9970000000001,2413.47583788987
67.998,2423.04323246094
67.999,2430.4377237393
68,2437.78808394898
68.0010000000002,2445.18021829326
68.0020000000002,2452.68565666635
68.0030000000002,2460.35857209257
68.0040000000001,2467.34194080505
68.0050000000001,2472.57909633534
68.0060000000001,2478.38705159952
68.0070000000001,2484.96830600512
68.008,2492.37193244353
68.009,2500.47230799482
68.0100000000002,2508.03695144283
68.0110000000002,2513.638531405
68.0120000000002,2519.02781303694
68.0130000000001,2523.86666238756
68.0140000000001,2527.72853644782
68.0150000000001,2530.14791497455
68.0160000000001,2529.69792426378
68.0170000000001,2525.1069805662
68.018,2518.42024887808
68.019,2509.84009149196
68.0200000000002,2499.64424914363
68.0210000000002,2488.16344653689
68.0220000000002,2474.73258415177
68.0230000000001,2458.90101504152
68.0240000000001,2443.31499496024
68.0250000000001,2428.65298607106
68.0260000000001,2415.48481628122
68.027,2404.23934507962
68.028,2394.11932709884
68.0290000000002,2384.48915625629
68.0300000000002,2377.51066456754
68.0310000000002,2373.2788482787
68.0320000000002,2371.66342208359
68.0330000000001,2372.31390144031
68.0340000000001,2373.59423899293
68.0350000000001,2374.1979883667
68.0360000000001,2375.56554929979
68.037,2377.30526302063
68.038,2379.04680846522
68.0390000000002,2380.48539273834
68.0400000000002,2380.28416650604
68.0410000000002,2377.81149131388
68.0420000000001,2375.19092887164
68.0430000000001,2372.80354547601
68.0440000000001,2370.97225871898
68.0450000000001,2369.8989142322
68.046,2368.44738475346
68.047,2366.0500195876
68.048,2364.54322245303
68.0490000000002,2363.88791965715
68.0500000000002,2363.94257838357
68.0510000000002,2364.51477117919
68.0520000000001,2364.17476298867
68.0530000000001,2362.41270054368
68.0540000000001,2361.21987436157
68.0550000000001,2360.85066298664
68.056,2361.48762179582
68.057,2363.18796361097
68.0580000000002,2364.55812756527
68.0590000000002,2365.07239828942
68.0600000000002,2366.39251072504
68.0610000000001,2368.33113560036
68.0620000000001,2370.60691056438
68.0630000000001,2372.91540543122
68.0640000000001,2373.66076530494
68.0650000000001,2372.53932287954
68.066,2371.58498981241
68.067,2371.21685365608
68.0680000000002,2371.85705223832
68.0690000000002,2373.86258496315
68.0700000000002,2376.06524310715
68.0710000000001,2378.45978563002
68.0720000000001,2382.93070440987
68.0730000000001,2389.45158528617
68.0740000000001,2397.75451684121
68.075,2407.37749024733
68.076,2416.27927299342
68.0770000000002,2423.8539940757
68.0780000000002,2431.4811321378
68.0790000000002,2438.90473376894
68.0800000000002,2445.86827711322
68.0810000000001,2452.11459328489
68.0820000000001,2455.88882191839
68.0830000000001,2457.04256678748
68.0840000000001,2457.29186565207
68.085,2456.7340333924
68.086,2455.41766910543
68.0870000000002,2453.34598919578
68.0880000000002,2448.96749572977
68.0890000000002,2442.42287278848
68.0900000000001,2435.58496317174
68.0910000000001,2428.77778862322
68.0920000000001,2422.26237402944
68.0930000000001,2416.21397185786
68.0940000000001,2409.14473358184
68.095,2401.31265719355
68.096,2394.51928045657
68.0970000000002,2389.01088416454
68.0980000000002,2384.94315963641
68.0990000000002,2382.37850850053
68.1000000000001,2379.67247143854
68.1010000000001,2377.07324155743
68.1020000000001,2376.23759553602
68.1030000000001,2377.27265155099
68.104,2380.13872867146
68.105,2384.62763184852
68.1060000000002,2388.71469867677
68.1070000000002,2392.3263008855
68.1080000000002,2396.62423495108
68.1090000000002,2401.29848438552
68.1100000000001,2405.98079009139
68.1110000000001,2410.281597225
68.1120000000001,2412.14753272644
68.1130000000001,2411.81578143775
68.114,2410.82116066954
68.115,2409.42686420658
68.1160000000002,2407.92490816681
68.1170000000002,2406.58882538306
68.1180000000002,2403.91547087303
68.1190000000001,2400.65578236824
68.1200000000001,2398.4995967606
68.1210000000001,2397.68331327924
68.1220000000001,2398.25911949907
68.123,2400.09814586606
68.124,2401.21313753776
68.125,2401.9548205225
68.1260000000002,2403.4949250239
68.1270000000002,2405.75070834631
68.1280000000002,2408.63476364804
68.1290000000001,2412.07505345084
68.1300000000001,2414.29952730433
68.1310000000001,2416.10482190086
68.1320000000001,2418.99776206699
68.133,2423.2282955923
68.134,2428.90368044099
68.1350000000002,2435.9492855155
68.1360000000002,2442.31543697698
68.1370000000002,2448.4877618168
68.1380000000001,2455.40957805764
68.1390000000001,2462.76826413008
68.1400000000001,2470.19457652595
68.1410000000001,2477.32549854763
68.1420000000001,2482.02453675906
68.143,2485.12835032685
68.144,2488.03742025979
68.1450000000002,2491.07919912755
68.1460000000002,2494.56209889297
68.1470000000002,2498.71345940671
68.1480000000001,2501.76161172989
68.1490000000001,2504.75839850798
68.1500000000001,2508.89714001368
68.1510000000001,2514.09506808126
68.152,2520.08279708943
68.153,2526.45010549249
68.1540000000002,2530.81659407388
68.1550000000002,2533.8598773023
68.1560000000002,2536.47024503771
68.1570000000002,2538.52635903366
68.1580000000001,2539.90806791058
68.1590000000001,2540.49481153553
68.1600000000001,2538.24632751604
68.1610000000001,2534.33882848121
68.162,2530.06513858635
68.163,2525.7613120514
68.1640000000002,2521.76463532743
68.1650000000002,2518.39268518523
68.1660000000002,2513.90833452308
68.1670000000001,2509.85055006993
68.1680000000001,2507.56910543046
68.1690000000001,2507.20917806422
68.1700000000001,2508.57888394671
68.171,2511.11191761305
68.172,2511.65854601893
68.173,2510.56958255467
68.1740000000002,2508.00003402744
68.1750000000002,2503.163300469
68.1760000000002,2495.41745772682
68.1770000000001,2484.35933631891
68.1780000000001,2467.30956440455
68.1790000000001,2446.24237845491
68.1800000000001,2423.3780648084
68.181,2400.1735233661
68.182,2378.12524298435
68.1830000000002,2358.52616546884
68.1840000000002,2339.35298838626
68.1850000000002,2322.92640871346
68.1860000000001,2310.91266023053
68.1870000000001,2303.49853148002
68.1880000000001,2300.43819682688
68.1890000000001,2301.07497305842
68.1900000000001,2301.80877236816
68.191,2303.34832559609
68.192,2305.91808729979
68.1930000000002,2308.94523367559
68.1940000000002,2312.02043771006
68.1950000000002,2314.91107849984
68.1960000000001,2315.726136173
68.1970000000001,2316.10718027287
68.1980000000001,2316.85540959179
68.1990000000001,2317.94956326653
68.2,2319.17041895924
68.201,2320.14976507029
68.2020000000002,2319.3572641975
68.2030000000002,2317.78403936581
68.2040000000002,2315.43208360319
68.2050000000002,2311.91660920653
68.2060000000001,2307.08318237457
68.2070000000001,2301.16722800642
68.2080000000001,2293.57765191631
68.2090000000001,2286.87080762349
68.21,2282.55292904649
68.211,2281.34818268521
68.2120000000002,2283.43996354497
68.2130000000002,2288.38409418197
68.2140000000002,2293.16913701719
68.2150000000001,2298.36783535837
68.2160000000001,2303.29838945211
68.2170000000001,2306.93338842491
68.2180000000001,2308.80918575388
68.2190000000001,2309.27754979621
68.22,2307.12574050408
68.221,2306.63097709707
68.2220000000002,2311.18894689488
68.2230000000002,2323.48340075869
68.2240000000002,2345.56551977142
68.2250000000001,2378.45657890809
68.2260000000001,2419.50900282739
68.2270000000001,2469.8367015746
68.2280000000001,2528.46076937988
68.229,2593.68938074521
68.23,2664.23210421209
68.2310000000002,2739.63714183197
68.2320000000002,2818.05845539918
68.2330000000002,2903.25800917336
68.2340000000002,2997.76031479496
68.2350000000001,3103.07456851144
68.2360000000001,3219.32526815591
68.2370000000001,3344.54180950898
68.2380000000001,3471.86182955628
68.239,3596.91266162952
68.24,3711.85881396877
68.2410000000002,3807.50957096791
68.2420000000002,3874.91404445753
68.2430000000002,3906.50573078681
68.2440000000001,3894.56094190705
68.2450000000001,3839.0827091539
68.2460000000001,3741.17607925585
68.2470000000001,3603.86406033431
68.248,3431.68691924605
68.249,3229.80646830359
68.25,3000.76710321903
68.2510000000002,2751.51706166064
68.2520000000002,2486.54349343734
68.2530000000002,2209.59543954438
68.2540000000001,1924.57670895048
68.2550000000001,1636.17057262463
68.2560000000001,1347.82160492576
68.2570000000001,1069.63945015316
68.258,811.113914391254
68.259,582.102047560371
68.2600000000002,392.195854833229
68.2610000000002,249.644042585132
68.2620000000002,157.806033817971
68.2630000000001,122.230714898338
68.2640000000001,143.003330750554
68.2650000000001,216.601558932822
68.2660000000001,336.638999401628
68.2670000000001,494.631147524644
68.268,678.345558280658
68.269,880.590691778075
68.2700000000002,1092.45905371776
68.2710000000002,1305.73655411596
68.2720000000002,1513.36340626134
68.2730000000001,1709.47123891747
68.2740000000001,1886.70709164812
68.2750000000001,2044.1831958755
68.2760000000001,2179.6546232883
68.277,2291.55464769487
68.278,2379.17653536332
68.2790000000002,2442.69722583776
68.2800000000002,2480.55166618452
68.2810000000002,2497.63707503855
68.2820000000002,2497.17683894608
68.2830000000001,2482.7528901122
68.2840000000001,2458.15315679743
68.2850000000001,2427.05874375601
68.2860000000001,2390.07173437299
68.287,2353.02523817984
68.288,2318.4991798551
68.2890000000002,2288.27601072017
68.2900000000002,2263.49509116326
68.2910000000002,2244.74103198147
68.2920000000001,2229.22658140333
68.2930000000001,2220.18880176919
68.2940000000001,2217.52460749468
68.2950000000001,2220.71804487601
68.296,2228.92035502899
68.297,2240.97188548046
68.298,2252.19633324363
68.2990000000002,2265.08491085756
68.3000000000002,2278.41938780057
68.3010000000002,2290.99725620083
68.3020000000001,2301.83685547983
68.3030000000001,2310.25814017201
68.3040000000001,2312.65411896838
68.3050000000001,2313.63774094957
68.306,2314.00154049389
68.307,2314.49322036432
68.3080000000002,2315.72290740544
68.3090000000002,2317.95886050046
68.3100000000002,2318.27468157
68.3110000000001,2320.19177371347
68.3120000000001,2323.44316555054
68.3130000000001,2327.39740232384
68.3140000000001,2331.22811844489
68.3150000000001,2333.97471143581
68.316,2332.6600225353
68.317,2329.40756263151
68.3180000000002,2324.5071862208
68.3190000000002,2318.51394252812
68.3200000000002,2312.12048907754
68.3210000000001,2305.89632665256
68.3220000000001,2298.63848873427
68.3230000000001,2292.23876096477
68.3240000000001,2287.30170682645
68.325,2284.27322375545
68.326,2283.34765713661
68.3270000000002,2284.26814853514
68.3280000000002,2284.81438975973
68.3290000000002,2286.14072112015
68.3300000000002,2288.03939654986
68.3310000000001,2290.35425967117
68.3320000000001,2292.94034064772
68.3330000000001,2295.37299990039
68.3340000000001,2295.21447066698
68.335,2294.72752094599
68.336,2293.96399673559
68.3370000000002,2292.9717037071
68.3380000000002,2291.80348376171
68.3390000000002,2290.19913720322
68.3400000000001,2285.88184978069
68.3410000000001,2281.99183302477
68.3420000000001,2278.9545444599
68.3430000000001,2277.10043225936
68.3440000000001,2276.6411115071
68.345,2277.2828082931
68.346,2276.67750507331
68.3470000000002,2277.64993002786
68.3480000000002,2280.24752424492
68.3490000000002,2284.37468650384
68.3500000000001,2289.82495864926
68.3510000000001,2295.91422000382
68.3520000000001,2300.15566458019
68.3530000000001,2305.06094739444
68.354,2310.61835238743
68.355,2316.73516463059
68.3560000000002,2323.21379561165
68.3570000000002,2329.29801829553
68.3580000000002,2332.50042272804
68.3590000000002,2335.16048694471
68.3600000000001,2337.13946614627
68.3610000000001,2338.28983660675
68.3620000000001,2338.49943174359
68.3630000000001,2337.23626421827
68.364,2332.54985864957
68.365,2327.4452823429
68.3660000000002,2322.52860801872
68.3670000000002,2318.38802553467
68.3680000000002,2315.52862550176
68.3690000000001,2313.77508372136
68.3700000000001,2311.37593908291
68.3710000000001,2311.15568072766
68.3720000000001,2313.30564151201
68.373,2317.81406016523
68.374,2324.4945705936
68.375,2332.43882531964
68.3760000000002,2339.37221000921
68.3770000000002,2347.62002218828
68.3780000000002,2357.03849254742
68.3790000000001,2367.3980177601
68.3800000000001,2378.37226667438
68.3810000000001,2388.90920181916
68.3820000000001,2396.73351003394
68.383,2404.0439517364
68.384,2410.66430942179
68.3850000000002,2416.41933128831
68.3860000000002,2421.17094170141
68.3870000000002,2424.17984825721
68.3880000000001,2423.78243732636
68.3890000000001,2422.81337889129
68.3900000000001,2421.85191888884
68.3910000000001,2421.45548548158
68.3920000000001,2422.08525156874
68.393,2423.32747037439
68.394,2423.68795924737
68.3950000000002,2425.73517962242
68.3960000000002,2429.55232933986
68.3970000000002,2435.02095846616
68.3980000000001,2441.85985693231
68.3990000000001,2448.92635528227
68.4000000000001,2454.28731884255
68.4010000000001,2460.10215815127
68.402,2466.31003470315
68.403,2472.82683103047
68.4040000000002,2479.52484807589
68.4050000000002,2485.42352160298
68.4060000000002,2488.87204552287
68.4070000000002,2492.13376268837
68.4080000000001,2495.24371900396
68.4090000000001,2498.18040919452
68.4100000000001,2500.88193720992
68.4110000000001,2502.42331009002
68.412,2501.40585641047
68.413,2500.36116423128
68.4140000000002,2499.67362396196
68.4150000000002,2499.69529426893
68.4160000000002,2500.70003074075
68.4170000000001,2501.93698432648
68.4180000000001,2502.15398122362
68.4190000000001,2503.79498355462
68.4200000000001,2506.98597882446
68.421,2511.68017104953
68.422,2517.66614787212
68.423,2523.63415714603
68.4240000000002,2527.94808071798
68.4250000000002,2532.67006970927
68.4260000000002,2537.70074530591
68.4270000000001,2542.91125672733
68.4280000000001,2548.14151739252
68.4290000000001,2552.1890221491
68.4300000000001,2553.72693946115
68.431,2555.08709364562
68.432,2556.49608564388
68.4330000000002,2558.14812132941
68.4340000000002,2560.17829206257
68.4350000000002,2561.5760447784
68.4360000000001,2561.28397788823
68.4370000000001,2561.74183952541
68.4380000000001,2563.23319491114
68.4390000000001,2565.93420848988
68.4400000000001,2569.88431922544
68.441,2573.83895169812
68.442,2576.5821303248
68.4430000000002,2580.22605316834
68.4440000000002,2584.67502702553
68.4450000000002,2589.6870234343
68.4460000000001,2594.87811173376
68.4470000000001,2598.56693353037
68.4480000000001,2599.34253196483
68.4490000000001,2599.13232004955
68.45,2597.86457993796
68.451,2595.53291989566
68.4520000000002,2592.20680287794
68.4530000000002,2586.80539328857
68.4540000000002,2578.79402027637
68.4550000000002,2570.87344057204
68.4560000000001,2563.72502132255
68.4570000000001,2557.92466665742
68.4580000000001,2553.86946476803
68.4590000000001,2550.46411488962
68.46,2547.02019834551
68.461,2545.694899543
68.4620000000002,2546.52832579259
68.4630000000002,2549.43589770214
68.4640000000002,2554.24876587011
68.4650000000001,2559.43489499421
68.4660000000001,2564.22795754197
68.4670000000001,2570.72536787158
68.4680000000001,2579.03231340744
68.4690000000001,2589.11630404844
68.47,2600.75385873062
68.471,2612.14949810448
68.4720000000002,2622.25874711958
68.4730000000002,2632.64810801819
68.4740000000002,2642.94429303882
68.4750000000001,2652.78874005417
68.4760000000001,2661.91448620193
68.4770000000001,2668.8033291731
68.4780000000001,2673.19626831802
68.479,2677.57383471401
68.48,2682.6390562562
68.4810000000002,2689.01796707454
68.4820000000002,2697.13179583992
68.4830000000002,2705.63929416204
68.4840000000002,2714.09809248944
68.4850000000001,2724.22015515946
68.4860000000001,2735.63651275262
68.4870000000001,2747.78375309857
68.4880000000001,2760.01054701601
68.489,2770.16693620545
68.49,2777.61441305106
68.4910000000002,2784.22410179275
68.4920000000002,2790.22059624925
68.4930000000002,2795.88208414632
68.4940000000001,2801.44666595331
68.4950000000001,2805.47223053662
68.4960000000001,2807.88285589585
68.4970000000001,2810.58861436455
68.498,2813.5799559163
68.499,2816.68576883726
68.5,2819.63729818225
68.5010000000002,2820.55059569179
68.5020000000002,2819.27840691843
68.5030000000002,2817.77413987871
68.5040000000001,2816.36726666484
68.5050000000001,2815.3759386795
68.5060000000001,2815.03251124443
68.5070000000001,2813.7572123568
68.508,2811.63056328199
68.509,2810.42429918519
68.5100000000002,2810.04163512422
68.5110000000002,2810.1904962158
68.5120000000002,2810.4396631102
68.5130000000001,2808.57647429141
68.5140000000001,2804.41932900217
68.5150000000001,2799.65764967104
68.5160000000001,2794.46567590475
68.5170000000001,2789.08815847077
68.518,2783.79134531019
68.519,2777.04961147029
68.5200000000002,2769.38743149253
68.5210000000002,2762.83631537186
68.5220000000002,2757.69049608335
68.5230000000001,2754.02359133281
68.5240000000001,2751.68105807421
68.5250000000001,2748.52304978234
68.5260000000001,2744.54216995504
68.527,2741.1294462643
68.528,2738.15787907281
68.5290000000002,2735.51802528788
68.5300000000002,2733.14339898941
68.5310000000002,2729.18457602656
68.5320000000002,2724.29344370603
68.5330000000001,2720.46964628754
68.5340000000001,2718.21137189115
68.5350000000001,2717.90444099773
68.5360000000001,2719.75306023127
68.537,2721.82785308393
68.538,2724.58501581108
68.5390000000002,2729.41354357868
68.5400000000002,2736.03052421561
68.5410000000002,2743.95130176257
68.5420000000001,2752.54042257024
68.5430000000001,2759.11108640226
68.5440000000001,2763.76008191137
68.5450000000001,2767.63664962874
68.546,2770.51782652073
68.547,2772.20760686588
68.548,2772.5279540716
68.5490000000002,2769.28653273869
68.5500000000002,2763.30677075283
68.5510000000002,2756.30784951233
68.5520000000001,2748.64463775803
68.5530000000001,2740.67785600275
68.5540000000001,2732.77210367202
68.5550000000001,2723.20654001227
68.556,2713.41115996581
68.557,2705.46924148892
68.5580000000002,2699.98951053766
68.5590000000002,2697.3728074043
68.5600000000002,2697.76134435478
68.5610000000001,2698.88171206931
68.5620000000001,2701.52524099666
68.5630000000001,2706.80955837146
68.5640000000001,2714.35953512854
68.5650000000001,2723.65873981489
68.566,2734.11657647358
68.567,2742.95059625137
68.5680000000002,2750.88158950091
68.5690000000002,2759.0672338541
68.5700000000002,2767.40418171999
68.5710000000001,2775.71827024991
68.5720000000001,2783.72139451294
68.5730000000001,2788.77101767972
68.5740000000001,2791.72385707675
68.575,2793.60395635473
68.576,2794.18865660633
68.5770000000002,2793.25834922408
68.5780000000002,2790.65997990577
68.5790000000002,2784.09349646327
68.5800000000002,2775.16403918908
68.5810000000001,2765.71927898551
68.5820000000001,2756.5108683651
68.5830000000001,2748.23409676502
68.5840000000001,2741.42626194299
68.585,2734.07824343791
68.586,2727.79222759603
68.5870000000002,2723.85686015893
68.5880000000002,2722.19039815124
68.5890000000002,2722.47239882216
68.5900000000001,2724.21362744377
68.5910000000001,2724.4883372214
68.5920000000001,2724.39662758793
68.5930000000001,2724.91764054092
68.5940000000001,2726.03625079187
68.595,2727.74856985226
68.596,2730.01552771036
68.5970000000002,2730.34318603311
68.5980000000002,2730.28026487045
68.5990000000002,2730.93390417431
68.6000000000001,2732.29083119259
68.6010000000001,2734.20416242482
68.6020000000001,2736.41765375734
68.6030000000001,2736.19127711594
68.604,2735.05761326944
68.605,2734.06098553797
68.6060000000002,2733.29735301135
68.6070000000002,2732.82992586088
68.6080000000002,2732.66598181784
68.6090000000002,2730.30175165115
68.6100000000001,2727.57704427442
68.6110000000001,2725.59565169516
68.6120000000001,2724.47082379028
68.6130000000001,2724.20803535491
68.614,2724.71423934401
68.615,2723.41122428895
68.6160000000002,2722.08683125663
68.6170000000002,2721.65870298643
68.6180000000002,2722.12398116807
68.6190000000001,2723.35944038629
68.6200000000001,2725.12358197688
68.6210000000001,2724.67120940816
68.6220000000001,2723.70221410745
68.623,2722.95338593699
68.624,2722.38027763896
68.625,2721.93519571429
68.6260000000002,2721.58564421982
68.6270000000002,2718.88326268594
68.6280000000002,2716.04755222116
68.6290000000001,2714.18702166809
68.6300000000001,2713.60588345327
68.6310000000001,2714.46765949517
68.6320000000001,2716.76421486439
68.633,2717.830309155
68.634,2719.63034242074
68.6350000000002,2722.71863405909
68.6360000000002,2726.83203125523
68.6370000000002,2731.60618902185
68.6380000000001,2736.63462212834
68.6390000000001,2739.02486034064
68.6400000000001,2740.84787023128
68.6410000000001,2742.83019568962
68.6420000000001,2745.08328840611
68.643,2747.69039743368
68.644,2750.67081417989
68.6450000000002,2751.4367307403
68.6460000000002,2752.24344283869
68.6470000000002,2753.66801242826
68.6480000000001,2755.51289562843
68.6490000000001,2757.38928245044
68.6500000000001,2758.77055257249
68.6510000000001,2756.53318225749
68.652,2752.67816865864
68.653,2747.67194278318
68.6540000000002,2741.59168665971
68.6550000000002,2734.6645198431
68.6560000000002,2727.25159763639
68.6570000000002,2717.17556845208
68.6580000000001,2707.52902676306
68.6590000000001,2699.47277234476
68.6600000000001,2693.3854743045
68.6610000000001,2689.24110105939
68.662,2686.5671993911
68.663,2681.60051718738
68.6640000000002,2676.07459694098
68.6650000000002,2669.61940159427
68.6660000000002,2661.42916787442
68.6670000000001,2650.87004473609
68.6680000000001,2637.59206514213
68.6690000000001,2618.28128888456
68.6700000000001,2596.57991962379
68.671,2574.23365823133
68.672,2552.69138271403
68.673,2533.30300615716
68.6740000000002,2517.06146626031
68.6750000000002,2500.68527500302
68.6760000000002,2487.65380057279
68.6770000000001,2478.42145345807
68.6780000000001,2472.56891613289
68.6790000000001,2469.30613533626
68.6800000000001,2467.5732420937
68.681,2462.89020627478
68.682,2457.49313038601
68.6830000000002,2451.29990243839
68.6840000000002,2444.16601475919
68.6850000000002,2436.22856091798
68.6860000000001,2427.85430642966
68.6870000000001,2417.35927793104
68.6880000000001,2407.85637181774
68.6890000000001,2400.00546760006
68.6900000000001,2393.88941371068
68.691,2389.24406437183
68.692,2385.55586046786
68.6930000000002,2380.86932377896
68.6940000000002,2376.60189487869
68.6950000000002,2372.21649875156
68.6960000000001,2367.12318285714
68.6970000000001,2361.01357850913
68.6980000000001,2354.00962568781
68.6990000000001,2345.18114487404
68.7,2337.6467800939
68.701,2332.36630420961
68.7020000000002,2329.8178836421
68.7030000000002,2329.96543948328
68.7040000000002,2332.22679500406
68.7050000000002,2333.21875278653
68.7060000000001,2334.60771763477
68.7070000000001,2335.4344943515
68.7080000000001,2334.89971746738
68.7090000000001,2332.77830367349
68.71,2329.61875939253
68.711,2323.86362075695
68.7120000000002,2320.95879255335
68.7130000000002,2323.6129046135
68.7140000000002,2334.2561758355
68.7150000000001,2354.67638863092
68.7160000000001,2385.70515898336
68.7170000000001,2424.18470004385
68.7180000000001,2472.4962753208
68.7190000000001,2529.32734587655
68.72,2593.21723840429
68.721,2663.08076347927
68.7220000000002,2738.53451756971
68.7230000000002,2817.42469955718
68.7240000000002,2904.28282357908
68.7250000000001,3000.83450845041
68.7260000000001,3108.20034114432
68.7270000000001,3226.17091022538
68.7280000000001,3352.49657413485
68.729,3480.17911051825
68.73,3605.69716816227
68.7310000000002,3720.83046680061
68.7320000000002,3816.2693644746
68.7330000000002,3882.68205137613
68.7340000000002,3911.68183136905
68.7350000000001,3894.59791231046
68.7360000000001,3830.9247811591
68.7370000000001,3720.28097301641
68.7380000000001,3564.93166493572
68.739,3369.32640374962
68.74,3139.26596089014
68.7410000000002,2879.19551322145
68.7420000000002,2599.14549761197
68.7430000000002,2306.27845949445
68.7440000000001,2007.3515140694
68.7450000000001,1708.78259711871
68.7460000000001,1416.62213621834
68.7470000000001,1134.92444383963
68.748,873.049915769975
68.749,637.814591961078
68.75,435.797097893104
68.7510000000002,272.960669820296
68.7520000000002,153.936722615737
68.7530000000002,79.9324482204187
68.7540000000001,55.1476710009836
68.7550000000001,79.0925414024177
68.7560000000001,149.038661404264
68.7570000000001,260.234280599341
68.758,406.00252418594
68.759,576.78547260541
68.7600000000002,767.114042057478
68.7610000000002,968.907660925172
68.7620000000002,1174.29702946436
68.7630000000001,1375.99404138192
68.7640000000001,1567.25281891537
68.7650000000001,1740.79320134205
68.7660000000001,1895.05023822427
68.7670000000001,2027.26851323542
68.768,2135.83306892442
68.769,2220.24919999517
68.7700000000002,2280.72029407261
68.7710000000002,2316.91763105751
68.7720000000002,2333.68706162627
68.7730000000001,2334.04994562594
68.7740000000001,2321.25788408471
68.7750000000001,2298.58828479563
68.7760000000001,2268.76762971969
68.777,2232.86407637039
68.778,2195.91457664145
68.7790000000002,2160.12693207443
68.7800000000002,2127.15964131846
68.7810000000002,2098.16601063844
68.7820000000002,2073.38911582177
68.7830000000001,2051.40557280789
68.7840000000001,2034.99804981311
68.7850000000001,2024.07705429363
68.7860000000001,2018.20784811848
68.787,2016.70612177032
68.788,2018.16554619141
68.7890000000002,2019.89295585868
68.7900000000002,2024.10667437497
68.7910000000002,2030.10616326135
68.7920000000001,2037.14949487252
68.7930000000001,2044.56267037656
68.7940000000001,2051.13782125395
68.7950000000001,2054.71120486487
68.796,2058.47685962759
68.797,2062.38474807955
68.798,2066.22350396092
68.7990000000002,2069.68201057164
68.8000000000002,2071.77450657915
68.8010000000002,2070.59999488036
68.8020000000001,2068.77276273022
68.8030000000001,2066.1979912938
68.8040000000001,2062.70384649583
68.8050000000001,2058.12077495061
68.806,2051.88659876371
68.807,2042.80732285126
68.8080000000002,2032.90921618281
68.8090000000002,2022.75763467085
68.8100000000002,2012.93099241638
68.8110000000001,2003.91800536678
68.8120000000001,1995.70682581061
68.8130000000001,1987.3950836154
68.8140000000001,1979.9808361164
68.8150000000001,1973.57649982374
68.816,1968.20493857105
68.817,1963.758521183
68.8180000000002,1959.61409315008
68.8190000000002,1954.44321138641
68.8200000000002,1949.10565770892
68.8210000000001,1943.68142272024
68.8220000000001,1938.3952325355
68.8230000000001,1933.55306219461
68.8240000000001,1928.89354229657
68.825,1923.62411926335
68.826,1919.73329238881
68.8270000000002,1917.52001186885
68.8280000000002,1917.10157708058
68.8290000000002,1918.39605571498
68.8300000000002,1920.40848189051
68.8310000000001,1921.67048470937
68.8320000000001,1923.83795134347
68.8330000000001,1926.53336708596
68.8340000000001,1929.31675864785
68.835,1931.76578436089
68.836,1932.78649260672
68.8370000000002,1931.21926352925
68.8380000000002,1929.17719502777
68.8390000000002,1926.9549500049
68.8400000000001,1924.85933227116
68.8410000000001,1923.17482671899
68.8420000000001,1921.37123532263
68.8430000000001,1918.72657050601
68.8440000000001,1917.31642095057
68.845,1917.3131921249
68.846,1918.7138300044
68.8470000000002,1921.36134059411
68.8480000000002,1924.20100714326
68.8490000000002,1926.0978562146
68.8500000000001,1928.63124500099
68.8510000000001,1931.6613134001
68.8520000000001,1935.00497279495
68.8530000000001,1938.45122435026
68.854,1940.95749029123
68.855,1941.59292782754
68.8560000000002,1942.08929575285
68.8570000000002,1942.50302777422
68.8580000000002,1942.85863679835
68.8590000000002,1943.15829791919
68.8600000000001,1942.53444668722
68.8610000000001,1940.33745245279
68.8620000000001,1938.46191176576
68.8630000000001,1937.10480558106
68.864,1936.36383367302
68.865,1936.22905199285
68.8660000000002,1935.69699306768
68.8670000000002,1934.00552363896
68.8680000000002,1932.77336980076
68.8690000000001,1931.95604273722
68.8700000000001,1931.4528945181
68.8710000000001,1931.14309531581
68.8720000000001,1930.01049946251
68.873,1927.4975029763
68.874,1925.38658241551
68.875,1923.9226641954
68.8760000000002,1923.29445233203
68.8770000000002,1923.60576772834
68.8780000000002,1923.9303175917
68.8790000000001,1923.75224310828
68.8800000000001,1924.60979019473
68.8810000000001,1926.45397683699
68.8820000000001,1929.12588584314
68.883,1932.3924997464
68.884,1935.03925502486
68.8850000000002,1936.4714082208
68.8860000000002,1938.15415271555
68.8870000000002,1940.13598026596
68.8880000000001,1942.43850113909
68.8890000000001,1945.03951262359
68.8900000000001,1946.88307548325
68.8910000000001,1947.56641439127
68.8920000000001,1948.54502271282
68.893,1949.80948010549
68.894,1951.26041086703
68.8950000000002,1952.73039752339
68.8960000000002,1953.01036275231
68.8970000000002,1951.70883499709
68.8980000000001,1950.25280351349
68.8990000000001,1948.72241630051
68.9000000000001,1947.17876871954
68.9010000000001,1945.65978703089
68.902,1943.14638756867
68.903,1939.51130344977
68.9040000000002,1936.28081069538
68.9050000000002,1933.60608123346
68.9060000000002,1931.54813105159
68.9070000000002,1930.08329832463
68.9080000000001,1928.04631977498
68.9090000000001,1925.25390249212
68.9100000000001,1923.10496652188
68.9110000000001,1921.67409346376
68.912,1920.98172865687
68.913,1920.99610012009
68.9140000000002,1920.51217295825
68.9150000000002,1919.42963929606
68.9160000000002,1919.14948842599
68.9170000000001,1919.73566132274
68.9180000000001,1921.16084446106
68.9190000000001,1923.30256433008
68.9200000000001,1924.77414233275
68.921,1925.37771744282
68.922,1926.32890497049
68.923,1927.5334452257
68.9240000000002,1928.83237823052
68.9250000000002,1930.01352253324
68.9260000000002,1929.60645135686
68.9270000000001,1927.50462024346
68.9280000000001,1925.00229028975
68.9290000000001,1922.17155551979
68.9300000000001,1919.07148602881
68.931,1915.74067449216
68.932,1910.93769465653
68.9330000000002,1904.88107207985
68.9340000000002,1899.05596744639
68.9350000000002,1893.71925656576
68.9360000000001,1889.06383409096
68.9370000000001,1885.20476578027
68.9380000000001,1880.89260291262
68.9390000000001,1876.37243340801
68.9400000000001,1872.9703321761
68.941,1870.76032138033
68.942,1869.69148469234
68.9430000000002,1869.58419876037
68.9440000000002,1868.83301396571
68.9450000000002,1867.42519960831
68.9460000000001,1866.33389360251
68.9470000000001,1865.37342936119
68.9480000000001,1864.32720510829
68.9490000000001,1862.97372897424
68.95,1859.78201320553
68.951,1855.05677551946
68.9520000000002,1850.08466178378
68.9530000000002,1845.11098491498
68.9540000000002,1840.38420540157
68.9550000000002,1836.13207854653
68.9560000000001,1831.18228075146
68.9570000000001,1826.20167254157
68.9580000000001,1822.59972227969
68.9590000000001,1820.64595390403
68.96,1820.48643918221
68.961,1822.13898803604
68.9620000000002,1824.11656182918
68.9630000000002,1826.81097026341
68.9640000000002,1831.21735955358
68.9650000000001,1837.22827363889
68.9660000000001,1844.63254242081
68.9670000000001,1853.1307293617
68.9680000000001,1860.95656492141
68.9690000000001,1868.38879792447
68.97,1876.29405692548
68.971,1884.58248769031
68.9720000000002,1893.16793898775
68.9730000000002,1901.97312575572
68.9740000000002,1909.50013112808
68.9750000000001,1916.42786928067
68.9760000000001,1923.9075733367
68.9770000000001,1932.11020192653
68.9780000000001,1941.10384786443
68.979,1950.82488811226
68.98,1959.60929373278
68.9810000000002,1967.92242681325
68.9820000000002,1976.48121209015
68.9830000000002,1985.00364935472
68.9840000000002,1993.12093607806
68.9850000000001,2000.42148790447
68.9860000000001,2005.02136192819
68.9870000000001,2007.45706650702
68.9880000000001,2008.61360566452
68.989,2008.60328578639
68.99,2007.59727678835
68.9910000000002,2005.80189220178
68.9920000000002,2001.92571802449
68.9930000000002,1997.10008854315
68.9940000000001,1992.55027170181
68.9950000000001,1988.5673323383
68.9960000000001,1985.28337460889
68.9970000000001,1982.66155010707
68.998,1978.98470109076
68.999,1974.94679834088
69,1971.23165988744
69.0010000000002,1967.69954790897
69.0020000000002,1964.18843874081
69.0030000000002,1960.54413935952
69.0040000000001,1955.09016245176
69.0050000000001,1948.82035868331
69.0060000000001,1942.74027893751
69.0070000000001,1937.11840739209
69.008,1932.17709373584
69.009,1928.05188917969
69.0100000000002,1923.1742176521
69.0110000000002,1918.57557742502
69.0120000000002,1915.03608821253
69.0130000000001,1912.49945357226
69.0140000000001,1910.7879390766
69.0150000000001,1909.62896469543
69.0160000000001,1907.08355904898
69.0170000000001,1904.00515118138
69.018,1901.05300385499
69.019,1898.24709799077
69.0200000000002,1895.62525378597
69.0210000000002,1893.2267737555
69.0220000000002,1889.44736480884
69.0230000000001,1885.53064088152
69.0240000000001,1882.35024595466
69.0250000000001,1880.06315849939
69.0260000000001,1878.71143819643
69.027,1878.20972304542
69.028,1876.68938318355
69.0290000000002,1875.18144423347
69.0300000000002,1874.21185566906
69.0310000000002,1873.64254367453
69.0320000000002,1873.28724927803
69.0330000000001,1872.9288840693
69.0340000000001,1870.63690239073
69.0350000000001,1867.61810353372
69.0360000000001,1864.53864533928
69.037,1861.4818881416
69.038,1858.50845126503
69.0390000000002,1855.64511893229
69.0400000000002,1851.13198843014
69.0410000000002,1846.44259723708
69.0420000000001,1842.33100363813
69.0430000000001,1838.93322166034
69.0440000000001,1836.30844036441
69.0450000000001,1834.43890483076
69.046,1831.43250775348
69.047,1828.76757008802
69.048,1827.0662366231
69.0490000000002,1826.34672101566
69.0500000000002,1826.54449589383
69.0510000000002,1827.5156115564
69.0520000000001,1827.19254439308
69.0530000000001,1827.01807059812
69.0540000000001,1827.49020386591
69.0550000000001,1828.55776160795
69.056,1830.11915436812
69.057,1832.03108961026
69.0580000000002,1832.22962324004
69.0590000000002,1832.30528832291
69.0600000000002,1832.84563786994
69.0610000000001,1833.9472569337
69.0620000000001,1835.65913250437
69.0630000000001,1837.96556911309
69.0640000000001,1838.86027300194
69.0650000000001,1840.00162312688
69.066,1841.87212547027
69.067,1844.42174946566
69.0680000000002,1847.48738161966
69.0690000000002,1850.80092126707
69.0700000000002,1852.06815014534
69.0710000000001,1852.78566806816
69.0720000000001,1853.26362727938
69.0730000000001,1853.42420814102
69.0740000000001,1853.19777554542
69.075,1852.52407047723
69.076,1849.38085282659
69.0770000000002,1845.67538037008
69.0780000000002,1842.03987822039
69.0790000000002,1838.71254247437
69.0800000000002,1835.85620728161
69.0810000000001,1833.52969021285
69.0820000000001,1829.72137227865
69.0830000000001,1826.24480948477
69.0840000000001,1823.45678621745
69.085,1821.30314960078
69.086,1819.64879450529
69.0870000000002,1818.30005481986
69.0880000000002,1815.08610134438
69.0890000000002,1811.80562834732
69.0900000000001,1808.82938092164
69.0910000000001,1806.25047478448
69.0920000000001,1804.14490790994
69.0930000000001,1802.55156929215
69.0940000000001,1799.5163768084
69.095,1797.02861747931
69.096,1795.47898279441
69.0970000000002,1794.92712533026
69.0980000000002,1795.34332785299
69.0990000000002,1796.61930293116
69.1000000000001,1796.66566654032
69.1010000000001,1797.37474955865
69.1020000000001,1799.01667654305
69.1030000000001,1801.62390195883
69.104,1805.19103641341
69.105,1809.66538774708
69.1060000000002,1813.0220357632
69.1070000000002,1817.21047206719
69.1080000000002,1822.42736068447
69.1090000000002,1828.5900569469
69.1100000000001,1835.50190241392
69.1110000000001,1842.85785444418
69.1120000000001,1848.34424141507
69.1130000000001,1853.67612575804
69.114,1858.78322918853
69.115,1863.437813712
69.1160000000002,1867.42377895366
69.1170000000002,1870.56583595486
69.1180000000002,1870.82212853208
69.1190000000001,1870.39372672989
69.1200000000001,1869.71876560716
69.1210000000001,1869.16913399553
69.1220000000001,1869.12236157935
69.123,1869.9131468952
69.124,1869.81377275929
69.125,1871.20502735464
69.1260000000002,1874.32047847031
69.1270000000002,1879.05339017209
69.1280000000002,1885.02335200603
69.1290000000001,1891.59866958272
69.1300000000001,1895.95991855442
69.1310000000001,1899.54656210942
69.1320000000001,1901.75303784729
69.133,1902.0070398555
69.134,1899.90632862053
69.1350000000002,1895.27870646051
69.1360000000002,1886.17927521336
69.1370000000002,1875.34734932499
69.1380000000001,1863.54261879279
69.1390000000001,1851.54285337451
69.1400000000001,1840.0468794402
69.1410000000001,1829.53789512228
69.1420000000001,1818.21730482162
69.143,1808.52934194412
69.144,1800.48986389968
69.1450000000002,1793.84497301817
69.1460000000002,1788.14899907672
69.1470000000002,1782.76964531521
69.1480000000001,1774.77985699369
69.1490000000001,1766.40027330016
69.1500000000001,1757.67395982355
69.1510000000001,1748.75326884742
69.152,1739.84297464254
69.153,1730.97957574907
69.1540000000002,1719.46314045007
69.1550000000002,1708.35140630529
69.1560000000002,1698.06990426386
69.1570000000002,1688.94455061937
69.1580000000001,1681.1500984945
69.1590000000001,1674.47458850462
69.1600000000001,1665.86096292194
69.1610000000001,1658.07647604506
69.162,1651.23370917573
69.163,1645.40611318451
69.1640000000002,1640.59568837763
69.1650000000002,1636.5337313945
69.1660000000002,1631.35753523521
69.1670000000001,1626.7449567002
69.1680000000001,1622.36355738303
69.1690000000001,1617.83211771516
69.1700000000001,1612.87915736974
69.171,1607.36531379965
69.172,1600.83068191798
69.173,1595.14269967083
69.1740000000002,1590.8005296875
69.1750000000002,1588.12698559308
69.1760000000002,1587.19901832664
69.1770000000001,1587.69801591451
69.1780000000001,1588.56758004868
69.1790000000001,1590.41167242761
69.1800000000001,1592.35267716762
69.181,1593.51923282276
69.182,1593.33568230552
69.1830000000002,1591.5824122011
69.1840000000002,1588.063563283
69.1850000000002,1585.03436554483
69.1860000000001,1583.41137303628
69.1870000000001,1583.7877708311
69.1880000000001,1586.22821143482
69.1890000000001,1589.93928739138
69.1900000000001,1592.6176918169
69.191,1594.95244773219
69.192,1596.01175633611
69.1930000000002,1595.41114925072
69.1940000000002,1593.69017142567
69.1950000000002,1592.13838727084
69.1960000000001,1591.79265347232
69.1970000000001,1598.1445023773
69.1980000000001,1614.6896982563
69.1990000000001,1644.19449661906
69.2,1688.1214275478
69.201,1745.95649846887
69.2020000000002,1814.54826762274
69.2030000000002,1893.21460360392
69.2040000000002,1979.0147994318
69.2050000000002,2069.42409941282
69.2060000000001,2163.05606149875
69.2070000000001,2259.66612893537
69.2080000000001,2359.48479174566
69.2090000000001,2466.73056065569
69.21,2583.46897300587
69.211,2710.02066360537
69.2120000000002,2843.76572789096
69.2130000000002,2977.97571706718
69.2140000000002,3101.29951548528
69.2150000000001,3202.45822826286
69.2160000000001,3266.8603613353
69.2170000000001,3280.30465491159
69.2180000000001,3231.24074003678
69.2190000000001,3112.40942199578
69.22,2922.00337837659
69.221,2668.10620889966
69.2220000000002,2363.51902805234
69.2230000000002,2025.98420714044
69.2240000000002,1676.03691010814
69.2250000000001,1334.00829913145
69.2260000000001,1017.30104392674
69.2270000000001,741.970116695435
69.2280000000001,516.752854991567
69.229,344.203917759128
69.23,221.165096136143
69.2310000000002,139.536040811607
69.2320000000002,87.9626924525661
69.2330000000002,57.3039181291202
69.2340000000002,38.0360228888169
69.2350000000001,23.2617168061257
69.2360000000001,9.58250991467723
69.2370000000001,-3.20979808936002
69.2380000000001,-12.5545492997365
69.239,-10.813216287897
69.24,9.11502385005007
69.2410000000002,53.883710399527
69.2420000000002,128.402439419597
69.2430000000002,234.3137470863
69.2440000000001,369.59740274357
69.2450000000001,531.641281623764
69.2460000000001,713.473789610821
69.2470000000001,906.071941709481
69.248,1099.43168038727
69.249,1283.14324822969
69.25,1447.70152101645
69.2510000000002,1588.25956211233
69.2520000000002,1700.98385913436
69.2530000000002,1784.60200010186
69.2540000000001,1840.14940763186
69.2550000000001,1869.85848407069
69.2560000000001,1876.89700226666
69.2570000000001,1867.50686429384
69.258,1846.40942088149
69.259,1817.83348405552
69.2600000000002,1785.28826207164
69.2610000000002,1750.84916620736
69.2620000000002,1715.7833430408
69.2630000000001,1683.38560016634
69.2640000000001,1655.01649399128
69.2650000000001,1631.68757825875
69.2660000000001,1614.08929712033
69.2670000000001,1601.77740635048
69.268,1593.98199389629
69.269,1592.26815864352
69.2700000000002,1595.99065913187
69.2710000000002,1604.10392955519
69.2720000000002,1615.31215041237
69.2730000000001,1627.28676242861
69.2740000000001,1638.11443264874
69.2750000000001,1649.10028570888
69.2760000000001,1659.66967555279
69.277,1669.45173572602
69.278,1678.28812422618
69.2790000000002,1685.14696437182
69.2800000000002,1689.57027671605
69.2810000000002,1694.04448794156
69.2820000000002,1698.7270420786
69.2830000000001,1703.54535739116
69.2840000000001,1708.27083036982
69.2850000000001,1711.86937625667
69.2860000000001,1713.49760798091
69.287,1714.51168223848
69.288,1715.0879750849
69.2890000000002,1715.43054432234
69.2900000000002,1715.70694904016
69.2910000000002,1715.4859635633
69.2920000000001,1714.15158934583
69.2930000000001,1712.62055299051
69.2940000000001,1711.2015311783
69.2950000000001,1710.21729426648
69.296,1709.91767554585
69.297,1709.90564721573
69.298,1709.54235503836
69.2990000000002,1709.57243812373
69.3000000000002,1710.16459607253
69.3010000000002,1711.47359057092
69.3020000000001,1713.57285406258
69.3030000000001,1715.83493706117
69.3040000000001,1717.55536899817
69.3050000000001,1719.50648995081
69.306,1721.84681466177
69.307,1724.76049122959
69.3080000000002,1728.37478652502
69.3090000000002,1731.85412726669
69.3100000000002,1734.69175296068
69.3110000000001,1738.05287888106
69.3120000000001,1741.93500297756
69.3130000000001,1746.29005371357
69.3140000000001,1751.03244090263
69.3150000000001,1755.02438998509
69.316,1757.91717099446
69.317,1761.23316177559
69.3180000000002,1765.11214316952
69.3190000000002,1769.63031539307
69.3200000000002,1774.78000902743
69.3210000000001,1779.42110537075
69.3220000000001,1783.19314496315
69.3230000000001,1787.42861130737
69.3240000000001,1792.11344509676
69.325,1797.16675126382
69.326,1802.45090118498
69.3270000000002,1806.75437773323
69.3280000000002,1809.75625308652
69.3290000000002,1812.78583342992
69.3300000000002,1815.99466168249
69.3310000000001,1819.51147610588
69.3320000000001,1823.40443842014
69.3330000000001,1826.58066518295
69.3340000000001,1828.86781353125
69.335,1831.56568848235
69.336,1834.73981363751
69.3370000000002,1838.38558835282
69.3380000000002,1842.42974445187
69.3390000000002,1845.61524437297
69.3400000000001,1847.79368318844
69.3410000000001,1850.27321605199
69.3420000000001,1853.18463423989
69.3430000000001,1856.61846749918
69.3440000000001,1860.59686586395
69.345,1863.88186231174
69.346,1866.4166366696
69.3470000000002,1869.46307828709
69.3480000000002,1873.07357459056
69.3490000000002,1877.23357929226
69.3500000000001,1881.8601848215
69.3510000000001,1885.60035374824
69.3520000000001,1888.43234634371
69.3530000000001,1891.60243833799
69.354,1895.21570462887
69.355,1899.33080654986
69.3560000000002,1903.9344879982
69.3570000000002,1907.68954603255
69.3580000000002,1910.64811807548
69.3590000000002,1913.98006572958
69.3600000000001,1917.71538341201
69.3610000000001,1921.82238968283
69.3620000000001,1926.20627094556
69.3630000000001,1929.45285461248
69.364,1931.6867962795
69.365,1934.09307146485
69.3660000000002,1936.79688212202
69.3670000000002,1939.89146404208
69.3680000000002,1943.41383184707
69.3690000000001,1946.03275802992
69.3700000000001,1948.02335823376
69.3710000000001,1950.55620372844
69.3720000000001,1953.71031490086
69.373,1957.47765398667
69.374,1961.75576713006
69.375,1965.02227872495
69.3760000000002,1967.48639329046
69.3770000000002,1970.17926325885
69.3780000000002,1973.11336784082
69.3790000000001,1976.26951848303
69.3800000000001,1979.5887475801
69.3810000000001,1981.59585436965
69.3820000000001,1982.69411680496
69.383,1984.01088161918
69.384,1985.66099896531
69.3850000000002,1987.69331479225
69.3860000000002,1990.07492840833
69.3870000000002,1991.2643328953
69.3880000000001,1991.70679514755
69.3890000000001,1992.47175833057
69.3900000000001,1993.64958758843
69.3910000000001,1995.29761089718
69.3920000000001,1997.43333376751
69.393,1998.54255380228
69.394,1999.26458666862
69.3950000000002,2000.77414505928
69.3960000000002,2003.24880065268
69.3970000000002,2006.76457015877
69.3980000000001,2011.26333571375
69.3990000000001,2014.9817672936
69.4000000000001,2018.37331740703
69.4010000000001,2022.2851260795
69.402,2026.57345622693
69.403,2031.03537605591
69.4040000000002,2035.42199190681
69.4050000000002,2037.84122317761
69.4060000000002,2038.89624344128
69.4070000000002,2039.61007632827
69.4080000000001,2040.13045134992
69.4090000000001,2040.59144077753
69.4100000000001,2041.07143796373
69.4110000000001,2039.8936142576
69.412,2037.91702190994
69.413,2036.19580238987
69.4140000000002,2034.82352886794
69.4150000000002,2033.79408889373
69.4160000000002,2032.99925371665
69.4170000000001,2030.53477025281
69.4180000000001,2027.20150625464
69.4190000000001,2023.95022918886
69.4200000000001,2020.88971518989
69.421,2018.11446836318
69.422,2015.68271897877
69.423,2011.85770123574
69.4240000000002,2007.71559247102
69.4250000000002,2004.30776793538
69.4260000000002,2001.79386779031
69.4270000000001,2000.22039982643
69.4280000000001,1999.50375839802
69.4290000000001,1997.66469086264
69.4300000000001,1995.61863526051
69.431,1994.14786161133
69.432,1993.23592277507
69.4330000000002,1992.84827988186
69.4340000000002,1992.93535759235
69.4350000000002,1991.63077277374
69.4360000000001,1990.16652039786
69.4370000000001,1989.55986002585
69.4380000000001,1990.04666161786
69.4390000000001,1991.77568317352
69.4400000000001,1994.77338020053
69.441,1997.09015885178
69.442,1999.88376961126
69.4430000000002,2003.90041655917
69.4440000000002,2009.1134940196
69.4450000000002,2015.44308195571
69.4460000000001,2022.77065490803
69.4470000000001,2029.07482740636
69.4480000000001,2035.67339596661
69.4490000000001,2043.43386570024
69.45,2052.50574341438
69.451,2062.93976046542
69.4520000000002,2074.64221847833
69.4530000000002,2085.43371992659
69.4540000000002,2096.44644049636
69.4550000000002,2108.13001432776
69.4560000000001,2120.19730345088
69.4570000000001,2132.29208757268
69.4580000000001,2144.02682481945
69.4590000000001,2153.06642773905
69.46,2160.72474869596
69.461,2167.71486567108
69.4620000000002,2174.19794608619
69.4630000000002,2180.33859984423
69.4640000000002,2186.25074281824
69.4650000000001,2189.94957349446
69.4660000000001,2193.07151931809
69.4670000000001,2196.33483461911
69.4680000000001,2199.75712399682
69.4690000000001,2203.22736855716
69.47,2206.52324571361
69.471,2207.30276645499
69.4720000000002,2207.05049166877
69.4730000000002,2206.34619022083
69.4740000000002,2205.24863803147
69.4750000000001,2203.81656751922
69.4760000000001,2202.08673331282
69.4770000000001,2197.97355365272
69.4780000000001,2193.32097143789
69.479,2188.89938114746
69.48,2184.90891534579
69.4810000000002,2181.4538947175
69.4820000000002,2178.52754288999
69.4830000000002,2173.8957362913
69.4840000000002,2169.32159659386
69.4850000000001,2165.37717892436
69.4860000000001,2162.11518655361
69.4870000000001,2159.52072575747
69.4880000000001,2157.50191079199
69.489,2153.73140486179
69.49,2150.02596796033
69.4910000000002,2146.92568326301
69.4920000000002,2144.50224770689
69.4930000000002,2142.76468063882
69.4940000000001,2141.64201879067
69.4950000000001,2138.77590630512
69.4960000000001,2136.07223453587
69.4970000000001,2134.04303514771
69.498,2132.76790516664
69.499,2132.26559371871
69.5,2132.47581131642
69.5010000000002,2131.00682842151
69.5020000000002,2129.84911784746
69.5030000000002,2129.46541997247
69.5040000000001,2129.89874073862
69.5050000000001,2131.10305683604
69.5060000000001,2132.92566605727
69.5070000000001,2132.81470164719
69.508,2132.7453800558
69.509,2133.04879242461
69.5100000000002,2133.71037457431
69.5110000000002,2134.68633465025
69.5120000000002,2135.8963322849
69.5130000000001,2134.87151557882
69.5140000000001,2133.88654233536
69.5150000000001,2133.43371940933
69.5160000000001,2133.66363214676
69.5170000000001,2134.63329256921
69.518,2136.2753627424
69.519,2135.98010268713
69.5200000000002,2135.98694949672
69.5210000000002,2136.54231889042
69.5220000000002,2137.58024753286
69.5230000000001,2138.99002325983
69.5240000000001,2140.62986124403
69.5250000000001,2139.88030176456
69.5260000000001,2139.24670015606
69.527,2139.17503654671
69.528,2139.86187607873
69.5290000000002,2141.42598571669
69.5300000000002,2143.86719707577
69.5310000000002,2144.52022578075
69.5320000000002,2145.88416765866
69.5330000000001,2148.1436900832
69.5340000000001,2151.20258383686
69.5350000000001,2154.87838888683
69.5360000000001,2158.9229602168
69.537,2160.46338564044
69.538,2162.08900698462
69.5390000000002,2164.07775619331
69.5400000000002,2166.57001260354
69.5410000000002,2169.67144490155
69.5420000000001,2173.40996925157
69.5430000000001,2175.07592079927
69.5440000000001,2177.43065454297
69.5450000000001,2180.68484890598
69.546,2184.83519781019
69.547,2189.7581307748
69.548,2195.2120336332
69.5490000000002,2198.19684149471
69.5500000000002,2201.34103210485
69.5510000000002,2204.70123779703
69.5520000000001,2208.25912949764
69.5530000000001,2211.9662504315
69.5540000000001,2215.72166628988
69.5550000000001,2216.63749691612
69.556,2217.61689893916
69.557,2218.83995024942
69.5580000000002,2220.4097586355
69.5590000000002,2222.34630127639
69.5600000000002,2224.52351402413
69.5610000000001,2224.10623804567
69.5620000000001,2223.89763077551
69.5630000000001,2224.00917413161
69.5640000000001,2224.48528879212
69.5650000000001,2225.31119569844
69.566,2226.31842373549
69.567,2224.80843446612
69.5680000000002,2223.57051613606
69.5690000000002,2222.75538565846
69.5700000000002,2222.43147305882
69.5710000000001,2222.58114206424
69.5720000000001,2222.9636340974
69.5730000000001,2220.91674194246
69.5740000000001,2219.1163905276
69.575,2217.65327892805
69.576,2216.57284564726
69.5770000000002,2215.89337362107
69.5780000000002,2215.4425931375
69.5790000000002,2212.83664382223
69.5800000000002,2210.90973819958
69.5810000000001,2209.96684134525
69.5820000000001,2210.23180822675
69.5830000000001,2211.82793148705
69.5840000000001,2214.55323601202
69.585,2216.04688232301
69.586,2218.8765753271
69.5870000000002,2223.0727621138
69.5880000000002,2228.56184655247
69.5890000000002,2235.19477588677
69.5900000000001,2242.52381197963
69.5910000000001,2248.16247374981
69.5920000000001,2254.56242778116
69.5930000000001,2261.72450045105
69.5940000000001,2269.5421012571
69.595,2277.79282632413
69.596,2285.85763010292
69.5970000000002,2291.24569250718
69.5980000000002,2296.18111200743
69.5990000000002,2300.51470605825
69.6000000000001,2304.11447607624
69.6010000000001,2306.92406889171
69.6020000000001,2308.68002448908
69.6030000000001,2307.5784154151
69.604,2306.59603484408
69.605,2306.40891287685
69.6060000000002,2307.62091076276
69.6070000000002,2310.67884318801
69.6080000000002,2315.43187845163
69.6090000000002,2319.88451678725
69.6100000000001,2326.31649162066
69.6110000000001,2334.38823366205
69.6120000000001,2343.48947190755
69.6130000000001,2352.83390465464
69.614,2361.16654760489
69.615,2365.83651278763
69.6160000000002,2368.79804308858
69.6170000000002,2369.88294200727
69.6180000000002,2369.08706256977
69.6190000000001,2366.56503073588
69.6200000000001,2362.15399489152
69.6210000000001,2354.43853015529
69.6220000000001,2346.39648330326
69.623,2338.67031736726
69.624,2331.75397740114
69.625,2325.96130325348
69.6260000000002,2320.91786728656
69.6270000000002,2314.80281021944
69.6280000000002,2310.00814876959
69.6290000000001,2306.4843307165
69.6300000000001,2304.00876638748
69.6310000000001,2302.21379857966
69.6320000000001,2300.0285630848
69.633,2294.98213807843
69.634,2289.41175918758
69.6350000000002,2283.28654942815
69.6360000000002,2276.61023324477
69.6370000000002,2269.3961988636
69.6380000000001,2260.90889648776
69.6390000000001,2248.90704390406
69.6400000000001,2236.56615547596
69.6410000000001,2224.4719139706
69.6420000000001,2213.18898339931
69.643,2203.1690500515
69.644,2193.84122891827
69.6450000000002,2182.95830880216
69.6460000000002,2173.66202739019
69.6470000000002,2166.26496498886
69.6480000000001,2160.93104675283
69.6490000000001,2157.63242771079
69.6500000000001,2155.40348215826
69.6510000000001,2152.16171577237
69.652,2149.98622049125
69.653,2148.60946113339
69.6540000000002,2147.76878335515
69.6550000000002,2147.29309170787
69.6560000000002,2146.64936918061
69.6570000000002,2145.17528441885
69.6580000000001,2144.83298455958
69.6590000000001,2145.75863062275
69.6600000000001,2147.86126965501
69.6610000000001,2150.83863939799
69.662,2153.85698094389
69.663,2156.0969771297
69.6640000000002,2158.27145375649
69.6650000000002,2159.6954225005
69.6660000000002,2159.77458132312
69.6670000000001,2158.23380633048
69.6680000000001,2154.78280177082
69.6690000000001,2149.64989995288
69.6700000000001,2145.3725887047
69.671,2142.93248952528
69.672,2142.95591327312
69.673,2145.5416303776
69.6740000000002,2149.45233626871
69.6750000000002,2152.79663716959
69.6760000000002,2156.50741581671
69.6770000000001,2159.63005800559
69.6780000000001,2161.57788866601
69.6790000000001,2162.46857232566
69.6800000000001,2162.41720379568
69.681,2162.26946662826
69.682,2167.02387651376
69.6830000000002,2179.83740153687
69.6840000000002,2203.53796595354
69.6850000000002,2240.13536976694
69.6860000000001,2289.57553175682
69.6870000000001,2350.54153998537
69.6880000000001,2423.87032226727
69.6890000000001,2507.73405071739
69.6900000000001,2600.08091269842
69.691,2699.12760020244
69.692,2802.77659175609
69.6930000000002,2909.71087883205
69.6940000000002,3021.94846469949
69.6950000000002,3139.46484304665
69.6960000000001,3261.33970970901
69.6970000000001,3385.11523993986
69.6980000000001,3505.42468021891
69.6990000000001,3615.12606893529
69.7,3708.28492756064
69.701,3776.26080798581
69.7020000000002,3810.54692590523
69.7030000000002,3803.92039594287
69.7040000000002,3750.48090243611
69.7050000000002,3647.68049225424
69.7060000000001,3498.97321065824
69.7070000000001,3309.03948322739
69.7080000000001,3084.83544572288
69.7090000000001,2834.64270238185
69.71,2566.04053574475
69.711,2286.50579251788
69.7120000000002,2005.0041702075
69.7130000000002,1727.45701590689
69.7140000000002,1458.5685037858
69.7150000000001,1202.23932238231
69.7160000000001,961.046654440496
69.7170000000001,738.349900565921
69.7180000000001,540.504218476576
69.7190000000001,372.699596860603
69.72,240.297650172882
69.721,148.29477642296
69.7220000000002,99.5710664158732
69.7230000000002,96.039837168169
69.7240000000002,139.852395155608
69.7250000000001,229.111423978741
69.7260000000001,359.494669831342
69.7270000000001,524.543440066864
69.7280000000001,715.033341788967
69.729,921.572522122031
69.73,1136.75560180996
69.7310000000002,1351.89850492155
69.7320000000002,1559.12228698648
69.7330000000002,1751.71474439321
69.7340000000002,1923.17635276075
69.7350000000001,2069.41648620568
69.7360000000001,2189.96807291013
69.7370000000001,2284.1745451152
69.7380000000001,2352.57156148881
69.739,2396.70016103076
69.74,2417.69286028873
69.7410000000002,2418.33459206533
69.7420000000002,2403.83055008622
69.7430000000002,2378.0266051487
69.7440000000001,2344.70241231905
69.7450000000001,2307.38479557175
69.7460000000001,2267.91117998943
69.7470000000001,2228.83541623778
69.748,2194.0835047991
69.749,2165.407146084
69.75,2143.8843287803
69.7510000000002,2129.93441390205
69.7520000000002,2121.90108863458
69.7530000000002,2119.17583816341
69.7540000000001,2122.63787925286
69.7550000000001,2131.09906442051
69.7560000000001,2143.12274833068
69.7570000000001,2157.186392648
69.758,2170.14517172788
69.759,2181.10375913234
69.7600000000002,2191.30103973381
69.7610000000002,2200.25796427263
69.7620000000002,2207.68652507924
69.7630000000001,2213.50091763734
69.7640000000001,2215.96682502286
69.7650000000001,2215.83342056449
69.7660000000001,2215.61104887161
69.7670000000001,2215.6507453885
69.768,2216.08170950629
69.769,2216.86615969804
69.7700000000002,2216.29508385483
69.7710000000002,2214.57366663096
69.7720000000002,2213.42806219015
69.7730000000001,2213.01753203859
69.7740000000001,2213.44221362316
69.7750000000001,2214.73607502916
69.7760000000001,2215.69819700837
69.777,2216.24111977462
69.778,2217.54670409756
69.7790000000002,2219.8437168557
69.7800000000002,2223.26831652045
69.7810000000002,2227.78102774818
69.7820000000002,2232.19805594256
69.7830000000001,2235.88117004684
69.7840000000001,2239.32136824745
69.7850000000001,2242.47645991494
69.7860000000001,2245.34470195329
69.787,2247.88655643064
69.788,2248.86016302446
69.7890000000002,2248.07787637875
69.7900000000002,2246.50115934033
69.7910000000002,2244.43125953881
69.7920000000001,2242.22441215782
69.7930000000001,2240.20780279322
69.7940000000001,2237.09480468358
69.7950000000001,2233.46929184046
69.796,2230.83470553814
69.797,2229.48232799972
69.798,2229.59373349462
69.7990000000002,2231.23058170459
69.8000000000002,2232.59654282412
69.8010000000002,2234.26799677175
69.8020000000001,2237.60502778644
69.8030000000001,2242.58682594351
69.8040000000001,2249.04467961657
69.8050000000001,2256.66198251396
69.806,2263.2439280384
69.807,2269.03501323845
69.8080000000002,2274.99853421364
69.8090000000002,2280.88212357528
69.8100000000002,2286.40834060665
69.8110000000001,2291.29782948009
69.8120000000001,2293.56378542093
69.8130000000001,2293.83334924846
69.8140000000001,2293.48464793091
69.8150000000001,2292.87068314419
69.816,2292.35721040148
69.817,2292.26413884297
69.8180000000002,2291.02469153496
69.8190000000002,2289.6612368962
69.8200000000002,2289.60141624549
69.8210000000001,2291.04871631531
69.8220000000001,2294.02191753313
69.8230000000001,2298.34998117601
69.8240000000001,2301.83338730312
69.825,2305.03873315762
69.826,2308.87933678461
69.8270000000002,2313.18694432586
69.8280000000002,2317.76437225123
69.8290000000002,2322.39365153357
69.8300000000002,2324.94030873764
69.8310000000001,2326.30959707177
69.8320000000001,2327.7253708585
69.8330000000001,2329.41290380917
69.8340000000001,2331.56366476876
69.835,2334.29544123014
69.836,2335.67388394317
69.8370000000002,2336.81937000226
69.8380000000002,2338.91699442082
69.8390000000002,2342.06906266282
69.8400000000001,2346.23967304205
69.8410000000001,2351.24619081706
69.8420000000001,2354.78030481312
69.8430000000001,2357.73649087623
69.8440000000001,2360.99472235133
69.845,2364.48190413761
69.846,2368.10308902329
69.8470000000002,2371.74265835682
69.8480000000002,2373.24630297251
69.8490000000002,2373.87910738467
69.8500000000001,2374.8020623806
69.8510000000001,2376.26817356723
69.8520000000001,2378.46651859319
69.8530000000001,2381.4847824356
69.854,2383.2254974157
69.855,2385.01340609709
69.8560000000002,2387.82718606587
69.8570000000002,2391.67990589874
69.8580000000002,2396.44979733975
69.8590000000002,2401.87959799244
69.8600000000001,2405.4983624405
69.8610000000001,2408.4268960329
69.8620000000001,2411.39942819019
69.8630000000001,2414.34014415197
69.864,2417.16532570885
69.865,2419.78059809218
69.8660000000002,2419.93494481009
69.8670000000002,2419.19642132639
69.8680000000002,2418.63891278225
69.8690000000001,2418.54342828544
69.8700000000001,2419.11996460562
69.8710000000001,2420.46969058328
69.8720000000001,2420.33589711529
69.873,2420.36665236767
69.874,2421.47954090438
69.875,2423.75530409327
69.8760000000002,2427.16618255228
69.8770000000002,2431.57060890746
69.8780000000002,2434.40280169822
69.8790000000001,2437.23882015886
69.8800000000001,2440.84403848153
69.8810000000001,2445.21738559728
69.8820000000001,2450.27201291822
69.883,2455.81355891316
69.884,2459.16221807839
69.8850000000002,2461.94834475289
69.8860000000002,2464.87723195446
69.8870000000002,2467.97072310616
69.8880000000001,2471.22920697767
69.8890000000001,2474.61659441493
69.8900000000001,2475.60940549077
69.8910000000001,2476.19205781389
69.8920000000001,2477.25174964325
69.893,2478.94467635714
69.894,2481.27054094626
69.8950000000002,2484.03136152166
69.8960000000002,2484.32496800771
69.8970000000002,2483.8338552105
69.8980000000001,2482.98697277273
69.8990000000001,2481.61026413592
69.9000000000001,2479.56186369389
69.9010000000001,2476.76159817591
69.902,2470.64399908949
69.903,2463.65181730361
69.9040000000002,2456.97986078911
69.9050000000002,2451.27551572811
69.9060000000002,2447.08111736683
69.9070000000002,2444.7245534289
69.9080000000001,2441.63674619709
69.9090000000001,2440.00462364599
69.9100000000001,2440.26885530357
69.9110000000001,2442.13001113424
69.912,2445.10937114667
69.913,2448.61366995083
69.9140000000002,2449.37319956518
69.9150000000002,2449.34888603754
69.9160000000002,2448.99502227873
69.9170000000001,2448.41289141681
69.9180000000001,2447.77359437626
69.9190000000001,2447.25867404396
69.9200000000001,2444.32571277127
69.921,2441.70793174014
69.922,2440.31033286393
69.923,2440.53389780586
69.9240000000002,2442.67307941152
69.9250000000002,2446.89482123854
69.9260000000002,2450.51230232788
69.9270000000001,2456.16857077151
69.9280000000001,2464.46280399396
69.9290000000001,2475.44612104361
69.9300000000001,2488.95167100329
69.931,2504.5589880559
69.932,2518.85587551849
69.9330000000002,2533.78680348773
69.9340000000002,2549.12193783921
69.9350000000002,2564.23364372015
69.9360000000001,2578.49191607762
69.9370000000001,2591.32322306099
69.9380000000001,2599.47746212147
69.9390000000001,2605.58016620061
69.9400000000001,2610.23864914176
69.941,2613.89257293005
69.942,2617.01902131225
69.9430000000002,2620.03821210727
69.9440000000002,2620.37757713519
69.9450000000002,2621.21423681379
69.9460000000001,2623.1943135067
69.9470000000001,2626.52102423455
69.9480000000001,2631.1987715849
69.9490000000001,2637.04594729841
69.95,2640.80132234145
69.951,2645.21739866772
69.9520000000002,2650.48758274256
69.9530000000002,2656.55418842141
69.9540000000002,2663.29031205409
69.9550000000002,2670.46882820987
69.9560000000001,2674.75731300372
69.9570000000001,2679.00046953359
69.9580000000001,2683.29654657055
69.9590000000001,2687.50241240283
69.96,2691.39319554881
69.961,2694.66870693666
69.9620000000002,2693.9726207206
69.9630000000002,2692.31932224889
69.9640000000002,2689.97219309157
69.9650000000001,2687.11674154995
69.9660000000001,2683.95038140743
69.9670000000001,2680.64587824435
69.9680000000001,2674.29625549717
69.9690000000001,2668.38393993823
69.97,2663.41011526378
69.971,2659.68180949604
69.9720000000002,2657.33143179096
69.9730000000002,2656.2795670021
69.9740000000002,2653.13246134845
69.9750000000001,2650.97089221569
69.9760000000001,2649.69060104003
69.9770000000001,2649.06510411348
69.9780000000001,2648.78612679572
69.979,2648.43270077628
69.98,2644.56625723891
69.9810000000002,2640.3030553572
69.9820000000002,2635.7710035554
69.9830000000002,2631.10357578263
69.9840000000002,2626.42802640142
69.9850000000001,2621.73446857162
69.9860000000001,2614.12612110811
69.9870000000001,2607.02140666934
69.9880000000001,2600.81444495927
69.989,2595.81163840858
69.99,2592.22734314217
69.9910000000002,2590.01910741667
69.9920000000002,2586.32809866629
69.9930000000002,2584.44485532923
69.9940000000001,2584.56992267949
69.9950000000001,2586.73479546891
69.9960000000001,2590.79886028269
69.9970000000001,2596.24930636357
69.998,2599.82818203829
69.999,2604.39789676585
70,2609.76881356259
70.0010000000002,2615.70376539524
70.0020000000002,2621.96856631329
70.0030000000002,2628.11208716752
70.0040000000001,2631.26508526657
70.0050000000001,2634.70910882387
70.0060000000001,2638.74986595982
70.0070000000001,2643.59523347556
70.008,2649.30611023862
70.009,2655.45521280092
70.0100000000002,2659.07862036036
70.0110000000002,2663.02048606986
70.0120000000002,2667.02343378557
70.0130000000001,2670.69391629637
70.0140000000001,2673.58466844825
70.0150000000001,2674.92608903503
70.0160000000001,2671.84529747317
70.0170000000001,2667.50984205183
70.018,2662.3056826901
70.019,2656.70097547539
70.0200000000002,2651.20586147759
70.0210000000002,2645.91514949505
70.0220000000002,2638.7782354031
70.0230000000001,2633.4110791748
70.0240000000001,2630.34073339539
70.0250000000001,2629.84500165943
70.0260000000001,2631.95553120386
70.027,2636.03026134822
70.028,2639.30504778313
70.0290000000002,2644.5265704884
70.0300000000002,2651.45852289241
70.0310000000002,2659.73104518862
70.0320000000002,2668.87153612319
70.0330000000001,2677.83569871547
70.0340000000001,2683.73745609525
70.0350000000001,2689.18739192721
70.0360000000001,2693.97863924813
70.037,2697.87467268834
70.038,2700.63299632688
70.0390000000002,2701.48484780609
70.0400000000002,2698.04940637501
70.0410000000002,2693.40471101835
70.0420000000001,2687.92510734238
70.0430000000001,2682.00039052613
70.0440000000001,2676.01601564
70.0450000000001,2669.73070374692
70.046,2661.31607906897
70.047,2654.10859782987
70.048,2648.58475038092
70.0490000000002,2645.00772455214
70.0500000000002,2643.40734529024
70.0510000000002,2642.94290676324
70.0520000000001,2641.19354490615
70.0530000000001,2640.69794097361
70.0540000000001,2641.24214998207
70.0550000000001,2642.54131305049
70.056,2644.29116706202
70.057,2645.52664058915
70.0580000000002,2644.11365458413
70.0590000000002,2642.90258716718
70.0600000000002,2642.16868698578
70.0610000000001,2642.14237827635
70.0620000000001,2642.96425506879
70.0630000000001,2643.92009082397
70.0640000000001,2643.09227598682
70.0650000000001,2643.19258866967
70.066,2644.23283524207
70.067,2646.08875209078
70.0680000000002,2648.54469727602
70.0690000000002,2650.57320829319
70.0700000000002,2650.25601625998
70.0710000000001,2650.28122702071
70.0720000000001,2650.83512286411
70.0730000000001,2652.06725017675
70.0740000000001,2654.06939293317
70.075,2656.0456463838
70.076,2656.37800816587
70.0770000000002,2657.7287364129
70.0780000000002,2660.17044382158
70.0790000000002,2663.62499143567
70.0800000000002,2667.89695596279
70.0810000000001,2671.87313338115
70.0820000000001,2673.83564715149
70.0830000000001,2676.25821290881
70.0840000000001,2679.21880664716
70.085,2682.75417217437
70.086,2686.85735497945
70.0870000000002,2690.59004284497
70.0880000000002,2692.53158271424
70.0890000000002,2695.20665768343
70.0900000000001,2698.71217677036
70.0910000000001,2703.01246573876
70.0920000000001,2707.9603201109
70.0930000000001,2712.40240709656
70.0940000000001,2714.87483256623
70.095,2717.78771888143
70.096,2721.24395406035
70.0970000000002,2725.31646621062
70.0980000000002,2730.05539385811
70.0990000000002,2734.50881094642
70.1000000000001,2737.55310149877
70.1010000000001,2741.7129760369
70.1020000000001,2747.09841259429
70.1030000000001,2753.60396151268
70.104,2760.90982540976
70.105,2767.4988482326
70.1060000000002,2771.73401648553
70.1070000000002,2775.47609331868
70.1080000000002,2778.36116277008
70.1090000000002,2780.03937240934
70.1100000000001,2780.24620003128
70.1110000000001,2777.79843337052
70.1120000000001,2771.81507709665
70.1130000000001,2764.98367128361
70.114,2757.89314378965
70.115,2751.06910230955
70.1160000000002,2744.89595875994
70.1170000000002,2738.41721967999
70.1180000000002,2730.70797699494
70.1190000000001,2724.04300715452
70.1200000000001,2718.30701358681
70.1210000000001,2713.16779070816
70.1220000000001,2708.14632498055
70.123,2701.3958117302
70.124,2691.46894104281
70.125,2680.7638689849
70.1260000000002,2669.55986627244
70.1270000000002,2658.22669569882
70.1280000000002,2647.14200158978
70.1290000000001,2635.06951370152
70.1300000000001,2621.11728688098
70.1310000000001,2608.38101336618
70.1320000000001,2597.3817853202
70.133,2588.43073465469
70.134,2581.56550522834
70.1350000000002,2574.90528270331
70.1360000000002,2566.96224059069
70.1370000000002,2560.1181566729
70.1380000000001,2554.29448758293
70.1390000000001,2549.3848535694
70.1400000000001,2545.24853563069
70.1410000000001,2540.29318278759
70.1420000000001,2533.71932088004
70.143,2527.74584036517
70.144,2522.46693302567
70.1450000000002,2517.90378239963
70.1460000000002,2514.02232687538
70.1470000000002,2509.78187899872
70.1480000000001,2505.07048810096
70.1490000000001,2501.33159106047
70.1500000000001,2498.31511598324
70.1510000000001,2495.64806382108
70.152,2492.97128219728
70.153,2489.34406902672
70.1540000000002,2485.04796014644
70.1550000000002,2481.32114279159
70.1560000000002,2478.1201255277
70.1570000000002,2475.31887767647
70.1580000000001,2472.78845583454
70.1590000000001,2469.50577760423
70.1600000000001,2465.73224166946
70.1610000000001,2463.04983897607
70.162,2461.54797048819
70.163,2461.19413812992
70.1640000000002,2461.88203097473
70.1650000000002,2462.10326838185
70.1660000000002,2461.82303047665
70.1670000000001,2463.07744963616
70.1680000000001,2466.23819381263
70.1690000000001,2471.72468257136
70.1700000000001,2480.03444675556
70.171,2490.18699305258
70.172,2502.96372801494
70.173,2521.43298271484
70.1740000000002,2546.93133378077
70.1750000000002,2580.78154494808
70.1760000000002,2624.21459458784
70.1770000000001,2676.7016922008
70.1780000000001,2739.15328247993
70.1790000000001,2813.96795814058
70.1800000000001,2901.26004122548
70.181,3000.43249910884
70.182,3110.11496527469
70.1830000000002,3226.59539085318
70.1840000000002,3347.23604452638
70.1850000000002,3470.38295695411
70.1860000000001,3592.16396686241
70.1870000000001,3708.22457445604
70.1880000000001,3813.92735003093
70.1890000000001,3902.98675659806
70.1900000000001,3971.21649082036
70.191,4016.32503904426
70.192,4034.95256852249
70.1930000000002,4024.30546526157
70.1940000000002,3982.23935680871
70.1950000000002,3905.67747571887
70.1960000000001,3794.32981026121
70.1970000000001,3650.07897316689
70.1980000000001,3474.02612073837
70.1990000000001,3267.97570622507
70.2,3034.48388388922
70.201,2775.28194985691
70.2020000000002,2495.20292861509
70.2030000000002,2201.38395135858
70.2040000000002,1900.54820883969
70.2050000000002,1600.35712112515
70.2060000000001,1309.24516323709
70.2070000000001,1034.44902329654
70.2080000000001,785.552778694217
70.2090000000001,572.827030719496
70.21,404.096127775811
70.211,285.497233438194
70.2120000000002,220.969517822774
70.2130000000002,210.173752108914
70.2140000000002,252.463101493342
70.2150000000001,345.560920522269
70.2160000000001,483.474069450048
70.2170000000001,658.261773466585
70.2180000000001,860.637078138666
70.2190000000001,1078.89363767727
70.22,1303.83949808906
70.221,1527.74995240479
70.2220000000002,1742.66594241965
70.2230000000002,1941.96031718928
70.2240000000002,2120.50612658569
70.2250000000001,2272.94987478096
70.2260000000001,2398.04687464714
70.2270000000001,2496.62443015822
70.2280000000001,2569.42752670345
70.229,2618.1079858496
70.23,2645.01532401063
70.2310000000002,2651.17835654435
70.2320000000002,2640.72220712775
70.2330000000002,2618.50636380831
70.2340000000002,2588.1414636874
70.2350000000001,2552.98841514334
70.2360000000001,2516.01694812436
70.2370000000001,2477.77351603221
70.2380000000001,2441.29684568883
70.239,2409.50147880771
70.24,2383.51856933947
70.2410000000002,2363.91809937141
70.2420000000002,2350.78464767621
70.2430000000002,2341.66366999491
70.2440000000001,2337.35938661202
70.2450000000001,2338.64579948834
70.2460000000001,2344.76594546522
70.2470000000001,2354.75672510433
70.248,2367.51828070258
70.249,2379.4624799839
70.25,2391.21401721306
70.2510000000002,2403.30598060651
70.2520000000002,2414.8212245947
70.2530000000002,2424.86642841722
70.2540000000001,2432.69105092912
70.2550000000001,2435.27129421343
70.2560000000001,2434.34480779806
70.2570000000001,2431.6134541502
70.258,2427.49822362337
70.259,2422.45973331259
70.2600000000002,2416.98626715841
70.2610000000002,2409.35762613343
70.2620000000002,2401.63875028635
70.2630000000001,2395.61677094194
70.2640000000001,2391.77091164775
70.2650000000001,2390.29219388705
70.2660000000001,2391.07364197465
70.2670000000001,2392.09786463758
70.268,2393.65643697163
70.269,2396.11073457816
70.2700000000002,2399.12313996193
70.2710000000002,2402.29550666353
70.2720000000002,2405.1452948916
70.2730000000001,2405.80251194249
70.2740000000001,2404.18751355384
70.2750000000001,2400.748159194
70.2760000000001,2395.7563767233
70.277,2389.65990251645
70.278,2382.95607181782
70.2790000000002,2374.47984808926
70.2800000000002,2365.48769433775
70.2810000000002,2357.2272470963
70.2820000000002,2350.34334479863
70.2830000000001,2345.34987596815
70.2840000000001,2342.5444772892
70.2850000000001,2339.86017107196
70.2860000000001,2338.70154137897
70.287,2339.78617499102
70.288,2342.91411788289
70.2890000000002,2347.75382336575
70.2900000000002,2353.88008545445
70.2910000000002,2358.48449857704
70.2920000000001,2363.02747291017
70.2930000000001,2368.16858530255
70.2940000000001,2373.72102055333
70.2950000000001,2379.42346267837
70.296,2384.93549666555
70.297,2387.52862065743
70.298,2388.74833998043
70.2990000000002,2389.28530167562
70.3000000000002,2389.11646356068
70.3010000000002,2388.24500671354
70.3020000000001,2386.71677597797
70.3030000000001,2382.34236859874
70.3040000000001,2377.27058360024
70.3050000000001,2372.7717835322
70.306,2369.44179287642
70.307,2367.7754804871
70.3080000000002,2368.09012374951
70.3090000000002,2368.13057857331
70.3100000000002,2369.82221514811
70.3110000000001,2373.77983018873
70.3120000000001,2379.76140421355
70.3130000000001,2387.31074787408
70.3140000000001,2395.80689654777
70.3150000000001,2402.12216257017
70.316,2407.75222782857
70.317,2413.02396223337
70.3180000000002,2417.76188661466
70.3190000000002,2421.87243048697
70.3200000000002,2425.32631954504
70.3210000000001,2425.70057810211
70.3220000000001,2425.30633597142
70.3230000000001,2425.07601336105
70.3240000000001,2425.31283958059
70.325,2426.17469552519
70.326,2427.64384752491
70.3270000000002,2427.08304518965
70.3280000000002,2426.51822738678
70.3290000000002,2426.41039120183
70.3300000000002,2426.65761267926
70.3310000000001,2427.1078520128
70.3320000000001,2427.58052594504
70.3330000000001,2425.40848319945
70.3340000000001,2422.86399883216
70.335,2420.62363032036
70.336,2418.88635593742
70.3370000000002,2417.77983831201
70.3380000000002,2417.32836801009
70.3390000000002,2414.93392333337
70.3400000000001,2412.93146449198
70.3410000000001,2411.85879271031
70.3420000000001,2411.77766464436
70.3430000000001,2412.68264750208
70.3440000000001,2414.50779843544
70.345,2414.61039771664
70.346,2415.41292435677
70.3470000000002,2417.46134926788
70.3480000000002,2420.84722922468
70.3490000000002,2425.51481638795
70.3500000000001,2431.22335173052
70.3510000000001,2434.97803171215
70.3520000000001,2438.85648676319
70.3530000000001,2442.86202852843
70.354,2446.60903664248
70.355,2449.69046779287
70.3560000000002,2451.73288610173
70.3570000000002,2449.84796389862
70.3580000000002,2446.6617867959
70.3590000000002,2442.83864587513
70.3600000000001,2438.86382185557
70.3610000000001,2435.24871232595
70.3620000000001,2432.44785404427
70.3630000000001,2428.14327497759
70.364,2425.33616038698
70.365,2424.56668886743
70.3660000000002,2425.87333795789
70.3670000000002,2429.0189456097
70.3680000000002,2433.51616325126
70.3690000000001,2435.99174854297
70.3700000000001,2438.63103676893
70.3710000000001,2441.24600284884
70.3720000000001,2443.49169046687
70.373,2445.08608645168
70.374,2445.81694572051
70.375,2442.7450001222
70.3760000000002,2438.88898419664
70.3770000000002,2434.76876511232
70.3780000000002,2430.72062227965
70.3790000000001,2426.98482050517
70.3800000000001,2423.65351284439
70.3810000000001,2417.78489008304
70.3820000000001,2412.39028706836
70.383,2407.67475114215
70.384,2403.64114667613
70.3850000000002,2400.22314325036
70.3860000000002,2397.30455423637
70.3870000000002,2391.83782564098
70.3880000000001,2386.99751068113
70.3890000000001,2383.12516717934
70.3900000000001,2380.44553808398
70.3910000000001,2379.07922660396
70.3920000000001,2378.9907089521
70.393,2377.02526031385
70.394,2376.20570726442
70.3950000000002,2376.45473837325
70.3960000000002,2377.54750963497
70.3970000000002,2379.16520338938
70.3980000000001,2380.88616526366
70.3990000000001,2379.4769332783
70.4000000000001,2377.9304550452
70.4010000000001,2376.38396101915
70.402,2374.97646832077
70.403,2373.82750458573
70.4040000000002,2372.89940149711
70.4050000000002,2369.40616352086
70.4060000000002,2366.46928132733
70.4070000000002,2364.24019300297
70.4080000000001,2362.72249944056
70.4090000000001,2361.8011792377
70.4100000000001,2361.13106166371
70.4110000000001,2357.80163265896
70.412,2354.75579852519
70.413,2352.12187350358
70.4140000000002,2349.99720637181
70.4150000000002,2348.45328454549
70.4160000000002,2347.34163494259
70.4170000000001,2344.09663177634
70.4180000000001,2341.83509315641
70.4190000000001,2340.83388197104
70.4200000000001,2341.27131036531
70.421,2343.24082400607
70.422,2346.53246846395
70.423,2348.64554633964
70.4240000000002,2352.55089947228
70.4250000000002,2358.41300241694
70.4260000000002,2366.25111377348
70.4270000000001,2375.93487238445
70.4280000000001,2386.91365615317
70.4290000000001,2396.41969755265
70.4300000000001,2406.94009178782
70.431,2418.18995270049
70.432,2429.7772164539
70.4330000000002,2441.25609299585
70.4340000000002,2451.86425246208
70.4350000000002,2458.9304182442
70.4360000000001,2465.08939497505
70.4370000000001,2470.39201067231
70.4380000000001,2474.88868448064
70.4390000000001,2478.62392226217
70.4400000000001,2481.2731339441
70.441,2480.67269060706
70.442,2479.73403080518
70.4430000000002,2478.73723667046
70.4440000000002,2477.87238408349
70.4450000000002,2477.25252781077
70.4460000000001,2476.53368223366
70.4470000000001,2473.64173459255
70.4480000000001,2471.38086799497
70.4490000000001,2469.95427070524
70.45,2469.43041717411
70.451,2469.74143446403
70.4520000000002,2470.25914092825
70.4530000000002,2468.7111139142
70.4540000000002,2467.49756113181
70.4550000000002,2466.48636256752
70.4560000000001,2465.46966153042
70.4570000000001,2464.21171846153
70.4580000000001,2462.02236622432
70.4590000000001,2456.85998928514
70.46,2451.36959138599
70.461,2445.81329953533
70.4620000000002,2440.42580060611
70.4630000000002,2435.39208456013
70.4640000000002,2430.31548059914
70.4650000000001,2423.4409184491
70.4660000000001,2417.39638287633
70.4670000000001,2412.31557859134
70.4680000000001,2408.17957504109
70.4690000000001,2404.84634906893
70.47,2401.54128160623
70.471,2396.30686255994
70.4720000000002,2391.50797526343
70.4730000000002,2387.17081038488
70.4740000000002,2383.2725553122
70.4750000000001,2379.74849066963
70.4760000000001,2375.9131244776
70.4770000000001,2370.04535150266
70.4780000000001,2364.55902976408
70.479,2359.54548361462
70.48,2355.00425307361
70.4810000000002,2350.86285852345
70.4820000000002,2346.38589270703
70.4830000000002,2339.95811713502
70.4840000000002,2333.97397879075
70.4850000000001,2328.60333898311
70.4860000000001,2323.96865627956
70.4870000000001,2320.1511280576
70.4880000000001,2316.53434944819
70.489,2311.7308832289
70.49,2308.19566089539
70.4910000000002,2306.10048200124
70.4920000000002,2305.47581912663
70.4930000000002,2306.2171129731
70.4940000000001,2307.39519143553
70.4950000000001,2307.38383871599
70.4960000000001,2308.26561087191
70.4970000000001,2309.84694351526
70.498,2311.82930901964
70.499,2313.85508198854
70.5,2314.81185977831
70.5010000000002,2313.15742784141
70.5020000000002,2311.05961677128
70.5030000000002,2308.569152007
70.5040000000001,2305.73686522846
70.5050000000001,2302.62723528975
70.5060000000001,2298.54437595756
70.5070000000001,2292.47513415328
70.508,2286.90879326188
70.509,2282.15820355318
70.5100000000002,2278.40154327946
70.5110000000002,2275.68382950109
70.5120000000002,2273.11753970228
70.5130000000001,2269.51551319212
70.5140000000001,2266.9603693423
70.5150000000001,2265.38686785022
70.5160000000001,2264.62315483448
70.5170000000001,2264.43862915929
70.518,2263.74385982495
70.519,2261.39701327786
70.5200000000002,2259.48502662144
70.5210000000002,2258.07968306171
70.5220000000002,2257.18724075026
70.5230000000001,2256.7508890326
70.5240000000001,2255.77398632428
70.5250000000001,2253.24985698714
70.5260000000001,2251.1894836314
70.527,2249.56699567233
70.528,2248.24218001531
70.5290000000002,2246.99502870982
70.5300000000002,2244.6511148537
70.5310000000002,2240.1952646838
70.5320000000002,2235.57432468395
70.5330000000001,2230.84086160339
70.5340000000001,2226.01931519666
70.5350000000001,2221.1210362352
70.5360000000001,2215.21261553541
70.537,2207.64452508312
70.538,2200.55179132198
70.5390000000002,2194.18263352151
70.5400000000002,2188.68887086299
70.5410000000002,2184.12991593581
70.5420000000001,2179.50722119001
70.5430000000001,2174.13907607637
70.5440000000001,2169.91419836005
70.5450000000001,2166.82757429601
70.546,2164.73186355325
70.547,2163.36175211842
70.548,2161.37300484771
70.5490000000002,2157.88751161803
70.5500000000002,2154.51228268731
70.5510000000002,2151.1335192006
70.5520000000001,2147.63482527238
70.5530000000001,2143.93388099877
70.5540000000001,2138.99063166333
70.5550000000001,2132.45442571274
70.556,2126.34325916126
70.557,2120.98474478377
70.5580000000002,2116.60168882849
70.5590000000002,2113.28596495222
70.5600000000002,2109.93908868805
70.5610000000001,2106.06233462712
70.5620000000001,2103.20878658324
70.5630000000001,2101.16947356987
70.5640000000001,2099.60413311186
70.5650000000001,2098.1107906601
70.566,2095.2329636715
70.567,2090.43492437058
70.5680000000002,2085.30763426897
70.5690000000002,2079.95330599125
70.5700000000002,2074.50875362524
70.5710000000001,2069.14266704691
70.5720000000001,2062.97519780345
70.5730000000001,2056.07928271285
70.5740000000001,2050.34401948576
70.575,2046.06910440968
70.576,2043.40776989644
70.5770000000002,2042.37795832329
70.5780000000002,2041.80631024964
70.5790000000002,2041.47078691904
70.5800000000002,2042.72605192236
70.5810000000001,2045.36885268858
70.5820000000001,2049.05138449679
70.5830000000001,2053.32611597315
70.5840000000001,2056.60541793235
70.585,2058.45256982008
70.586,2059.99685413674
70.5870000000002,2061.01466396657
70.5880000000002,2061.30947351532
70.5890000000002,2060.75803072321
70.5900000000001,2058.23195164356
70.5910000000001,2053.96064136203
70.5920000000001,2049.65425126717
70.5930000000001,2045.68811207797
70.5940000000001,2042.35563007929
70.595,2039.84448801779
70.596,2037.09662341833
70.5970000000002,2034.24793645183
70.5980000000002,2032.54796687739
70.5990000000002,2031.78291195988
70.6000000000001,2031.55294683872
70.6010000000001,2031.34511922105
70.6020000000001,2029.4786034734
70.6030000000001,2025.73129666919
70.604,2021.12640424723
70.605,2015.55870128433
70.6060000000002,2009.01089755653
70.6070000000002,2001.57582710919
70.6080000000002,1992.29231079828
70.6090000000002,1981.78372727471
70.6100000000001,1971.73886322686
70.6110000000001,1962.58434571036
70.6120000000001,1954.58578771948
70.6130000000001,1947.83082204751
70.614,1941.03846707062
70.615,1934.36940735718
70.6160000000002,1928.802926402
70.6170000000002,1924.04583175719
70.6180000000002,1919.70220039867
70.6190000000001,1915.34441010666
70.6200000000001,1909.24719817464
70.6210000000001,1901.52757426517
70.6220000000001,1893.39185820186
70.623,1884.91573421037
70.624,1876.14117526994
70.625,1867.03448423185
70.6260000000002,1855.86563841696
70.6270000000002,1842.88431473083
70.6280000000002,1829.49916385372
70.6290000000001,1815.84264397907
70.6300000000001,1802.02582082878
70.6310000000001,1788.13544167605
70.6320000000001,1772.34879001151
70.633,1755.24176901307
70.634,1738.80016845839
70.6350000000002,1723.67190557765
70.6360000000002,1710.40762824688
70.6370000000002,1699.33296688366
70.6380000000001,1688.90866464468
70.6390000000001,1679.41299820694
70.6400000000001,1671.64918265271
70.6410000000001,1665.11843608606
70.6420000000001,1659.25851675695
70.643,1653.6007782626
70.644,1647.00661951119
70.6450000000002,1640.16103006629
70.6460000000002,1633.89394345708
70.6470000000002,1628.27363586118
70.6480000000001,1623.24359709006
70.6490000000001,1618.61697359084
70.6500000000001,1613.41873646651
70.6510000000001,1608.06674226
70.652,1602.70675283826
70.653,1596.88703192017
70.6540000000002,1590.32006702532
70.6550000000002,1583.06478050723
70.6560000000002,1574.93011170125
70.6570000000002,1567.53494052434
70.6580000000001,1562.27266898854
70.6590000000001,1559.71106875737
70.6600000000001,1559.94875122292
70.6610000000001,1562.54963568172
70.662,1565.80016056357
70.663,1569.27798805696
70.6640000000002,1572.14315657244
70.6650000000002,1573.0892892803
70.6660000000002,1571.28577321004
70.6670000000001,1566.70495581031
70.6680000000001,1558.98030343604
70.6690000000001,1550.90167982891
70.6700000000001,1545.85314658777
70.671,1546.58037221402
70.672,1555.43187786898
70.673,1573.94526965302
70.6740000000002,1601.15269064071
70.6750000000002,1637.54976793585
70.6760000000002,1682.89005744646
70.6770000000001,1735.870868791
70.6780000000001,1795.44167713677
70.6790000000001,1861.29769257138
70.6800000000001,1932.77454964298
70.681,2012.58854476991
70.682,2103.8351790227
70.6830000000002,2208.67470155722
70.6840000000002,2328.10301143369
70.6850000000002,2461.07291535826
70.6860000000001,2602.51072917109
70.6870000000001,2746.74970089556
70.6880000000001,2885.10092501454
70.6890000000001,3006.1709882623
70.6900000000001,3097.64083550456
70.691,3147.69935552064
70.692,3145.1766291223
70.6930000000002,3084.57676390797
70.6940000000002,2964.22510471379
70.6950000000002,2786.33644761155
70.6960000000001,2557.44218744849
70.6970000000001,2287.77210926654
70.6980000000001,1988.92348422328
70.6990000000001,1676.46970545588
70.7,1365.87705552386
70.701,1071.08648662351
70.7020000000002,804.015436518839
70.7030000000002,573.757260328637
70.7040000000002,384.682914221408
70.7050000000002,240.030640396192
70.7060000000001,138.992427028333
70.7070000000001,76.9073590975041
70.7080000000001,46.369106497497
70.7090000000001,38.1297243288023
70.71,40.884146962442
70.711,46.4688635820086
70.7120000000002,48.1107006836865
70.7130000000002,41.5175859584331
70.7140000000002,26.0631037501701
70.7150000000001,4.97559964903648
70.7160000000001,-16.4570519787265
70.7170000000001,-27.9832811844064
70.7180000000001,-19.0426085703828
70.7190000000001,19.564653905877
70.72,94.3901554278169
70.721,207.982022696586
70.7220000000002,356.767897521363
70.7230000000002,535.097510577386
70.7240000000002,732.775470077251
70.7250000000001,936.698795362138
70.7260000000001,1133.07591246654
70.7270000000001,1309.30436378127
70.7280000000001,1454.17665445848
70.729,1563.06681029704
70.73,1634.88262892422
70.7310000000002,1672.04549900742
70.7320000000002,1679.95931211178
70.7330000000002,1665.75397411426
70.7340000000002,1635.51169045516
70.7350000000001,1597.37176143431
70.7360000000001,1557.12417007351
70.7370000000001,1518.29828796783
70.7380000000001,1482.62785907779
70.739,1450.49566968796
70.74,1419.95302374838
70.7410000000002,1392.11666364991
70.7420000000002,1367.34008402094
70.7430000000002,1346.03198751576
70.7440000000001,1328.96780929192
70.7450000000001,1317.05040356061
70.7460000000001,1309.09434011553
70.7470000000001,1307.3717057746
70.748,1311.95956365719
70.749,1321.72110875563
70.75,1334.9109445854
70.7510000000002,1349.50710871327
70.7520000000002,1361.38506652534
70.7530000000002,1371.57796476903
70.7540000000001,1379.70861836885
70.7550000000001,1385.45338184841
70.7560000000001,1388.95807519866
70.7570000000001,1390.72526707296
70.758,1389.60650828484
70.759,1388.26667533869
70.7600000000002,1387.63830624652
70.7610000000002,1387.95735188926
70.7620000000002,1389.08547949844
70.7630000000001,1390.6097715324
70.7640000000001,1390.84647983395
70.7650000000001,1390.23355138102
70.7660000000001,1388.81956659293
70.7670000000001,1386.72717149426
70.768,1384.22190303421
70.769,1381.60159851463
70.7700000000002,1378.13478079044
70.7710000000002,1374.61479428572
70.7720000000002,1371.45170836821
70.7730000000001,1368.91505305429
70.7740000000001,1367.1693014819
70.7750000000001,1366.2267131113
70.7760000000001,1364.96713514261
70.777,1363.80398904406
70.778,1362.80764222223
70.7790000000002,1362.02732688887
70.7800000000002,1361.52865239334
70.7810000000002,1361.34359015872
70.7820000000002,1360.3344654043
70.7830000000001,1359.33118031791
70.7840000000001,1358.63935023109
70.7850000000001,1358.52453327509
70.7860000000001,1359.2123236348
70.787,1360.80113877734
70.788,1361.57381307751
70.7890000000002,1363.02156510008
70.7900000000002,1365.11314390924
70.7910000000002,1367.61641308145
70.7920000000001,1370.27118554446
70.7930000000001,1372.84487838987
70.7940000000001,1373.38385059717
70.7950000000001,1373.86867916734
70.796,1374.6716049814
70.797,1376.08871740643
70.798,1378.37761290744
70.7990000000002,1381.6929676872
70.8000000000002,1384.32508042605
70.8010000000002,1388.03369785464
70.8020000000001,1392.79900254903
70.8030000000001,1398.37329214761
70.8040000000001,1404.37820729866
70.8050000000001,1410.35191421752
70.806,1414.13070085575
70.807,1417.1599088243
70.8080000000002,1419.39164915413
70.8090000000002,1420.84340184986
70.8100000000002,1421.6114426786
70.8110000000001,1421.82993795734
70.8120000000001,1419.90589453492
70.8130000000001,1417.9253588226
70.8140000000001,1416.23890774482
70.8150000000001,1415.12143356628
70.816,1414.76045776787
70.817,1415.21274365036
70.8180000000002,1414.75576946215
70.8190000000002,1415.25703565274
70.8200000000002,1416.7954747817
70.8210000000001,1419.35269580259
70.8220000000001,1422.81590855687
70.8230000000001,1426.91956052605
70.8240000000001,1429.71040402863
70.825,1432.78411402293
70.826,1436.02274105586
70.8270000000002,1439.28987060034
70.8280000000002,1442.45732033876
70.8290000000002,1445.33695661242
70.8300000000002,1446.24817791744
70.8310000000001,1447.08863057444
70.8320000000001,1448.13617188957
70.8330000000001,1449.6669592761
70.8340000000001,1451.92175255344
70.835,1454.95456663757
70.836,1457.26398868545
70.8370000000002,1460.6591954989
70.8380000000002,1465.19184483358
70.8390000000002,1470.76503159173
70.8400000000001,1477.14566820444
70.8410000000001,1483.84945788833
70.8420000000001,1488.95336412783
70.8430000000001,1493.82824828651
70.8440000000001,1498.25625701792
70.845,1502.03669253159
70.846,1505.00775756708
70.8470000000002,1506.89593260794
70.8480000000002,1506.21595296137
70.8490000000002,1504.75083083196
70.8500000000001,1502.76171021655
70.8510000000001,1500.506601487
70.8520000000001,1498.21713949518
70.8530000000001,1495.88900377381
70.854,1492.26342083477
70.855,1489.16179923254
70.8560000000002,1486.7849855003
70.8570000000002,1485.23770053919
70.8580000000002,1484.53444825975
70.8590000000002,1484.39543156554
70.8600000000001,1483.35086097426
70.8610000000001,1482.99736690874
70.8620000000001,1483.36573187709
70.8630000000001,1484.444650373
70.864,1486.18339637532
70.865,1488.24590836612
70.8660000000002,1489.18490425549
70.8670000000002,1490.60913037483
70.8680000000002,1492.54018641232
70.8690000000001,1494.93346637612
70.8700000000001,1497.67880853583
70.8710000000001,1500.33026777684
70.8720000000001,1501.37898383892
70.873,1502.39251888745
70.874,1503.39206002997
70.875,1504.39556810559
70.8760000000002,1505.42238165705
70.8770000000002,1506.18079738002
70.8780000000002,1505.40167854884
70.8790000000001,1504.894976862
70.8800000000001,1504.89818822346
70.8810000000001,1505.58060411967
70.8820000000001,1507.01481881822
70.883,1508.81391768837
70.884,1509.56519027227
70.8850000000002,1510.82216872791
70.8860000000002,1512.52348378461
70.8870000000002,1514.54578691838
70.8880000000001,1516.72339457607
70.8890000000001,1518.49233960302
70.8900000000001,1518.45366013447
70.8910000000001,1518.21668623949
70.8920000000001,1517.86574243778
70.893,1517.46158140356
70.894,1517.01714929699
70.8950000000002,1516.0758090072
70.8960000000002,1513.36711427444
70.8970000000002,1510.47653322278
70.8980000000001,1507.43386524795
70.8990000000001,1504.22771937181
70.9000000000001,1500.82444636216
70.9010000000001,1496.75617547238
70.902,1490.92065721572
70.903,1485.09795615602
70.9040000000002,1479.59737221708
70.9050000000002,1474.72114486343
70.9060000000002,1470.73156351222
70.9070000000002,1467.35711811361
70.9080000000001,1463.6681621553
70.9090000000001,1461.38055442341
70.9100000000001,1460.60762538968
70.9110000000001,1461.3273980643
70.912,1463.3960620455
70.913,1466.08987027197
70.9140000000002,1468.15574399207
70.9150000000002,1470.95965381932
70.9160000000002,1474.42221853876
70.9170000000001,1478.4589048615
70.9180000000001,1482.98597715671
70.9190000000001,1487.41566858206
70.9200000000001,1490.78681400635
70.921,1494.69061418851
70.922,1499.31080770821
70.923,1504.80222042244
70.9240000000002,1511.27680733803
70.9250000000002,1518.25764140733
70.9260000000002,1524.91355559867
70.9270000000001,1532.8083694057
70.9280000000001,1542.04480368028
70.9290000000001,1552.61803205423
70.9300000000001,1564.40658496694
70.931,1576.60825444849
70.932,1588.1113431736
70.9330000000002,1600.11752240021
70.9340000000002,1612.40651794401
70.9350000000002,1624.70766694863
70.9360000000001,1636.72105696322
70.9370000000001,1647.54306033529
70.9380000000001,1656.15935841727
70.9390000000001,1663.90526769861
70.9400000000001,1670.79746337535
70.941,1676.85550806081
70.942,1682.08831689454
70.9430000000002,1685.85943694297
70.9440000000002,1687.47236200686
70.9450000000002,1688.45538882547
70.9460000000001,1688.99490371805
70.9470000000001,1689.24160417596
70.9480000000001,1689.30765491716
70.9490000000001,1688.61236970502
70.95,1686.5877201753
70.951,1684.78439806769
70.9520000000002,1683.39913313921
70.9530000000002,1682.54335765268
70.9540000000002,1682.22809863054
70.9550000000002,1681.67638515185
70.9560000000001,1680.15018523107
70.9570000000001,1678.91132830193
70.9580000000001,1677.88516762846
70.9590000000001,1676.94119881367
70.96,1675.91403964403
70.961,1673.9164458767
70.9620000000002,1670.29081885873
70.9630000000002,1666.41169429099
70.9640000000002,1662.43899375922
70.9650000000001,1658.53400526841
70.9660000000001,1654.83477442351
70.9670000000001,1650.69789002124
70.9680000000001,1645.71410059958
70.9690000000001,1641.32412427619
70.97,1637.68722257988
70.971,1634.86960632199
70.9720000000002,1632.84074565672
70.9730000000002,1630.71674775769
70.9740000000002,1627.92556021811
70.9750000000001,1625.69147617961
70.9760000000001,1624.03239351617
70.9770000000001,1622.93677085609
70.9780000000001,1622.36046799453
70.979,1621.42746163233
70.98,1619.70375272952
70.9810000000002,1618.48951205751
70.9820000000002,1617.88898793762
70.9830000000002,1617.95546870789
70.9840000000002,1618.67959164154
70.9850000000001,1619.15468095681
70.9860000000001,1618.98636360544
70.9870000000001,1619.41433812605
70.9880000000001,1620.48413724495
70.989,1622.18766518124
70.99,1624.46027281426
70.9910000000002,1626.31153332009
70.9920000000002,1627.38468343839
70.9930000000002,1628.88823676543
70.9940000000001,1630.83962387846
70.9950000000001,1633.19720700914
70.9960000000001,1635.85690948009
70.9970000000001,1637.7400448376
70.998,1638.52090410994
70.999,1639.37242217504
71,1640.28726515181
71.0010000000002,1641.22318726587
71.0020000000002,1642.11251435481
71.0030000000002,1641.91468222684
71.0040000000001,1640.49950702081
71.0050000000001,1639.20306176055
71.0060000000001,1638.21131004884
71.0070000000001,1637.67632798687
71.008,1637.70186357763
71.009,1637.32844335976
71.0100000000002,1636.54314629799
71.0110000000002,1636.6614887324
71.0120000000002,1637.78915764611
71.0130000000001,1639.92856542347
71.0140000000001,1642.97814189766
71.0150000000001,1645.70044906379
71.0160000000001,1647.89355183166
71.0170000000001,1650.63198198507
71.018,1653.85323379531
71.019,1657.45828227654
71.0200000000002,1661.31747192266
71.0210000000002,1664.20414506839
71.0220000000002,1666.07638481604
71.0230000000001,1668.11533814369
71.0240000000001,1670.40762861062
71.0250000000001,1672.99132843974
71.0260000000001,1675.84098458958
71.027,1677.75812822046
71.028,1678.76840125535
71.0290000000002,1679.99603540666
71.0300000000002,1681.4797484019
71.0310000000002,1683.20276554176
71.0320000000002,1685.09293694838
71.0330000000001,1685.89240091602
71.0340000000001,1685.68411984291
71.0350000000001,1685.59618021843
71.0360000000001,1685.72506244692
71.037,1686.121899479
71.038,1686.77639774936
71.0390000000002,1686.45238539914
71.0400000000002,1685.31076358466
71.0410000000002,1684.42570203873
71.0420000000001,1683.85571479513
71.0430000000001,1683.60669546356
71.0440000000001,1683.63127686796
71.0450000000001,1682.65927519928
71.046,1680.92868417696
71.047,1679.50883439371
71.048,1678.5046051326
71.0490000000002,1677.9699592652
71.0500000000002,1677.89444330638
71.0510000000002,1677.0020469264
71.0520000000001,1675.59457137863
71.0530000000001,1674.68913788842
71.0540000000001,1674.37012756815
71.0550000000001,1674.6901828583
71.056,1675.67346202981
71.057,1676.11335849549
71.0580000000002,1676.49710341134
71.0590000000002,1677.92531082276
71.0600000000002,1680.58788802592
71.0610000000001,1684.59506336522
71.0620000000001,1689.9528951557
71.0630000000001,1695.34225743524
71.0640000000001,1701.10412816054
71.0650000000001,1707.98315094179
71.066,1715.79318720579
71.067,1724.25078992994
71.0680000000002,1733.0021370509
71.0690000000002,1740.44006695011
71.0700000000002,1746.80402252009
71.0710000000001,1752.76843251097
71.0720000000001,1758.24731482196
71.0730000000001,1763.17384859994
71.0740000000001,1767.49895438519
71.075,1769.94833558864
71.076,1771.20290593548
71.0770000000002,1772.27576689116
71.0780000000002,1773.41314795914
71.0790000000002,1774.82965394867
71.0800000000002,1776.69476750234
71.0810000000001,1777.85023828282
71.0820000000001,1779.10650284388
71.0830000000001,1781.41679382387
71.0840000000001,1784.8874996206
71.085,1789.48549088489
71.086,1795.03103375945
71.0870000000002,1799.90467482247
71.0880000000002,1804.50021758399
71.0890000000002,1809.25427816381
71.0900000000001,1813.82815267497
71.0910000000001,1817.8450847405
71.0920000000001,1820.93307564691
71.0930000000001,1821.43532842386
71.0940000000001,1820.00666835419
71.095,1817.44516632989
71.096,1813.95236755966
71.0970000000002,1809.78624588522
71.0980000000002,1805.23030322634
71.0990000000002,1799.18222475688
71.1000000000001,1792.82919627414
71.1010000000001,1787.23250415538
71.1020000000001,1782.65741636642
71.1030000000001,1779.19375618988
71.104,1776.74362053041
71.105,1773.54874713757
71.1060000000002,1770.2362024617
71.1070000000002,1767.24407884814
71.1080000000002,1764.28943584415
71.1090000000002,1761.04398174986
71.1100000000001,1757.1573039727
71.1110000000001,1750.51269715073
71.1120000000001,1742.00419900432
71.1130000000001,1732.5286471665
71.114,1722.36636659428
71.115,1711.81832740815
71.1160000000002,1701.12781460019
71.1170000000002,1688.25007758392
71.1180000000002,1674.6021951179
71.1190000000001,1661.46596729973
71.1200000000001,1649.32299141523
71.1210000000001,1638.56284040658
71.1220000000001,1629.40179043218
71.123,1619.589919889
71.124,1610.40815169777
71.125,1602.79180396762
71.1260000000002,1596.862067532
71.1270000000002,1592.64438000633
71.1280000000002,1590.03075861045
71.1290000000001,1587.16939335109
71.1300000000001,1584.95266928678
71.1310000000001,1583.6489728505
71.1320000000001,1582.91285339148
71.133,1582.39032327266
71.134,1581.79903635758
71.1350000000002,1580.17863550608
71.1360000000002,1578.51568530851
71.1370000000002,1577.11310510851
71.1380000000001,1575.89620578006
71.1390000000001,1574.75381161489
71.1400000000001,1573.59357566127
71.1410000000001,1571.68850276806
71.1420000000001,1570.07903820138
71.143,1569.01135388702
71.144,1568.36982638369
71.1450000000002,1568.00253196532
71.1460000000002,1567.79426152134
71.1470000000002,1566.87333122655
71.1480000000001,1566.40375748202
71.1490000000001,1566.71648448922
71.1500000000001,1567.77134229611
71.1510000000001,1569.47255771649
71.152,1571.73219370415
71.153,1573.07831169875
71.1540000000002,1575.09512426218
71.1550000000002,1578.5693927356
71.1560000000002,1583.9766237891
71.1570000000002,1591.82715792036
71.1580000000001,1602.64413213287
71.1590000000001,1615.13172999864
71.1600000000001,1631.59069524603
71.1610000000001,1653.4046170068
71.162,1681.67847097402
71.163,1717.65393732455
71.1640000000002,1762.67773652646
71.1650000000002,1816.31521132491
71.1660000000002,1881.50680471906
71.1670000000001,1959.7160756612
71.1680000000001,2051.37239112185
71.1690000000001,2155.97232405087
71.1700000000001,2271.90570405701
71.171,2394.71330523344
71.172,2522.31637908821
71.173,2650.67219932973
71.1740000000002,2774.91258528028
71.1750000000002,2889.97957106458
71.1760000000002,2990.89138226828
71.1770000000001,3071.18607713522
71.1780000000001,3128.1129552219
71.1790000000001,3157.88110738663
71.1800000000001,3156.47707643597
71.181,3119.93006185352
71.182,3044.49653846903
71.1830000000002,2925.34791726592
71.1840000000002,2762.54362713726
71.1850000000002,2557.01526690956
71.1860000000001,2312.31179687795
71.1870000000001,2035.30886804333
71.1880000000001,1736.21536904729
71.1890000000001,1426.228914821
71.1900000000001,1121.78700941383
71.191,838.005507442344
71.192,587.964451956914
71.1930000000002,381.213640826977
71.1940000000002,222.535800708501
71.1950000000002,109.674566623634
71.1960000000001,39.2336350352172
71.1970000000001,2.83839822796674
71.1980000000001,-9.77084023899234
71.1990000000001,-8.44156130508889
71.2,-0.674845733161378
71.201,7.92631367892389
71.2020000000002,19.7494631360933
71.2030000000002,39.477953070592
71.2040000000002,74.1283472254552
71.2050000000002,131.34217643802
71.2060000000001,217.371870098997
71.2070000000001,333.519134426459
71.2080000000001,480.751197980988
71.2090000000001,654.059938762514
71.21,844.553619003879
71.211,1040.91929714922
71.2120000000002,1231.15150832688
71.2130000000002,1402.43705259473
71.2140000000002,1548.42989825812
71.2150000000001,1664.49227059101
71.2160000000001,1749.43838728797
71.2170000000001,1805.1608277599
71.2180000000001,1835.70327746083
71.2190000000001,1844.21234195275
71.22,1837.94401885848
71.221,1821.59799064477
71.2220000000002,1798.64998216466
71.2230000000002,1771.41156246938
71.2240000000002,1741.30870195629
71.2250000000001,1707.26034515749
71.2260000000001,1672.57666546725
71.2270000000001,1638.77601045554
71.2280000000001,1607.60107962186
71.229,1580.901192423
71.23,1560.32927082287
71.2310000000002,1544.68050925092
71.2320000000002,1537.16245454258
71.2330000000002,1537.53807563242
71.2340000000002,1544.69600670946
71.2350000000001,1556.91263296656
71.2360000000001,1572.14257022184
71.2370000000001,1585.86001422764
71.2380000000001,1599.8236911488
71.239,1613.13063570187
71.24,1625.24050891
71.2410000000002,1635.95085910071
71.2420000000002,1645.19556412087
71.2430000000002,1650.54138769957
71.2440000000001,1655.4084755846
71.2450000000001,1659.95552058882
71.2460000000001,1664.07249320054
71.2470000000001,1667.49667079785
71.248,1669.84276708286
71.249,1668.98130166724
71.25,1667.19447891348
71.2510000000002,1664.89037217856
71.2520000000002,1662.53013866561
71.2530000000002,1660.53686359888
71.2540000000001,1659.12240543087
71.2550000000001,1657.08199403216
71.2560000000001,1655.53564027252
71.2570000000001,1654.63773195452
71.258,1654.4902128064
71.259,1655.10517542252
71.2600000000002,1656.28613861555
71.2610000000002,1656.60115753005
71.2620000000002,1656.81081350773
71.2630000000001,1657.02190900481
71.2640000000001,1657.43758402067
71.2650000000001,1658.27959162665
71.2660000000001,1659.58776178374
71.2670000000001,1660.13919298834
71.268,1661.07498820045
71.269,1662.62921307676
71.2700000000002,1665.01460863977
71.2710000000002,1668.35209808515
71.2720000000002,1672.40868817854
71.2730000000001,1675.4057090911
71.2740000000001,1678.91692518003
71.2750000000001,1682.85243813705
71.2760000000001,1687.10093376754
71.277,1691.55635761203
71.278,1695.85266529316
71.2790000000002,1698.19333106718
71.2800000000002,1700.81927076265
71.2810000000002,1703.94046096638
71.2820000000002,1707.68366141216
71.2830000000001,1712.06663893071
71.2840000000001,1716.67968099529
71.2850000000001,1719.66376793923
71.2860000000001,1722.91335566242
71.287,1726.35581188747
71.288,1729.88298690328
71.2890000000002,1733.39342195273
71.2900000000002,1736.50705560404
71.2910000000002,1737.71001803748
71.2920000000001,1739.11765719039
71.2930000000001,1741.1309109492
71.2940000000001,1744.11704425951
71.2950000000001,1748.33630389471
71.296,1753.52485672107
71.297,1758.1008811488
71.298,1763.75737161096
71.2990000000002,1770.26396237872
71.3000000000002,1777.23202726041
71.3010000000002,1784.17330184733
71.3020000000001,1790.17987138028
71.3030000000001,1793.36509405511
71.3040000000001,1795.41093539928
71.3050000000001,1796.38106990563
71.306,1796.45857124773
71.307,1795.91353219381
71.3080000000002,1794.62805260219
71.3090000000002,1791.53539349718
71.3100000000002,1788.90633912016
71.3110000000001,1787.15320974129
71.3120000000001,1786.52657554203
71.3130000000001,1787.09809491805
71.3140000000001,1788.30984950184
71.3150000000001,1788.62241749801
71.316,1789.71684921285
71.317,1791.50924022388
71.3180000000002,1793.88791304071
71.3190000000002,1796.73659208762
71.3200000000002,1799.45921718072
71.3210000000001,1800.73167210513
71.3220000000001,1802.47416358032
71.3230000000001,1804.92039875959
71.3240000000001,1808.26227448241
71.325,1812.61544463288
71.326,1817.47452979861
71.3270000000002,1821.57983532287
71.3280000000002,1826.67994767187
71.3290000000002,1832.77191289803
71.3300000000002,1839.75425264269
71.3310000000001,1847.44003038159
71.3320000000001,1855.02651939157
71.3330000000001,1861.12626633842
71.3340000000001,1867.31559591468
71.335,1873.51564239798
71.336,1879.59543730693
71.3370000000002,1885.36534471523
71.3380000000002,1889.99735683547
71.3390000000002,1892.18654640257
71.3400000000001,1893.53919109657
71.3410000000001,1894.06638586475
71.3420000000001,1893.80155102833
71.3430000000001,1892.81690805526
71.3440000000001,1890.61472920439
71.345,1886.40355602226
71.346,1882.26051572051
71.3470000000002,1878.65381293046
71.3480000000002,1875.966675516
71.3490000000002,1874.44497378793
71.3500000000001,1873.50748671392
71.3510000000001,1872.14867435621
71.3520000000001,1871.95583995591
71.3530000000001,1872.79758124559
71.354,1874.42844891322
71.355,1876.54152596726
71.3560000000002,1878.12203653475
71.3570000000002,1878.04541938714
71.3580000000002,1877.99722355849
71.3590000000002,1878.15353990234
71.3600000000001,1878.71124941499
71.3610000000001,1879.83896693349
71.3620000000001,1880.86986107497
71.3630000000001,1880.96859605401
71.364,1881.91780841208
71.365,1883.78282049127
71.3660000000002,1886.50032663687
71.3670000000002,1889.89735259662
71.3680000000002,1892.91879635549
71.3690000000001,1894.51151010961
71.3700000000001,1896.30378351021
71.3710000000001,1898.3612278725
71.3720000000001,1900.74348984073
71.373,1903.47534720838
71.374,1905.67538530774
71.375,1906.51663162855
71.3760000000002,1907.65994986032
71.3770000000002,1909.11477946
71.3780000000002,1910.771601891
71.3790000000001,1912.40685912851
71.3800000000001,1912.832393414
71.3810000000001,1911.06420433125
71.3820000000001,1908.59713870969
71.383,1905.44903133534
71.384,1901.68625549526
71.3850000000002,1897.42458232617
71.3860000000002,1891.91099773231
71.3870000000002,1884.78525011218
71.3880000000001,1878.06756027012
71.3890000000001,1872.25465680688
71.3900000000001,1867.74942753175
71.3910000000001,1864.8091418172
71.3920000000001,1862.55844711652
71.393,1860.41179421065
71.394,1859.87786850058
71.3950000000002,1860.82319888489
71.3960000000002,1862.96287761786
71.3970000000002,1865.89650031034
71.3980000000001,1868.16342268258
71.3990000000001,1868.8953935133
71.4000000000001,1869.44825697787
71.4010000000001,1869.78982487916
71.402,1869.95689074454
71.403,1870.04914632074
71.4040000000002,1869.19025991914
71.4050000000002,1867.2504950618
71.4060000000002,1866.18269118126
71.4070000000002,1866.49185936301
71.4080000000001,1868.60632533092
71.4090000000001,1872.83768339695
71.4100000000001,1878.29654824311
71.4110000000001,1884.74579267329
71.412,1893.73412907014
71.413,1905.2480825138
71.4140000000002,1919.07700784587
71.4150000000002,1934.81830748173
71.4160000000002,1950.81766967633
71.4170000000001,1966.22417546771
71.4180000000001,1981.9645093506
71.4190000000001,1997.60724209988
71.4200000000001,2012.74087259122
71.421,2027.00520169565
71.422,2038.99391527574
71.423,2048.41481637048
71.4240000000002,2056.77948933239
71.4250000000002,2064.31969109064
71.4260000000002,2071.23821975302
71.4270000000001,2077.65738672757
71.4280000000001,2082.42081845478
71.4290000000001,2085.40003839162
71.4300000000001,2088.00535651848
71.431,2090.27036176681
71.432,2092.16016026686
71.4330000000002,2093.59988533689
71.4340000000002,2093.29345330965
71.4350000000002,2091.2285751471
71.4360000000001,2088.9728824874
71.4370000000001,2086.8286940512
71.4380000000001,2085.05256686276
71.4390000000001,2083.80918003387
71.4400000000001,2081.88256860465
71.441,2079.30959246436
71.442,2077.46481115653
71.4430000000002,2076.37099017057
71.4440000000002,2075.95448951541
71.4450000000002,2076.06915777167
71.4460000000001,2075.24279825873
71.4470000000001,2073.4744445771
71.4480000000001,2072.11072173668
71.4490000000001,2071.28980481638
71.45,2071.10325785646
71.451,2071.55917688707
71.4520000000002,2071.25664057139
71.4530000000002,2070.25616089571
71.4540000000002,2069.74378349349
71.4550000000002,2069.67393003636
71.4560000000001,2069.93078212143
71.4570000000001,2070.34952085186
71.4580000000001,2069.40029903438
71.4590000000001,2067.25217864463
71.46,2065.22748352417
71.461,2063.54092463648
71.4620000000002,2062.37848496724
71.4630000000002,2061.84924214186
71.4640000000002,2060.56477663215
71.4650000000001,2058.80645201527
71.4660000000001,2057.74479555443
71.4670000000001,2057.33312941803
71.4680000000001,2057.40565958553
71.4690000000001,2057.70186387746
71.47,2056.50358855468
71.471,2053.99446836056
71.4720000000002,2051.2973641399
71.4730000000002,2048.54521170179
71.4740000000002,2045.91815107956
71.4750000000001,2043.61681395082
71.4760000000001,2040.36931194925
71.4770000000001,2036.9228869438
71.4780000000001,2034.73856872
71.479,2034.12194240396
71.48,2035.21838159565
71.4810000000002,2037.98913935034
71.4820000000002,2040.67087106688
71.4830000000002,2043.59631211171
71.4840000000002,2047.6721138232
71.4850000000001,2052.68578895855
71.4860000000001,2058.37342924917
71.4870000000001,2064.44985088844
71.4880000000001,2069.04600596273
71.489,2072.71579463579
71.49,2076.61048920949
71.4910000000002,2080.86940014163
71.4920000000002,2085.59328754568
71.4930000000002,2090.80521055566
71.4940000000001,2094.80896925425
71.4950000000001,2098.28451904235
71.4960000000001,2102.21598556116
71.4970000000001,2106.4755443477
71.498,2110.80628711128
71.499,2114.85302852736
71.5,2116.57747591541
71.5010000000002,2116.53442353285
71.5020000000002,2115.63619391314
71.5030000000002,2113.92460965221
71.5040000000001,2111.50292138738
71.5050000000001,2108.53068029697
71.5060000000001,2103.5285973516
71.5070000000001,2097.7640700978
71.508,2092.71112013335
71.509,2088.88056412403
71.5100000000002,2086.66034868276
71.5110000000002,2086.26796063774
71.5120000000002,2085.97226573357
71.5130000000001,2086.70707162431
71.5140000000001,2089.32642027329
71.5150000000001,2093.6140813612
71.5160000000001,2099.16768935317
71.5170000000001,2105.42562060341
71.518,2109.9176112227
71.519,2113.12091890288
71.5200000000002,2115.53414571875
71.5210000000002,2116.86842615222
71.5220000000002,2116.91232260181
71.5230000000001,2115.5478327042
71.5240000000001,2110.93069200601
71.5250000000001,2104.43795560132
71.5260000000001,2097.44320189743
71.527,2090.57424963086
71.528,2084.45121832223
71.5290000000002,2079.61860158817
71.5300000000002,2074.61320817391
71.5310000000002,2071.03140081196
71.5320000000002,2070.04906907315
71.5330000000001,2071.83746032231
71.5340000000001,2076.30547995615
71.5350000000001,2083.09764736803
71.5360000000001,2089.72507628146
71.537,2096.84975455347
71.538,2104.69656895534
71.5390000000002,2112.71509211312
71.5400000000002,2120.34849863116
71.5410000000002,2127.0696989257
71.5420000000001,2130.49152716545
71.5430000000001,2131.74073001515
71.5440000000001,2131.59096343546
71.5450000000001,2130.19880474248
71.546,2127.74240070781
71.547,2124.37453822592
71.548,2118.22231232611
71.5490000000002,2110.91598617422
71.5500000000002,2103.44980718304
71.5510000000002,2096.09957547057
71.5520000000001,2089.07536167509
71.5530000000001,2082.5279480429
71.5540000000001,2074.58426947324
71.5550000000001,2067.00751853471
71.556,2060.83969375477
71.557,2056.47307253758
71.5580000000002,2054.23086945425
71.5590000000002,2054.33157630214
71.5600000000002,2054.88106186989
71.5610000000001,2057.55824581479
71.5620000000001,2063.03215006289
71.5630000000001,2071.20074599568
71.5640000000001,2081.75540407701
71.5650000000001,2094.1956429299
71.566,2105.87767963774
71.567,2117.85436416067
71.5680000000002,2130.17977013652
71.5690000000002,2142.35799135933
71.5700000000002,2153.90686297328
71.5710000000001,2164.39029112526
71.5720000000001,2171.44500634976
71.5730000000001,2176.67498027653
71.5740000000001,2180.73058787091
71.575,2183.83530360265
71.576,2186.23814906629
71.5770000000002,2188.1782973615
71.5780000000002,2187.81582801678
71.5790000000002,2187.24976148092
71.5800000000002,2187.32583043283
71.5810000000001,2188.31306475548
71.5820000000001,2190.33445731366
71.5830000000001,2193.355140878
71.5840000000001,2195.10638951229
71.585,2197.29632668137
71.586,2200.22019365179
71.5870000000002,2203.62693685533
71.5880000000002,2207.15691681571
71.5890000000002,2210.37391995139
71.5900000000001,2210.71326798154
71.5910000000001,2209.82835164558
71.5920000000001,2208.06784960419
71.5930000000001,2205.48793816467
71.5940000000001,2202.23718899275
71.595,2198.545230359
71.596,2192.56483346261
71.5970000000002,2186.76862638942
71.5980000000002,2182.09118374151
71.5990000000002,2178.98573642262
71.6000000000001,2177.69007863331
71.6010000000001,2178.16925248926
71.6020000000001,2177.82145810439
71.6030000000001,2178.38382804188
71.604,2179.71953302486
71.605,2181.1983963627
71.6060000000002,2182.08601240975
71.6070000000002,2181.6217969131
71.6080000000002,2176.48793817205
71.6090000000002,2168.77259537071
71.6100000000001,2158.93603449234
71.6110000000001,2147.35048734078
71.6120000000001,2134.53110835949
71.6130000000001,2121.02583464209
71.614,2104.14702914998
71.615,2087.33992523237
71.6160000000002,2071.80464483939
71.6170000000002,2058.28082658674
71.6180000000002,2047.23173864177
71.6190000000001,2038.74110133809
71.6200000000001,2029.17218320508
71.6210000000001,2021.09644768947
71.6220000000001,2014.60729247719
71.623,2009.49586582642
71.624,2005.54003211216
71.625,2002.50074131684
71.6260000000002,1997.58361477976
71.6270000000002,1993.21704062686
71.6280000000002,1989.65372481328
71.6290000000001,1986.92552840052
71.6300000000001,1985.0050630286
71.6310000000001,1983.80362430054
71.6320000000001,1981.77334013151
71.633,1980.62811245694
71.634,1980.19253914829
71.6350000000002,1980.0900700283
71.6360000000002,1979.96930040019
71.6370000000002,1979.63426094141
71.6380000000001,1978.08454693258
71.6390000000001,1977.22038069756
71.6400000000001,1977.2910221594
71.6410000000001,1978.33901337537
71.6420000000001,1980.2419757877
71.643,1982.72847018285
71.644,1984.06550310877
71.6450000000002,1985.75503168505
71.6460000000002,1987.33260727318
71.6470000000002,1988.25544966687
71.6480000000001,1988.11187270479
71.6490000000001,1986.76907961297
71.6500000000001,1982.25267074861
71.6510000000001,1977.88546893851
71.652,1974.80208878385
71.653,1974.16326312765
71.6540000000002,1976.99522693313
71.6550000000002,1984.00381598158
71.6560000000002,1993.03367956773
71.6570000000002,2007.25522043382
71.6580000000001,2027.0818480533
71.6590000000001,2052.97015300725
71.6600000000001,2085.62918298692
71.6610000000001,2126.06515085202
71.662,2173.34143693354
71.663,2232.07428639589
71.6640000000002,2304.27804715762
71.6650000000002,2391.4597156094
71.6660000000002,2494.19998596392
71.6670000000001,2611.67462216568
71.6680000000001,2739.45670311652
71.6690000000001,2876.61032756533
71.6700000000001,3018.44625521144
71.671,3159.28651860083
71.672,3292.93164752122
71.673,3412.95660682616
71.6740000000002,3511.23993777953
71.6750000000002,3584.97879215235
71.6760000000002,3629.56158001217
71.6770000000001,3640.86876789612
71.6780000000001,3615.2567022718
71.6790000000001,3549.43366709369
71.6800000000001,3438.99407887424
71.681,3285.37491922649
71.682,3089.37847006282
71.6830000000002,2853.93376933957
71.6840000000002,2584.46622048481
71.6850000000002,2288.74924601191
71.6860000000001,1975.05119555789
71.6870000000001,1657.74498923632
71.6880000000001,1349.44063929704
71.6890000000001,1061.93988966462
71.6900000000001,805.028499381455
71.691,585.276505125699
71.692,404.17720450129
71.6930000000002,264.280093538153
71.6940000000002,163.225862469774
71.6950000000002,96.9298308541767
71.6960000000001,60.8026266567002
71.6970000000001,50.5906725464311
71.6980000000001,61.9420643506422
71.6990000000001,96.5591445920164
71.7,155.498064200686
71.701,240.562319050893
71.7020000000002,353.286882327227
71.7030000000002,493.544864083388
71.7040000000002,657.598304081075
71.7050000000002,843.303066409737
71.7060000000001,1043.87201619356
71.7070000000001,1250.56410473244
71.7080000000001,1453.67495543583
71.7090000000001,1643.34468626304
71.71,1809.73019919448
71.711,1949.28879365865
71.7120000000002,2059.06106262583
71.7130000000002,2138.74629777628
71.7140000000002,2190.32479892514
71.7150000000001,2217.00253633394
71.7160000000001,2221.6349219494
71.7170000000001,2211.20491186451
71.7180000000001,2190.23780868871
71.7190000000001,2162.51230593202
71.72,2130.98576746869
71.721,2097.44422650354
71.7220000000002,2062.02338688282
71.7230000000002,2028.5293177708
71.7240000000002,1998.42773234701
71.7250000000001,1972.95098374848
71.7260000000001,1953.04285390783
71.7270000000001,1938.71374267343
71.7280000000001,1928.43612190994
71.729,1924.42165009553
71.73,1925.96023337825
71.7310000000002,1931.90031313834
71.7320000000002,1940.87362354908
71.7330000000002,1950.85043786714
71.7340000000002,1959.03673279394
71.7350000000001,1967.70772346087
71.7360000000001,1976.50499005484
71.7370000000001,1985.17703530325
71.7380000000001,1993.5404200267
71.739,2000.67155045567
71.74,2004.76270050793
71.7410000000002,2008.65454883922
71.7420000000002,2012.09984069833
71.7430000000002,2014.68055967292
71.7440000000001,2015.98144854386
71.7450000000001,2015.11833453969
71.7460000000001,2010.77719077213
71.7470000000001,2005.64830768739
71.748,2000.48079473937
71.749,1996.02458725304
71.75,1992.89561205091
71.7510000000002,1991.03266431983
71.7520000000002,1989.42657284603
71.7530000000002,1989.26406526542
71.7540000000001,1990.46512227217
71.7550000000001,1992.80489388385
71.7560000000001,1995.9300161622
71.7570000000001,1999.01924761702
71.758,2000.61069239011
71.759,2001.4132442208
71.7600000000002,2001.57363676024
71.7610000000002,2001.39923497007
71.7620000000002,2001.21854748472
71.7630000000001,2000.78547762294
71.7640000000001,1999.15594195361
71.7650000000001,1997.56092877982
71.7660000000001,1996.182667652
71.7670000000001,1995.16884181627
71.768,1994.60896524794
71.769,1993.8432665778
71.7700000000002,1991.83837711961
71.7710000000002,1990.43519998286
71.7720000000002,1989.85581948408
71.7730000000001,1990.26440498929
71.7740000000001,1991.72896696868
71.7750000000001,1993.37203864332
71.7760000000001,1994.05023354665
71.777,1995.61817020964
71.778,1997.91108462918
71.7790000000002,2000.64842228631
71.7800000000002,2003.50053357741
71.7810000000002,2005.32026137683
71.7820000000002,2005.01308248128
71.7830000000001,2004.57306403074
71.7840000000001,2004.28591760685
71.7850000000001,2004.46043127287
71.7860000000001,2005.37512322566
71.787,2006.37123325402
71.788,2006.71814570482
71.7890000000002,2008.36690672852
71.7900000000002,2011.41864951088
71.7910000000002,2015.79273738145
71.7920000000001,2021.24118002973
71.7930000000001,2026.48960947383
71.7940000000001,2030.34873498228
71.7950000000001,2034.33770051958
71.796,2038.32839897018
71.797,2042.20837699942
71.798,2045.88304211357
71.7990000000002,2048.33308767745
71.8000000000002,2048.84019353644
71.8010000000002,2049.32035236487
71.8020000000001,2050.01793769258
71.8030000000001,2051.11317423488
71.8040000000001,2052.70369208803
71.8050000000001,2053.81935490352
71.806,2053.82650952213
71.807,2054.57336198171
71.8080000000002,2056.23613609051
71.8090000000002,2058.92872142345
71.8100000000002,2062.69854522464
71.8110000000001,2066.50089877687
71.8120000000001,2069.73296759781
71.8130000000001,2074.1465761189
71.8140000000001,2079.79875567757
71.8150000000001,2086.59515095833
71.816,2094.27133682167
71.817,2101.33981774925
71.8180000000002,2106.82192266211
71.8190000000002,2111.99941451778
71.8200000000002,2116.58974776765
71.8210000000001,2120.33919101145
71.8220000000001,2123.06476600078
71.8230000000001,2123.59649366764
71.8240000000001,2121.62675220698
71.825,2119.1305954878
71.826,2116.61210218832
71.8270000000002,2114.52671443182
71.8280000000002,2113.20768583131
71.8290000000002,2111.69336538366
71.8300000000002,2109.69623277294
71.8310000000001,2108.82723053008
71.8320000000001,2109.08091999176
71.8330000000001,2110.33799097947
71.8340000000001,2112.41705021927
71.835,2113.97072496598
71.836,2114.66510107981
71.8370000000002,2116.1781682842
71.8380000000002,2118.78016626149
71.8390000000002,2122.70181566971
71.8400000000001,2128.06799420628
71.8410000000001,2133.65025184252
71.8420000000001,2139.1255103524
71.8430000000001,2145.81395342396
71.8440000000001,2153.45155082836
71.845,2161.61343313587
71.846,2169.76919428283
71.8470000000002,2176.11613763023
71.8480000000002,2180.10982239754
71.8490000000002,2183.05184508526
71.8500000000001,2184.98962849848
71.8510000000001,2186.06307716915
71.8520000000001,2186.4658368534
71.8530000000001,2185.09843577327
71.854,2182.18663341695
71.855,2179.57461100607
71.8560000000002,2177.65222059811
71.8570000000002,2176.67729474561
71.8580000000002,2176.76028340178
71.8590000000002,2176.50636604269
71.8600000000001,2175.90473965346
71.8610000000001,2176.46624172194
71.8620000000001,2178.29559761037
71.8630000000001,2181.425714872
71.864,2185.80145144905
71.865,2189.84762444164
71.8660000000002,2193.50783427603
71.8670000000002,2198.11672147865
71.8680000000002,2203.57062211933
71.8690000000001,2209.6251833839
71.8700000000001,2215.89072306374
71.8710000000001,2220.38021885111
71.8720000000001,2222.79681786304
71.873,2224.23496396357
71.874,2224.53722837185
71.875,2223.61366353238
71.8760000000002,2221.45573028785
71.8770000000002,2216.61800984659
71.8780000000002,2209.65150641188
71.8790000000001,2202.46137187543
71.8800000000001,2195.70249244388
71.8810000000001,2189.96699947099
71.8820000000001,2185.70229956528
71.883,2181.58423663591
71.884,2178.08958884238
71.8850000000002,2176.59979087504
71.8860000000002,2177.01999174824
71.8870000000002,2179.02866694649
71.8880000000001,2182.11758086872
71.8890000000001,2184.06645193674
71.8900000000001,2184.76465342853
71.8910000000001,2185.15624979147
71.8920000000001,2185.0811833658
71.893,2184.47397916598
71.894,2183.35652639983
71.8950000000002,2180.20035669642
71.8960000000002,2175.79423911429
71.8970000000002,2171.83513771364
71.8980000000001,2168.84494734126
71.8990000000001,2167.25468843917
71.9000000000001,2167.35574449536
71.9010000000001,2167.60865096203
71.902,2168.71380720821
71.903,2171.98883120152
71.9040000000002,2177.49630558508
71.9050000000002,2185.15584219219
71.9060000000002,2194.74898231867
71.9070000000002,2204.21658865223
71.9080000000001,2213.95863821473
71.9090000000001,2224.93959856824
71.9100000000001,2236.96623886593
71.9110000000001,2249.76656145993
71.912,2262.98894145413
71.913,2274.46265102556
71.9140000000002,2284.66123227177
71.9150000000002,2294.55969804087
71.9160000000002,2304.09331330744
71.9170000000001,2313.20743360973
71.9180000000001,2321.85856601369
71.9190000000001,2328.23096555685
71.9200000000001,2333.31795377294
71.921,2338.49801661583
71.922,2344.10570525261
71.923,2350.38161493948
71.9240000000002,2357.42402500507
71.9250000000002,2363.33446437753
71.9260000000002,2368.965574316
71.9270000000001,2375.26650054594
71.9280000000001,2382.06996908003
71.9290000000001,2389.07934892808
71.9300000000001,2395.90196460453
71.931,2400.22304332669
71.932,2402.80244654373
71.9330000000002,2404.56959211205
71.9340000000002,2405.56696797482
71.9350000000002,2405.86874189568
71.9360000000001,2405.55449864469
71.9370000000001,2402.76620745283
71.9380000000001,2398.80966289792
71.9390000000001,2394.93565151473
71.9400000000001,2391.40274427406
71.941,2388.34481350711
71.942,2385.75639474696
71.9430000000002,2381.55091747255
71.9440000000002,2376.8465780955
71.9450000000002,2372.58779792849
71.9460000000001,2368.8145741983
71.9470000000001,2365.5193817111
71.9480000000001,2362.64909339993
71.9490000000001,2358.12194166657
71.95,2353.26455710989
71.951,2349.15603584367
71.9520000000002,2346.02300281361
71.9530000000002,2344.01950727674
71.9540000000002,2343.19341526306
71.9550000000002,2341.44413375437
71.9560000000001,2340.09114240613
71.9570000000001,2339.97655584895
71.9580000000001,2341.04177807169
71.9590000000001,2343.09562323901
71.96,2345.82087905599
71.961,2346.75321572128
71.9620000000002,2347.01776838163
71.9630000000002,2347.24948187892
71.9640000000002,2347.35842761065
71.9650000000001,2347.26092375613
71.9660000000001,2346.87513196272
71.9670000000001,2344.02654493944
71.9680000000001,2340.33753882924
71.9690000000001,2336.81755289864
71.97,2333.74945158767
71.971,2331.34481197276
71.9720000000002,2329.70867043994
71.9730000000002,2326.6657633171
71.9740000000002,2323.8936978882
71.9750000000001,2322.18668522381
71.9760000000001,2321.54719510881
71.9770000000001,2321.85228634677
71.9780000000001,2322.86426143158
71.979,2322.04844051483
71.98,2320.9662322898
71.9810000000002,2320.2439746814
71.9820000000002,2319.85940865331
71.9830000000002,2319.77610854371
71.9840000000002,2319.94060842515
71.9850000000001,2318.02596771224
71.9860000000001,2315.98476459268
71.9870000000001,2314.67896215704
71.9880000000001,2314.3030000697
71.989,2314.95003919862
71.99,2316.59124877806
71.9910000000002,2316.76600197982
71.9920000000002,2317.36258587701
71.9930000000002,2318.96903398889
71.9940000000001,2321.51456160781
71.9950000000001,2324.84120790124
71.9960000000001,2328.71942131067
71.9970000000001,2330.53436828521
71.998,2332.21515281484
71.999,2334.33332548958
72,2336.8959099953
72.0010000000002,2339.847391896
72.0020000000002,2343.05725497167
72.0030000000002,2343.96305771614
72.0040000000001,2344.59582942906
72.0050000000001,2345.47289567256
72.0060000000001,2346.56110441066
72.0070000000001,2347.75186327849
72.008,2348.87022411219
72.009,2347.30042367353
72.0100000000002,2345.18299348342
72.0110000000002,2343.0843639154
72.0120000000002,2341.11380615565
72.0130000000001,2339.34002924091
72.0140000000001,2337.77568523382
72.0150000000001,2333.94101733197
72.0160000000001,2330.18562036649
72.0170000000001,2327.11353730402
72.018,2324.85192646971
72.019,2323.42689755929
72.0200000000002,2322.75713907416
72.0210000000002,2320.19752497665
72.0220000000002,2318.03598542378
72.0230000000001,2316.68729939292
72.0240000000001,2316.143644131
72.0250000000001,2316.31867758717
72.0260000000001,2317.04423496772
72.027,2315.55761670644
72.028,2314.20241158456
72.0290000000002,2313.33375024222
72.0300000000002,2312.93458627192
72.0310000000002,2312.91650213411
72.0320000000002,2313.11541716711
72.0330000000001,2310.74708439579
72.0340000000001,2308.26352891565
72.0350000000001,2306.03796845327
72.0360000000001,2304.14739605467
72.037,2302.63290842646
72.038,2301.48884208318
72.0390000000002,2298.10867508485
72.0400000000002,2295.15808003744
72.0410000000002,2293.07714249224
72.0420000000001,2291.98611378674
72.0430000000001,2291.88435176778
72.0440000000001,2292.63278826929
72.0450000000001,2291.4051743965
72.046,2290.64137617642
72.047,2290.41471065747
72.048,2290.52945935242
72.0490000000002,2290.72482105611
72.0500000000002,2290.70005547318
72.0510000000002,2287.58026827715
72.0520000000001,2283.98392263975
72.0530000000001,2280.18757553612
72.0540000000001,2276.35142702306
72.0550000000001,2272.64339768378
72.056,2269.21491083599
72.057,2263.62741344817
72.0580000000002,2258.89031320793
72.0590000000002,2255.44499018312
72.0600000000002,2253.51163122822
72.0610000000001,2253.17220800041
72.0620000000001,2254.36144171396
72.0630000000001,2254.32922839527
72.0640000000001,2255.73813555152
72.0650000000001,2258.53423361478
72.066,2262.46971395413
72.067,2267.18362073477
72.0680000000002,2272.22853175993
72.0690000000002,2274.55468232049
72.0700000000002,2276.72030996267
72.0710000000001,2278.60163322564
72.0720000000001,2280.07472752374
72.0730000000001,2281.06030846394
72.0740000000001,2281.49913337732
72.075,2278.99122103121
72.076,2276.62717559133
72.0770000000002,2274.87119749188
72.0780000000002,2274.11278318927
72.0790000000002,2274.64411340737
72.0800000000002,2276.54381411
72.0810000000001,2277.45981787293
72.0820000000001,2280.12943862944
72.0830000000001,2284.50615934644
72.0840000000001,2290.30475264053
72.085,2297.04891721352
72.086,2304.00000075279
72.0870000000002,2308.18519136584
72.0880000000002,2311.73322063593
72.0890000000002,2314.23649709899
72.0900000000001,2315.28972058645
72.0910000000001,2314.55021436939
72.0920000000001,2311.62003026605
72.0930000000001,2304.21044011546
72.0940000000001,2295.15365036002
72.095,2284.8956933718
72.096,2273.91972466789
72.0970000000002,2262.73259707241
72.0980000000002,2251.62943642521
72.0990000000002,2238.86353605256
72.1000000000001,2227.61905661868
72.1010000000001,2218.40037841742
72.1020000000001,2211.44123882118
72.1030000000001,2206.68376575405
72.104,2203.50698231355
72.105,2198.86051923556
72.1060000000002,2195.03946280467
72.1070000000002,2191.57586258318
72.1080000000002,2187.93705789563
72.1090000000002,2183.58547450538
72.1100000000001,2177.66355832987
72.1110000000001,2166.96199912417
72.1120000000001,2154.66608073159
72.1130000000001,2141.25767230059
72.114,2127.33950723841
72.115,2113.52826900256
72.1160000000002,2099.90657416861
72.1170000000002,2083.9492726611
72.1180000000002,2069.27230168926
72.1190000000001,2056.3873564256
72.1200000000001,2045.60328960363
72.1210000000001,2037.00082446713
72.1220000000001,2030.04337795849
72.123,2022.35091675865
72.124,2016.06639000975
72.125,2010.79955020912
72.1260000000002,2006.08100746688
72.1270000000002,2001.4764064755
72.1280000000002,1996.42828769823
72.1290000000001,1989.91744566632
72.1300000000001,1983.66553820776
72.1310000000001,1977.68098823965
72.1320000000001,1971.90396865543
72.133,1966.27555266646
72.134,1960.57991268751
72.1350000000002,1954.36687518115
72.1360000000002,1949.24880046964
72.1370000000002,1945.22991644846
72.1380000000001,1942.16275453229
72.1390000000001,1939.83781775721
72.1400000000001,1937.80012386595
72.1410000000001,1935.30424304983
72.1420000000001,1933.73002004044
72.143,1932.78007158404
72.144,1931.98568903736
72.1450000000002,1930.82818401078
72.1460000000002,1928.46916875778
72.1470000000002,1923.58911335974
72.1480000000001,1918.402531803
72.1490000000001,1913.50281312844
72.1500000000001,1909.74134119398
72.1510000000001,1908.21525633359
72.152,1909.66451780786
72.153,1914.0213813123
72.1540000000002,1925.13478383856
72.1550000000002,1944.5488966135
72.1560000000002,1973.5413912567
72.1570000000002,2013.07332311398
72.1580000000001,2063.18751023895
72.1590000000001,2122.78718257585
72.1600000000001,2194.11484748865
72.1610000000001,2276.91499120608
72.162,2370.46809626901
72.163,2473.60863072393
72.1640000000002,2584.18933928233
72.1650000000002,2699.10586646836
72.1660000000002,2818.23659279775
72.1670000000001,2939.17623815516
72.1680000000001,3059.12826952206
72.1690000000001,3174.87794994307
72.1700000000001,3282.11888577685
72.171,3375.45647713409
72.172,3451.91624984496
72.173,3505.81785991879
72.1740000000002,3530.72805687605
72.1750000000002,3519.83177940857
72.1760000000002,3465.94211362206
72.1770000000001,3362.60770587443
72.1780000000001,3208.55307710287
72.1790000000001,3003.71880963121
72.1800000000001,2751.76926908605
72.181,2460.41159724092
72.182,2140.49498329736
72.1830000000002,1805.49877862532
72.1840000000002,1473.32137356288
72.1850000000002,1159.77044197766
72.1860000000001,878.408915214382
72.1870000000001,638.964293596327
72.1880000000001,445.639841445874
72.1890000000001,297.374905796381
72.1900000000001,191.426498265326
72.191,120.221768512403
72.192,74.8521620006726
72.1930000000002,47.0447497231798
72.1940000000002,30.1704957414556
72.1950000000002,20.9460468873313
72.1960000000001,22.3975032050849
72.1970000000001,38.9852091940872
72.1980000000001,76.895487891347
72.1990000000001,142.34691835885
72.2,239.153400374274
72.201,368.080309795555
72.2020000000002,528.556035325137
72.2030000000002,714.566690415683
72.2040000000002,916.929288712442
72.2050000000002,1124.58735528
72.2060000000001,1325.42739456352
72.2070000000001,1508.65642375581
72.2080000000001,1668.26129540568
72.2090000000001,1799.66682906676
72.21,1901.30882926042
72.211,1974.20138597028
72.2120000000002,2020.39774583397
72.2130000000002,2043.10766654898
72.2140000000002,2048.01033292511
72.2150000000001,2038.86928517571
72.2160000000001,2018.76653836981
72.2170000000001,1990.15232160174
72.2180000000001,1954.24870894855
72.2190000000001,1912.53161862899
72.22,1868.86519587259
72.221,1825.74149295582
72.2220000000002,1785.68783371501
72.2230000000002,1751.03884195827
72.2240000000002,1722.67352635369
72.2250000000001,1701.31782186996
72.2260000000001,1689.12272259432
72.2270000000001,1685.51007347163
72.2280000000001,1689.05461094786
72.229,1697.8096388766
72.23,1708.51957356082
72.2310000000002,1719.03980001378
72.2320000000002,1730.09245038121
72.2330000000002,1740.76021997997
72.2340000000002,1750.48163477114
72.2350000000001,1759.01419396178
72.2360000000001,1765.07786455031
72.2370000000001,1768.61985914451
72.2380000000001,1771.95652104415
72.239,1775.07908524396
72.24,1777.72984959026
72.2410000000002,1779.53516264698
72.2420000000002,1779.13422087948
72.2430000000002,1776.11587094857
72.2440000000001,1772.13658189643
72.2450000000001,1767.45050379595
72.2460000000001,1762.3127223609
72.2470000000001,1756.93075120381
72.248,1750.79677441639
72.249,1743.58507488013
72.25,1736.28923552135
72.2510000000002,1729.2148887587
72.2520000000002,1722.66521345901
72.2530000000002,1716.88849012876
72.2540000000001,1711.49607415649
72.2550000000001,1706.14539612377
72.2560000000001,1701.6512177582
72.2570000000001,1698.34701191204
72.258,1696.53670931523
72.259,1696.39689718702
72.2600000000002,1697.29920505289
72.2610000000002,1698.67769975539
72.2620000000002,1701.02394228265
72.2630000000001,1704.22141510098
72.2640000000001,1708.11303316965
72.2650000000001,1712.46667908639
72.2660000000001,1716.05640989107
72.2670000000001,1718.40347708167
72.268,1720.35433801714
72.269,1721.82540959141
72.2700000000002,1722.78401530495
72.2710000000002,1723.24488092587
72.2720000000002,1722.12407208226
72.2730000000001,1719.61836436912
72.2740000000001,1717.28055395344
72.2750000000001,1715.36058156867
72.2760000000001,1713.99874975183
72.277,1713.22232079154
72.278,1711.80269540448
72.2790000000002,1709.78154804319
72.2800000000002,1708.40912828288
72.2810000000002,1707.69983267367
72.2820000000002,1707.62509089835
72.2830000000001,1708.1398865831
72.2840000000001,1708.07995280251
72.2850000000001,1707.61646773051
72.2860000000001,1708.06265685885
72.287,1709.61708965165
72.288,1712.37015854346
72.2890000000002,1716.26276878942
72.2900000000002,1719.9213000288
72.2910000000002,1723.22256188582
72.2920000000001,1726.97328421444
72.2930000000001,1730.87308432223
72.2940000000001,1734.58414159307
72.2950000000001,1737.78562885908
72.296,1739.02309126808
72.297,1738.48816954094
72.298,1737.45051595778
72.2990000000002,1736.23388286895
72.3000000000002,1735.17338293687
72.3010000000002,1734.55346259743
72.3020000000001,1733.31995936613
72.3030000000001,1731.93278085312
72.3040000000001,1731.57157683774
72.3050000000001,1732.26777007644
72.306,1733.91028252203
72.307,1736.2824874123
72.3080000000002,1737.86219572332
72.3090000000002,1738.83695362751
72.3100000000002,1740.1699014281
72.3110000000001,1741.88645006729
72.3120000000001,1743.99792206848
72.3130000000001,1746.47821603806
72.3140000000001,1747.99124652078
72.3150000000001,1748.92413682461
72.316,1750.26142851309
72.317,1752.02819872307
72.3180000000002,1754.1928671896
72.3190000000002,1756.68213744711
72.3200000000002,1758.12637565289
72.3210000000001,1759.00838360208
72.3220000000001,1760.35780830425
72.3230000000001,1762.30510676041
72.3240000000001,1764.90434329939
72.325,1768.10412207071
72.326,1770.43417424022
72.3270000000002,1772.27773898218
72.3280000000002,1774.38923435084
72.3290000000002,1776.62912150585
72.3300000000002,1778.82676468111
72.3310000000001,1780.81626986911
72.3320000000001,1781.14259837113
72.3330000000001,1780.456551136
72.3340000000001,1779.8066741644
72.335,1779.44097835051
72.336,1779.55550172086
72.3370000000002,1780.24930483613
72.3380000000002,1780.14803458471
72.3390000000002,1779.88657680031
72.3400000000001,1780.24640349161
72.3410000000001,1781.14470201057
72.3420000000001,1782.43421477551
72.3430000000001,1783.94497235273
72.3440000000001,1784.14098795221
72.345,1783.76936526264
72.346,1783.79973780937
72.3470000000002,1784.47447598284
72.3480000000002,1785.99516272297
72.3490000000002,1788.46853158171
72.3500000000001,1790.43297991942
72.3510000000001,1792.62791240252
72.3520000000001,1795.72291497586
72.3530000000001,1799.51901401477
72.354,1803.69062188655
72.355,1807.8271566487
72.3560000000002,1809.99421644096
72.3570000000002,1810.77837335272
72.3580000000002,1810.82727009948
72.3590000000002,1810.15448353814
72.3600000000001,1808.82130369787
72.3610000000001,1806.90715206604
72.3620000000001,1802.92777684115
72.3630000000001,1797.99941153643
72.364,1793.10829181148
72.365,1788.48991817347
72.3660000000002,1784.2850156173
72.3670000000002,1780.52848948674
72.3680000000002,1775.54989580307
72.3690000000001,1770.3643338521
72.3700000000001,1765.76234899115
72.3710000000001,1761.83526305003
72.3720000000001,1758.62022952684
72.373,1756.08675612058
72.374,1752.48446853737
72.375,1748.86961775173
72.3760000000002,1745.95970972021
72.3770000000002,1743.77642508697
72.3780000000002,1742.25853023348
72.3790000000001,1741.25432269437
72.3800000000001,1738.86231028987
72.3810000000001,1736.08972911655
72.3820000000001,1733.52913273772
72.383,1731.16109901234
72.384,1728.9487609175
72.3850000000002,1726.83655920218
72.3860000000002,1723.07001317955
72.3870000000002,1718.93499197123
72.3880000000001,1715.21459789619
72.3890000000001,1712.10172621242
72.3900000000001,1709.72971771737
72.3910000000001,1708.14867349858
72.3920000000001,1705.61382535388
72.393,1703.43305406406
72.394,1702.24225929673
72.3950000000002,1702.08093911799
72.3960000000002,1702.92064373701
72.3970000000002,1704.67092858237
72.3980000000001,1705.46958575324
72.3990000000001,1706.63890285914
72.4000000000001,1708.77268011124
72.4010000000001,1711.92647943732
72.402,1716.08879657661
72.403,1721.16551558072
72.4040000000002,1725.23085994459
72.4050000000002,1729.60568069881
72.4060000000002,1734.76479373187
72.4070000000002,1740.68485169358
72.4080000000001,1747.31332651447
72.4090000000001,1754.57687946765
72.4100000000001,1760.61329995875
72.4110000000001,1766.9673438964
72.412,1774.27019598512
72.413,1782.67520177238
72.4140000000002,1792.24676916472
72.4150000000002,1802.92623707483
72.4160000000002,1812.7059216531
72.4170000000001,1822.96741859964
72.4180000000001,1833.96985635336
72.4190000000001,1845.47314335537
72.4200000000001,1857.16185512722
72.421,1868.67594957426
72.422,1877.8144152654
72.423,1886.00334762961
72.4240000000002,1893.60126197301
72.4250000000002,1900.61909175344
72.4260000000002,1907.05881188347
72.4270000000001,1912.88352732526
72.4280000000001,1916.14981931436
72.4290000000001,1918.51742684222
72.4300000000001,1920.39365680167
72.431,1921.78125276523
72.432,1922.61213619486
72.4330000000002,1922.7591521514
72.4340000000002,1920.18991801769
72.4350000000002,1916.61006716672
72.4360000000001,1912.46933096935
72.4370000000001,1907.92628736909
72.4380000000001,1903.12760244627
72.4390000000001,1898.1842185319
72.4400000000001,1891.25640792376
72.441,1884.27687285684
72.442,1877.75419640801
72.4430000000002,1871.84804628945
72.4440000000002,1866.62038948861
72.4450000000002,1862.02891349115
72.4460000000001,1856.00586446767
72.4470000000001,1850.34256532584
72.4480000000001,1845.3359084998
72.4490000000001,1841.0073540012
72.45,1837.33288728202
72.451,1834.23557756024
72.4520000000002,1829.63443668303
72.4530000000002,1825.40934651132
72.4540000000002,1821.8734499869
72.4550000000002,1819.09396364962
72.4560000000001,1817.07710652642
72.4570000000001,1815.75255783201
72.4580000000001,1813.00535034806
72.4590000000001,1810.72601697449
72.46,1809.13070507485
72.461,1808.21185514266
72.4620000000002,1807.90178596356
72.4630000000002,1808.0668702114
72.4640000000002,1806.51562863535
72.4650000000001,1805.18981656186
72.4660000000001,1804.27244993773
72.4670000000001,1803.77029160971
72.4680000000001,1803.64192465436
72.4690000000001,1803.78513697719
72.47,1801.99307280268
72.471,1800.32261760797
72.4720000000002,1798.94086029993
72.4730000000002,1797.85923981131
72.4740000000002,1797.03860961239
72.4750000000001,1796.38547133627
72.4760000000001,1793.67098468271
72.4770000000001,1791.09645519805
72.4780000000001,1788.86373236888
72.479,1787.06655685533
72.48,1785.7600428906
72.4810000000002,1784.94653777781
72.4820000000002,1782.43023423303
72.4830000000002,1780.57616339998
72.4840000000002,1779.55963129797
72.4850000000001,1779.42218292756
72.4860000000001,1780.11381921778
72.4870000000001,1781.49095418132
72.4880000000001,1781.12864578963
72.489,1781.33726910981
72.49,1782.12128039562
72.4910000000002,1783.42684267368
72.4920000000002,1785.16699282043
72.4930000000002,1787.19220575571
72.4940000000001,1787.198430282
72.4950000000001,1787.63060671003
72.4960000000001,1788.65763944506
72.4970000000001,1790.38625633159
72.498,1792.85483766138
72.499,1795.94339655458
72.5,1797.38979943635
72.5010000000002,1799.50028238853
72.5020000000002,1802.26671282285
72.5030000000002,1805.56307253134
72.5040000000001,1809.16710832666
72.5050000000001,1812.67242476253
72.5060000000001,1813.67944481939
72.5070000000001,1814.31451633819
72.508,1814.54643523204
72.509,1814.34439227659
72.5100000000002,1813.69286247111
72.5110000000002,1812.449221399
72.5120000000002,1808.62735970629
72.5130000000001,1804.69204345385
72.5140000000001,1800.96775858364
72.5150000000001,1797.71925860399
72.5160000000001,1795.13250628979
72.5170000000001,1793.11890004033
72.518,1789.72915429033
72.519,1787.2472919518
72.5200000000002,1785.77529024648
72.5210000000002,1785.30754304975
72.5220000000002,1785.74699452016
72.5230000000001,1786.71198022515
72.5240000000001,1786.13773937848
72.5250000000001,1786.07687029647
72.5260000000001,1786.51094252679
72.527,1787.36318276928
72.528,1788.50600760295
72.5290000000002,1789.52916457145
72.5300000000002,1788.48585159677
72.5310000000002,1787.41885140818
72.5320000000002,1786.36644910942
72.5330000000001,1785.33245221407
72.5340000000001,1784.30124530968
72.5350000000001,1782.98109534852
72.5360000000001,1779.68486794823
72.537,1776.64282005925
72.538,1774.13687252674
72.5390000000002,1772.41415536186
72.5400000000002,1771.67507311438
72.5410000000002,1771.76167302132
72.5420000000001,1771.16668761418
72.5430000000001,1772.03184891287
72.5440000000001,1774.49824254306
72.5450000000001,1778.57017000008
72.546,1784.12502435734
72.547,1790.60877967426
72.548,1796.23550262165
72.5490000000002,1802.72012522454
72.5500000000002,1809.88448744709
72.5510000000002,1817.48979170983
72.5520000000001,1825.26341868938
72.5530000000001,1832.57328640679
72.5540000000001,1837.76010307475
72.5550000000001,1842.63539708427
72.556,1847.22321396593
72.557,1851.53988406731
72.5580000000002,1855.60262697399
72.5590000000002,1859.05502452216
72.5600000000002,1860.60784423347
72.5610000000001,1862.32819476665
72.5620000000001,1864.48014389571
72.5630000000001,1867.26055439228
72.5640000000001,1870.7911023222
72.5650000000001,1874.69848370461
72.566,1877.67312944874
72.567,1881.57687061502
72.5680000000002,1886.39172578578
72.5690000000002,1891.95096745376
72.5700000000002,1897.95550266436
72.5710000000001,1903.55686688841
72.5720000000001,1907.0813996503
72.5730000000001,1909.97671259277
72.5740000000001,1911.93598382313
72.575,1912.63458966113
72.576,1911.77726702991
72.5770000000002,1908.6734568079
72.5780000000002,1902.0905922953
72.5790000000002,1893.98550289433
72.5800000000002,1884.74643588307
72.5810000000001,1874.8368725605
72.5820000000001,1864.77145116158
72.5830000000001,1854.5674112335
72.5840000000001,1843.62155864137
72.585,1834.28136516591
72.586,1827.04903899102
72.5870000000002,1822.18322444302
72.5880000000002,1819.66807545837
72.5890000000002,1818.61160669272
72.5900000000001,1817.27666452407
72.5910000000001,1817.04916918596
72.5920000000001,1817.4253852746
72.5930000000001,1817.82665005215
72.5940000000001,1817.65059328541
72.595,1815.58490137616
72.596,1809.73313521456
72.5970000000002,1802.15447965674
72.5980000000002,1793.15376930985
72.5990000000002,1783.17581756023
72.6000000000001,1772.7102634335
72.6010000000001,1761.30334409516
72.6020000000001,1747.6720341472
72.6030000000001,1734.70173993552
72.604,1723.06413368048
72.605,1713.2758143407
72.6060000000002,1705.60838258806
72.6070000000002,1699.20581827147
72.6080000000002,1692.47651709184
72.6090000000002,1687.17051462519
72.6100000000001,1683.04356969344
72.6110000000001,1679.82870153661
72.6120000000001,1677.3092004301
72.6130000000001,1674.80448017607
72.614,1671.74345981025
72.615,1669.63437648351
72.6160000000002,1668.54855747473
72.6170000000002,1668.41402287716
72.6180000000002,1669.0223781431
72.6190000000001,1669.69198925297
72.6200000000001,1669.96889182936
72.6210000000001,1670.41590564646
72.6220000000001,1670.53196736951
72.623,1669.86872715562
72.624,1668.20258786928
72.625,1665.28844653761
72.6260000000002,1661.58159720383
72.6270000000002,1658.6052246098
72.6280000000002,1656.83002343175
72.6290000000001,1656.45193435223
72.6300000000001,1657.34367498415
72.6310000000001,1658.55091249806
72.6320000000001,1659.26799121198
72.633,1660.05146893387
72.634,1660.37710969726
72.6350000000002,1660.00632837477
72.6360000000002,1659.20148975297
72.6370000000002,1658.04280067445
72.6380000000001,1657.51146756622
72.6390000000001,1661.15098506448
72.6400000000001,1671.10588381545
72.6410000000001,1689.18802657626
72.6420000000001,1716.5631588169
72.643,1752.68001978686
72.644,1796.5395765434
72.6450000000002,1848.78280761835
72.6460000000002,1908.27164441848
72.6470000000002,1973.96121283825
72.6480000000001,2045.28298829214
72.6490000000001,2121.52963648472
72.6500000000001,2203.21593580443
72.6510000000001,2293.35219217826
72.652,2393.56274618292
72.653,2504.7903758732
72.6540000000002,2626.63312020982
72.6550000000002,2755.94459065358
72.6560000000002,2887.99142104874
72.6570000000002,3017.74916409909
72.6580000000001,3137.15184732135
72.6590000000001,3237.10729429963
72.6600000000001,3308.44493064021
72.6610000000001,3342.03932981831
72.662,3331.29181049736
72.663,3273.92749322401
72.6640000000002,3169.31822947693
72.6650000000002,3019.74928423566
72.6660000000002,2830.1149274139
72.6670000000001,2606.4415276729
72.6680000000001,2356.86155160532
72.6690000000001,2091.8529826307
72.6700000000001,1820.61366824885
72.671,1551.70366213522
72.672,1292.62092157181
72.673,1048.5795189305
72.6740000000002,824.162531776381
72.6750000000002,624.104368025322
72.6760000000002,450.560949984231
72.6770000000001,304.437850463691
72.6780000000001,185.606588850341
72.6790000000001,92.2013271470186
72.6800000000001,22.8373646349766
72.681,-22.4548482924086
72.682,-44.6118410413081
72.6830000000002,-44.1870146668583
72.6840000000002,-21.2759068106049
72.6850000000002,23.3914631325431
72.6860000000001,90.2354315366147
72.6870000000001,180.875610612049
72.6880000000001,295.126956190333
72.6890000000001,431.677927772705
72.6900000000001,587.757330315808
72.691,757.95219960829
72.692,936.458253835659
72.6930000000002,1117.67097145082
72.6940000000002,1294.3066979246
72.6950000000002,1459.16699378392
72.6960000000001,1605.83607726492
72.6970000000001,1728.2192523742
72.6980000000001,1823.25237996612
72.6990000000001,1891.14491064164
72.7,1932.98526819198
72.701,1951.48496006389
72.7020000000002,1950.49483615861
72.7030000000002,1933.31488511675
72.7040000000002,1904.63865565413
72.7050000000002,1869.94735734612
72.7060000000001,1832.95630229644
72.7070000000001,1796.53095421841
72.7080000000001,1762.68129463327
72.7090000000001,1731.38959026846
72.71,1703.69766761178
72.711,1681.33948728097
72.7120000000002,1664.57536951851
72.7130000000002,1653.44485076417
72.7140000000002,1647.81054673169
72.7150000000001,1645.86430847794
72.7160000000001,1647.72043243798
72.7170000000001,1654.28851828458
72.7180000000001,1664.84719276357
72.7190000000001,1678.43325218731
72.72,1693.94456634434
72.721,1708.5245573096
72.7220000000002,1722.01012791247
72.7230000000002,1735.24332465637
72.7240000000002,1747.61045378134
72.7250000000001,1758.59251430462
72.7260000000001,1767.8253324191
72.7270000000001,1773.54228995189
72.7280000000001,1776.50670810552
72.729,1778.3573457057
72.73,1779.43849685527
72.7310000000002,1780.02015417869
72.7320000000002,1780.29464738954
72.7330000000002,1779.24457305222
72.7340000000002,1777.27699233812
72.7350000000001,1775.52660587093
72.7360000000001,1774.34094248055
72.7370000000001,1773.98439396028
72.7380000000001,1774.57587633857
72.739,1775.19893938295
72.74,1775.65856545792
72.7410000000002,1776.46372830855
72.7420000000002,1777.70501503407
72.7430000000002,1779.4667390411
72.7440000000001,1781.75394432564
72.7450000000001,1783.59515188995
72.7460000000001,1784.76981744327
72.7470000000001,1785.77682141911
72.748,1786.78409368913
72.749,1787.98775796699
72.75,1789.52787960193
72.7510000000002,1790.32861163995
72.7520000000002,1790.62897577755
72.7530000000002,1791.22034254139
72.7540000000001,1792.33118432065
72.7550000000001,1794.17182411647
72.7560000000001,1796.87486270796
72.7570000000001,1798.9798825445
72.758,1801.15405801329
72.759,1804.31639928026
72.7600000000002,1808.47334862608
72.7610000000002,1813.53881809358
72.7620000000002,1819.34209344788
72.7630000000001,1824.04402426569
72.7640000000001,1828.3344140566
72.7650000000001,1833.08838455158
72.7660000000001,1838.29517699573
72.7670000000001,1843.89781476887
72.768,1849.78497638465
72.769,1854.22717502763
72.7700000000002,1857.97789948163
72.7710000000002,1861.91248191588
72.7720000000002,1866.10510974388
72.7730000000001,1870.57765708489
72.7740000000001,1875.27991812493
72.7750000000001,1878.51976678455
72.7760000000001,1881.08601546448
72.777,1883.79304763952
72.778,1886.6971524606
72.7790000000002,1889.79355567852
72.7800000000002,1892.99857173215
72.7810000000002,1894.52536965306
72.7820000000002,1895.23391403911
72.7830000000001,1895.91717138917
72.7840000000001,1896.65735741273
72.7850000000001,1897.5176144514
72.7860000000001,1898.53022129824
72.787,1898.00875235868
72.788,1897.11240330241
72.7890000000002,1896.81777164191
72.7900000000002,1897.38437707051
72.7910000000002,1899.00286488908
72.7920000000001,1901.76126535323
72.7930000000001,1903.90486487959
72.7940000000001,1906.54772096908
72.7950000000001,1910.42802798078
72.796,1915.52785003296
72.797,1921.7171586291
72.798,1928.75343505442
72.7990000000002,1934.54885066089
72.8000000000002,1940.04306272688
72.8010000000002,1945.78488295625
72.8020000000001,1951.70659849525
72.8030000000001,1957.73653279672
72.8040000000001,1963.78710740456
72.8050000000001,1967.96619533251
72.806,1971.55262798291
72.807,1975.32336234633
72.8080000000002,1979.42993452025
72.8090000000002,1983.94765965943
72.8100000000002,1988.84573126286
72.8110000000001,1992.16061299876
72.8120000000001,1995.1340719721
72.8130000000001,1998.34718975947
72.8140000000001,2001.77123876826
72.8150000000001,2005.32182175383
72.816,2008.8597115652
72.817,2010.35631726507
72.8180000000002,2011.16197280535
72.8190000000002,2011.9191845303
72.8200000000002,2012.73321958041
72.8210000000001,2013.66548716876
72.8220000000001,2014.7091408972
72.8230000000001,2013.90971034
72.8240000000001,2012.75892782252
72.825,2011.88970668433
72.826,2011.40872666351
72.8270000000002,2011.37816351939
72.8280000000002,2011.81029913398
72.8290000000002,2010.75145826889
72.8300000000002,2009.85739951824
72.8310000000001,2009.811837143
72.8320000000001,2010.77814601189
72.8330000000001,2012.82141479055
72.8340000000001,2015.87750681109
72.835,2017.76017478297
72.836,2019.97427433228
72.8370000000002,2022.87570318979
72.8380000000002,2026.31230803448
72.8390000000002,2030.06870652938
72.8400000000001,2033.88307551318
72.8410000000001,2035.41991572131
72.8420000000001,2036.34553456912
72.8430000000001,2037.18803390836
72.8440000000001,2038.09528024783
72.845,2039.20037597446
72.846,2040.57755597645
72.8470000000002,2040.08910879419
72.8480000000002,2039.65408003163
72.8490000000002,2039.8041585107
72.8500000000001,2040.59300046636
72.8510000000001,2041.95556899771
72.8520000000001,2043.70503117185
72.8530000000001,2043.36218971629
72.854,2042.71451935924
72.855,2042.1272834827
72.8560000000002,2041.63045062214
72.8570000000002,2041.24934127799
72.8580000000002,2040.98316074223
72.8590000000002,2038.53855589401
72.8600000000001,2036.07676793465
72.8610000000001,2034.17743778147
72.8620000000001,2033.05125726942
72.8630000000001,2032.81001821669
72.864,2033.43053581408
72.865,2032.45091503523
72.8660000000002,2031.90215382825
72.8670000000002,2032.03228732655
72.8680000000002,2032.72122110657
72.8690000000001,2033.75900505412
72.8700000000001,2034.85242146269
72.8710000000001,2033.35137182036
72.8720000000001,2031.2839784558
72.873,2028.89765606254
72.874,2026.22517484801
72.875,2023.31338047882
72.8760000000002,2020.20675736591
72.8770000000002,2014.61540402347
72.8780000000002,2009.0401604465
72.8790000000001,2004.04546707703
72.8800000000001,1999.94267583999
72.8810000000001,1996.95521659007
72.8820000000001,1995.18806136077
72.883,1992.26334282734
72.884,1990.60695943877
72.8850000000002,1990.52038341551
72.8860000000002,1992.04927058987
72.8870000000002,1995.14714009768
72.8880000000001,1999.67365053667
72.8890000000001,2003.04203017659
72.8900000000001,2007.57724992177
72.8910000000001,2013.42025751559
72.8920000000001,2020.51845493021
72.893,2028.73852288146
72.894,2037.85565875074
72.8950000000002,2045.17913510021
72.8960000000002,2053.03020950849
72.8970000000002,2061.46363252811
72.8980000000001,2070.42096395571
72.8990000000001,2079.82329420479
72.9000000000001,2089.56628274311
72.9010000000001,2097.09236921529
72.902,2105.02634034699
72.903,2113.59557627051
72.9040000000002,2122.90339682779
72.9050000000002,2132.9488267948
72.9060000000002,2143.59764856799
72.9070000000002,2152.10059595659
72.9080000000001,2160.94438860031
72.9090000000001,2170.04307252295
72.9100000000001,2179.22410036633
72.9110000000001,2188.26352732449
72.912,2196.861029636
72.913,2202.31613528397
72.9140000000002,2207.18564792174
72.9150000000002,2211.55849968531
72.9160000000002,2215.47028850035
72.9170000000001,2218.88493690854
72.9180000000001,2221.58724219965
72.9190000000001,2220.98735035714
72.9200000000001,2219.53712423183
72.921,2217.19486481421
72.922,2213.85487217058
72.923,2209.39505309444
72.9240000000002,2203.59773843458
72.9250000000002,2194.16036590417
72.9260000000002,2183.86946440139
72.9270000000001,2173.22287882703
72.9280000000001,2162.75776434179
72.9290000000001,2153.01113933284
72.9300000000001,2144.3015143159
72.931,2134.77696646559
72.932,2127.32073885663
72.9330000000002,2122.23907134694
72.9340000000002,2119.5606726182
72.9350000000002,2119.03987206755
72.9360000000001,2119.98638922617
72.9370000000001,2119.56293157662
72.9380000000001,2119.65119357183
72.9390000000001,2119.77952496425
72.9400000000001,2119.49760515522
72.941,2118.44023819036
72.942,2116.13205426717
72.9430000000002,2110.39815932493
72.9440000000002,2103.88729917164
72.9450000000002,2097.06718279511
72.9460000000001,2090.41536447724
72.9470000000001,2084.35621809681
72.9480000000001,2078.9299916417
72.9490000000001,2072.29322169019
72.95,2067.02643540137
72.951,2063.29826826451
72.9520000000002,2061.10592013022
72.9530000000002,2060.31043270597
72.9540000000002,2060.36729987822
72.9550000000002,2059.05699999664
72.9560000000001,2058.65593602405
72.9570000000001,2059.20603598479
72.9580000000001,2060.72655782898
72.9590000000001,2063.205051742
72.96,2066.22834948345
72.961,2067.8002791329
72.9620000000002,2070.27527734073
72.9630000000002,2073.67428137763
72.9640000000002,2077.8901009465
72.9650000000001,2082.70377716474
72.9660000000001,2087.41767673628
72.9670000000001,2089.87098088296
72.9680000000001,2092.25858229279
72.9690000000001,2094.53486139666
72.97,2096.63743443276
72.971,2098.4992291645
72.9720000000002,2099.61305071963
72.9730000000002,2098.15377945803
72.9740000000002,2096.60065984261
72.9750000000001,2095.14115758312
72.9760000000001,2093.87183713108
72.9770000000001,2092.80252440651
72.9780000000001,2091.39478655977
72.979,2087.87572088728
72.98,2084.66312351144
72.9810000000002,2081.94836437089
72.9820000000002,2079.90313288693
72.9830000000002,2078.69708051832
72.9840000000002,2077.99121608411
72.9850000000001,2076.37627997381
72.9860000000001,2076.42534083716
72.9870000000001,2078.43179137403
72.9880000000001,2082.48712262896
72.989,2088.45549890913
72.99,2095.4341345218
72.9910000000002,2101.38786657865
72.9920000000002,2108.01242885843
72.9930000000002,2114.83078140518
72.9940000000001,2121.3308745661
72.9950000000001,2127.05202669094
72.9960000000001,2131.07742795658
72.9970000000001,2131.824023512
72.998,2131.66362319178
72.999,2131.0386918605
73,2130.41269388028
73.0010000000002,2130.18939018044
73.0020000000002,2130.01713296955
73.0030000000002,2128.62934357795
73.0040000000001,2128.25514293414
73.0050000000001,2128.88952880832
73.0060000000001,2130.3273127933
73.0070000000001,2132.22627857404
73.008,2133.52692206748
73.009,2132.56346740782
73.0100000000002,2131.31415937545
73.0110000000002,2129.86397942619
73.0120000000002,2128.33965523352
73.0130000000001,2126.87866699162
73.0140000000001,2124.90202672598
73.0150000000001,2121.27037172758
73.0160000000001,2118.21462209388
73.0170000000001,2115.94621674856
73.018,2114.5595368775
73.019,2114.04871698051
73.0200000000002,2113.60603594589
73.0210000000002,2111.99308268741
73.0220000000002,2111.29378578192
73.0230000000001,2111.66747511702
73.0240000000001,2113.20030871717
73.0250000000001,2115.87826642837
73.0260000000001,2118.79318963034
73.027,2120.63289821701
73.028,2123.20595249674
73.0290000000002,2126.32562185906
73.0300000000002,2129.68514757822
73.0310000000002,2132.89648318864
73.0320000000002,2134.72776310662
73.0330000000001,2133.8119988317
73.0340000000001,2131.98153565721
73.0350000000001,2129.29098558813
73.0360000000001,2125.83691440309
73.037,2121.74528663878
73.038,2116.31172659257
73.0390000000002,2108.79811606553
73.0400000000002,2101.46514390026
73.0410000000002,2094.73597497086
73.0420000000001,2088.9578627344
73.0430000000001,2084.39144510479
73.0440000000001,2080.33531092737
73.0450000000001,2076.08244726929
73.046,2073.69210634003
73.047,2073.36288019887
73.048,2075.14420812683
73.0490000000002,2078.93086103613
73.0500000000002,2083.57702738652
73.0510000000002,2088.02561743529
73.0520000000001,2093.812663958
73.0530000000001,2100.70119427771
73.0540000000001,2108.38902056596
73.0550000000001,2116.54635415283
73.056,2123.92609680067
73.057,2129.65188023949
73.0580000000002,2135.42086469039
73.0590000000002,2141.26513148159
73.0600000000002,2147.16676548709
73.0610000000001,2153.04264739628
73.0620000000001,2157.7808810069
73.0630000000001,2160.66266521643
73.0640000000001,2163.3502490961
73.0650000000001,2165.83098884989
73.066,2168.0447960959
73.067,2169.91685690602
73.0680000000002,2170.39303752776
73.0690000000002,2169.02420210852
73.0700000000002,2167.71162155103
73.0710000000001,2166.75545164076
73.0720000000001,2166.39023035097
73.0730000000001,2166.75656978824
73.0740000000001,2166.85456447801
73.075,2166.24723685963
73.076,2166.58363005037
73.0770000000002,2167.84136169721
73.0780000000002,2169.88042973944
73.0790000000002,2172.48132829217
73.0800000000002,2174.32895923952
73.0810000000001,2174.89587120416
73.0820000000001,2175.74703482681
73.0830000000001,2176.93446144496
73.0840000000001,2178.46932061368
73.085,2180.30882036037
73.086,2181.25310613287
73.0870000000002,2180.94294988306
73.0880000000002,2180.92559612819
73.0890000000002,2181.19905330033
73.0900000000001,2181.67812057696
73.0910000000001,2182.2176362953
73.0920000000001,2181.48464359752
73.0930000000001,2179.16695747762
73.0940000000001,2176.8618623947
73.095,2174.67568177801
73.096,2172.64533328534
73.0970000000002,2170.71532415782
73.0980000000002,2167.42558232988
73.0990000000002,2162.39020290912
73.1000000000001,2157.16852869136
73.1010000000001,2151.72407812779
73.1020000000001,2145.92469342638
73.1030000000001,2139.54533543755
73.104,2130.74719556191
73.105,2119.06063041932
73.1060000000002,2106.42319212915
73.1070000000002,2093.26078291824
73.1080000000002,2080.08230930145
73.1090000000002,2067.39510896191
73.1100000000001,2053.8422132996
73.1110000000001,2039.55022781575
73.1120000000001,2027.05535191926
73.1130000000001,2017.02948498621
73.114,2009.92749342413
73.115,2005.88088891939
73.1160000000002,2003.03172600366
73.1170000000002,2000.81004019363
73.1180000000002,2000.35354301325
73.1190000000001,2001.13240021539
73.1200000000001,2002.59459438002
73.1210000000001,2004.26484154548
73.1220000000001,2004.70004670561
73.123,2004.07794010148
73.124,2003.64712883478
73.125,2003.52358171039
73.1260000000002,2003.75449349972
73.1270000000002,2004.30562528856
73.1280000000002,2004.37490631295
73.1290000000001,2004.32604676322
73.1300000000001,2004.61111672691
73.1310000000001,2004.74371949536
73.1320000000001,2004.23207394316
73.133,2002.77596183629
73.134,1999.70672464791
73.1350000000002,1996.00341802462
73.1360000000002,1992.9682171447
73.1370000000002,1991.06179450902
73.1380000000001,1990.51761904076
73.1390000000001,1991.27815532225
73.1400000000001,1991.86781348008
73.1410000000001,1992.3055258629
73.1420000000001,1993.09878578069
73.143,1993.79407521009
73.144,1994.16579729527
73.1450000000002,1994.40359506505
73.1460000000002,1993.70112701705
73.1470000000002,1993.86185872836
73.1480000000001,1997.93594545029
73.1490000000001,2007.8842058128
73.1500000000001,2025.42605073908
73.1510000000001,2051.78078542096
73.152,2085.93796333621
73.153,2128.51431125878
73.1540000000002,2180.47261439089
73.1550000000002,2241.40703518051
73.1560000000002,2310.9585856089
73.1570000000002,2389.0428082395
73.1580000000001,2474.39671111713
73.1590000000001,2568.30634908792
73.1600000000001,2672.61666454499
73.1610000000001,2787.55033373097
73.162,2912.22657403056
73.163,3044.20640550882
73.1640000000002,3177.68432390232
73.1650000000002,3307.43451735991
73.1660000000002,3427.27333078987
73.1670000000001,3529.1438491216
73.1680000000001,3604.92100754115
73.1690000000001,3647.28932794153
73.1700000000001,3648.96732153213
73.171,3607.31738506217
73.172,3522.59052686937
73.173,3396.47815288891
73.1740000000002,3232.69696098297
73.1750000000002,3036.42533465174
73.1760000000002,2812.06947073935
73.1770000000001,2566.79211945148
73.1780000000001,2307.85844177663
73.1790000000001,2041.14141309671
73.1800000000001,1771.9614738786
73.181,1505.19241635423
73.182,1243.83556758247
73.1830000000002,993.503817236186
73.1840000000002,760.139283349517
73.1850000000002,548.93155501885
73.1860000000001,365.042625145118
73.1870000000001,213.341484207424
73.1880000000001,96.3988905696658
73.1890000000001,18.5502697931302
73.1900000000001,-17.0665742257303
73.191,-9.69573196131592
73.192,39.7396453483143
73.1930000000002,128.634180016673
73.1940000000002,251.111294555022
73.1950000000002,402.822615388341
73.1960000000001,578.36500811513
73.1970000000001,770.793334374706
73.1980000000001,972.752926638622
73.1990000000001,1176.81834980235
73.2,1374.0895839768
73.201,1559.2392144074
73.2020000000002,1727.72120578149
73.2030000000002,1875.34008400409
73.2040000000002,1999.1701156426
73.2050000000002,2097.62830460944
73.2060000000001,2168.67926383593
73.2070000000001,2214.62087281707
73.2080000000001,2238.58961268672
73.2090000000001,2243.7848054016
73.21,2233.89542607629
73.211,2212.78754762741
73.2120000000002,2182.37748285198
73.2130000000002,2147.51162819168
73.2140000000002,2112.16962137975
73.2150000000001,2078.98130864442
73.2160000000001,2049.87284806453
73.2170000000001,2026.05914933938
73.2180000000001,2006.06277668349
73.2190000000001,1991.53704785428
73.22,1983.03987384137
73.221,1979.96518137054
73.2220000000002,1981.39735959295
73.2230000000002,1986.22833273373
73.2240000000002,1990.93731163461
73.2250000000001,1996.50741244684
73.2260000000001,2003.01190660467
73.2270000000001,2009.7720112002
73.2280000000001,2016.23756049415
73.229,2022.02993752094
73.23,2024.35127196445
73.2310000000002,2025.69642276941
73.2320000000002,2027.23082824341
73.2330000000002,2029.12249686803
73.2340000000002,2031.39201467128
73.2350000000001,2033.93511530245
73.2360000000001,2034.17640431843
73.2370000000001,2034.12640758794
73.2380000000001,2034.53088507008
73.239,2035.33205526556
73.24,2036.41909301261
73.2410000000002,2037.67519892969
73.2420000000002,2037.19521082575
73.2430000000002,2036.39865751165
73.2440000000001,2036.13596721045
73.2450000000001,2036.81074838873
73.2460000000001,2038.71458409047
73.2470000000001,2041.92138859208
73.248,2044.8776494787
73.249,2047.93417182593
73.25,2051.22727325384
73.2510000000002,2054.66333107217
73.2520000000002,2058.15926294247
73.2530000000002,2061.60446570927
73.2540000000001,2063.43780496721
73.2550000000001,2064.34939122413
73.2560000000001,2064.93318528074
73.2570000000001,2065.66358569871
73.258,2067.00088779015
73.259,2069.23087558714
73.2600000000002,2070.45171629734
73.2610000000002,2071.96758076003
73.2620000000002,2074.03403550909
73.2630000000001,2076.44565858854
73.2640000000001,2078.9343112973
73.2650000000001,2081.21358336702
73.2660000000001,2080.70076199747
73.2670000000001,2079.47217565182
73.268,2078.27433324282
73.269,2077.51617171031
73.2700000000002,2077.6081697935
73.2710000000002,2078.87509760457
73.2720000000002,2079.05977852017
73.2730000000001,2080.53093490693
73.2740000000001,2083.83252931593
73.2750000000001,2088.9053201331
73.2760000000001,2095.48182142939
73.277,2103.12119640406
73.278,2108.85436153081
73.2790000000002,2114.47408055198
73.2800000000002,2120.1733276075
73.2810000000002,2125.86515985203
73.2820000000002,2131.48427677379
73.2830000000001,2136.94321386301
73.2840000000001,2139.65378310101
73.2850000000001,2141.87965222668
73.2860000000001,2144.11853301628
73.287,2146.54927049511
73.288,2149.29857411505
73.2890000000002,2152.41587509044
73.2900000000002,2153.3435428665
73.2910000000002,2154.53854983796
73.2920000000001,2156.50176414779
73.2930000000001,2159.38649363299
73.2940000000001,2163.20310119069
73.2950000000001,2167.77797027611
73.296,2170.17558419485
73.297,2172.57799211367
73.298,2175.08621843492
73.2990000000002,2177.58761444749
73.3000000000002,2180.00295773601
73.3010000000002,2182.29915793499
73.3020000000001,2181.8790557084
73.3030000000001,2181.58789192025
73.3040000000001,2182.16041441663
73.3050000000001,2184.12560502131
73.306,2187.87911549368
73.307,2193.58537171998
73.3080000000002,2198.44424615103
73.3090000000002,2204.94583044932
73.3100000000002,2213.0825147652
73.3110000000001,2222.5591951751
73.3120000000001,2232.97615579263
73.3130000000001,2243.86992519592
73.3140000000001,2251.99866607171
73.3150000000001,2259.92485913841
73.316,2267.83509991932
73.317,2275.86085087128
73.3180000000002,2284.10362994798
73.3190000000002,2292.55535803044
73.3200000000002,2298.13815520366
73.3210000000001,2303.7473513408
73.3220000000001,2309.55710241843
73.3230000000001,2315.633363977
73.3240000000001,2321.9940342191
73.325,2328.6009525167
73.326,2332.37491200194
73.3270000000002,2336.51798866612
73.3280000000002,2341.43367032648
73.3290000000002,2347.47135463389
73.3300000000002,2354.85850902461
73.3310000000001,2363.56923691961
73.3320000000001,2370.45737235484
73.3330000000001,2378.31282665726
73.3340000000001,2386.97888841896
73.335,2396.13879072793
73.336,2405.35828699512
73.3370000000002,2414.03357677394
73.3380000000002,2418.80884548365
73.3390000000002,2422.46665323059
73.3400000000001,2425.21061203675
73.3410000000001,2427.39939455703
73.3420000000001,2429.50425855395
73.3430000000001,2431.87756660334
73.3440000000001,2432.13909606888
73.345,2433.77247677298
73.346,2437.28569882343
73.3470000000002,2442.85636053568
73.3480000000002,2450.27601549708
73.3490000000002,2458.75582328718
73.3500000000001,2464.64061517189
73.3510000000001,2470.07248868804
73.3520000000001,2474.50756099095
73.3530000000001,2477.59118236362
73.354,2479.26071991076
73.355,2479.53422286182
73.3560000000002,2476.26843717789
73.3570000000002,2473.33352870886
73.3580000000002,2471.89062288887
73.3590000000002,2472.86205167739
73.3600000000001,2476.72080398048
73.3610000000001,2483.07051009422
73.3620000000001,2488.61481846714
73.3630000000001,2495.35130169952
73.364,2502.39819952242
73.365,2508.93835537397
73.3660000000002,2514.47176864221
73.3670000000002,2518.66213316396
73.3680000000002,2519.56603150859
73.3690000000001,2521.30745330304
73.3700000000001,2525.64105323045
73.3710000000001,2534.23893098466
73.3720000000001,2548.31447357008
73.373,2567.92353950283
73.374,2590.11283598986
73.375,2616.53964046424
73.3760000000002,2645.47866149302
73.3770000000002,2674.77165938868
73.3780000000002,2702.20707407594
73.3790000000001,2725.46074597734
73.3800000000001,2740.88278859729
73.3810000000001,2751.07443745056
73.3820000000001,2756.74835540797
73.383,2759.16225829653
73.384,2759.80104484574
73.3850000000002,2759.54694184265
73.3860000000002,2757.06172862462
73.3870000000002,2755.79749634363
73.3880000000001,2755.96415247224
73.3890000000001,2757.23758813539
73.3900000000001,2758.95135603681
73.3910000000001,2759.81439361688
73.3920000000001,2757.02064871021
73.393,2753.32738941019
73.394,2749.27819867622
73.3950000000002,2745.72015391951
73.3960000000002,2743.63019125987
73.3970000000002,2743.31764980886
73.3980000000001,2743.28050312925
73.3990000000001,2746.64012508416
73.4000000000001,2753.39958497079
73.4010000000001,2763.01833104896
73.402,2774.52169178862
73.403,2786.06425921068
73.4040000000002,2794.41316442219
73.4050000000002,2801.44301704044
73.4060000000002,2806.8039038297
73.4070000000002,2810.49602207032
73.4080000000001,2812.84134846205
73.4090000000001,2813.72358498204
73.4100000000001,2811.91079687267
73.4110000000001,2810.87760794879
73.412,2811.36541310091
73.413,2813.7396278466
73.4140000000002,2817.92992695441
73.4150000000002,2822.74754666199
73.4160000000002,2825.64523281446
73.4170000000001,2828.43789823025
73.4180000000001,2830.45682611077
73.4190000000001,2831.12065427774
73.4200000000001,2830.07024028602
73.421,2826.52536068597
73.422,2819.18008708705
73.423,2811.36463594797
73.4240000000002,2804.18604787566
73.4250000000002,2798.7106954991
73.4260000000002,2795.79402599686
73.4270000000001,2795.16016529242
73.4280000000001,2795.37512937387
73.4290000000001,2798.76062120681
73.4300000000001,2804.85717532551
73.431,2812.8538235706
73.432,2821.74929591937
73.4330000000002,2829.70548281784
73.4340000000002,2834.46315124923
73.4350000000002,2838.10900156975
73.4360000000001,2840.66973312158
73.4370000000001,2842.37266071668
73.4380000000001,2843.56534179343
73.4390000000001,2843.72343235349
73.4400000000001,2841.82432329833
73.441,2840.6663428333
73.442,2840.41965119285
73.4430000000002,2840.95069042132
73.4440000000002,2841.88555194205
73.4450000000002,2841.77797687339
73.4460000000001,2838.89531426524
73.4470000000001,2835.4041589133
73.4480000000001,2831.21254426957
73.4490000000001,2826.28141602739
73.45,2820.63716770672
73.451,2813.3909980003
73.4520000000002,2803.58563163765
73.4530000000002,2793.97972099797
73.4540000000002,2784.98899069562
73.4550000000002,2776.90769538109
73.4560000000001,2769.91308937622
73.4570000000001,2763.05012169519
73.4580000000001,2755.29059348615
73.4590000000001,2749.11514783108
73.46,2744.60625536228
73.461,2741.63517089952
73.4620000000002,2739.8612033564
73.4630000000002,2737.58461054342
73.4640000000002,2733.0746740225
73.4650000000001,2728.35604427845
73.4660000000001,2723.06647554014
73.4670000000001,2716.81931215941
73.4680000000001,2709.24846727808
73.4690000000001,2698.68219476012
73.47,2683.75872573089
73.471,2667.51550440918
73.4720000000002,2650.62848272522
73.4730000000002,2633.82914168279
73.4740000000002,2617.79835687864
73.4750000000001,2601.53541613477
73.4760000000001,2584.161662974
73.4770000000001,2569.01295770879
73.4780000000001,2556.61635733551
73.479,2547.22791852603
73.48,2540.79151787207
73.4810000000002,2535.48105153988
73.4820000000002,2529.75076269527
73.4830000000002,2525.66460060779
73.4840000000002,2522.8302579274
73.4850000000001,2520.83307883342
73.4860000000001,2519.30320010522
73.4870000000001,2516.91607600199
73.4880000000001,2513.1962592043
73.489,2509.88749790162
73.49,2506.83996204488
73.4910000000002,2503.76256007883
73.4920000000002,2500.30540618161
73.4930000000002,2495.45886047869
73.4940000000001,2489.23382358851
73.4950000000001,2482.75551050908
73.4960000000001,2475.7837637907
73.4970000000001,2468.10853954985
73.498,2459.70834578286
73.499,2450.08760996839
73.5,2440.05683539581
73.5010000000002,2431.64437589451
73.5020000000002,2425.35893630917
73.5030000000002,2421.39958456865
73.5040000000001,2419.64075604109
73.5050000000001,2418.37209111726
73.5060000000001,2416.87379696637
73.5070000000001,2416.56602384625
73.508,2417.02012578819
73.509,2417.87809246391
73.5100000000002,2418.98819802381
73.5110000000002,2419.05713518674
73.5120000000002,2418.5207865024
73.5130000000001,2420.58656770818
73.5140000000001,2426.9207615662
73.5150000000001,2439.40766771795
73.5160000000001,2460.02253008373
73.5170000000001,2489.23160949237
73.518,2528.63797617826
73.519,2581.358431171
73.5200000000002,2647.9360966772
73.5210000000002,2727.91067432877
73.5220000000002,2819.79906594526
73.5230000000001,2919.79800592019
73.5240000000001,3025.0234648825
73.5250000000001,3134.16524277878
73.5260000000001,3244.31317000294
73.527,3352.93344648585
73.528,3458.06979587873
73.5290000000002,3556.85260021538
73.5300000000002,3648.35724838207
73.5310000000002,3733.16031401327
73.5320000000002,3809.35595821512
73.5330000000001,3873.62936511716
73.5340000000001,3921.0039423669
73.5350000000001,3943.49059417442
73.5360000000001,3933.91091366249
73.537,3886.68911819364
73.538,3795.87471999099
73.5390000000002,3657.85501429962
73.5400000000002,3472.29718487301
73.5410000000002,3241.09680260339
73.5420000000001,2971.52908899592
73.5430000000001,2675.0079238652
73.5440000000001,2362.8480820603
73.5450000000001,2046.22562402827
73.546,1734.86942498106
73.547,1434.71374090694
73.548,1151.21316531898
73.5490000000002,889.208361983806
73.5500000000002,651.27337865448
73.5510000000002,440.403247370599
73.5520000000001,261.153444175393
73.5530000000001,118.68108655915
73.5540000000001,22.1171223095694
73.5550000000001,-17.4785540174749
73.556,8.50781291300109
73.557,105.411308524823
73.5580000000002,273.305725092388
73.5590000000002,504.13103561468
73.5600000000002,785.189350093359
73.5610000000001,1098.98175531074
73.5620000000001,1422.96080701328
73.5630000000001,1733.69513221619
73.5640000000001,2010.00911921723
73.5650000000001,2234.18131700712
73.566,2397.70815377233
73.567,2500.60793054245
73.5680000000002,2548.62365988952
73.5690000000002,2552.70455559638
73.5700000000002,2526.57076012224
73.5710000000001,2482.49080731103
73.5720000000001,2433.02487977817
73.5730000000001,2387.89588284248
73.5740000000001,2351.45521506716
73.575,2324.24902507379
73.576,2304.12404941354
73.5770000000002,2286.02044954931
73.5780000000002,2267.58830672674
73.5790000000002,2248.30933208367
73.5800000000002,2228.13563885641
73.5810000000001,2208.51331260177
73.5820000000001,2191.79430643747
73.5830000000001,2178.57376900857
73.5840000000001,2171.65883320461
73.585,2173.00145644429
73.586,2181.76272294001
73.5870000000002,2195.76229119252
73.5880000000002,2212.02872099228
73.5890000000002,2225.39737169069
73.5900000000001,2234.77999818795
73.5910000000001,2240.25053422285
73.5920000000001,2241.51340701268
73.5930000000001,2239.15691745364
73.5940000000001,2234.36848100685
73.595,2226.26096844833
73.596,2217.74563777064
73.5970000000002,2211.18344993892
73.5980000000002,2206.74062844005
73.5990000000002,2203.91014332135
73.6000000000001,2201.79815719759
73.6010000000001,2197.3306070297
73.6020000000001,2191.3489147798
73.6030000000001,2184.95971785462
73.604,2178.31135753046
73.605,2171.74494859837
73.6060000000002,2165.69531113018
73.6070000000002,2159.01200390788
73.6080000000002,2152.86253824023
73.6090000000002,2148.42231585823
73.6100000000001,2145.880726041
73.6110000000001,2145.17308492128
73.6120000000001,2146.00045393587
73.6130000000001,2146.78138675666
73.614,2147.28070898265
73.615,2147.77590814686
73.6160000000002,2148.26882673997
73.6170000000002,2148.81442702835
73.6180000000002,2149.40413356377
73.6190000000001,2148.69850241855
73.6200000000001,2146.88054566427
73.6210000000001,2144.45499734692
73.6220000000001,2141.56881487881
73.623,2138.41426368853
73.624,2135.16215089825
73.625,2130.05487201809
73.6260000000002,2124.46231243654
73.6270000000002,2119.39773175614
73.6280000000002,2114.99716359251
73.6290000000001,2111.297319002
73.6300000000001,2108.25692004004
73.6310000000001,2103.74708882494
73.6320000000001,2099.30106506849
73.633,2095.91774494323
73.634,2093.71837695302
73.6350000000002,2092.74241436084
73.6360000000002,2092.94609743937
73.6370000000002,2092.20680358484
73.6380000000001,2091.95872244981
73.6390000000001,2093.00812847898
73.6400000000001,2095.3266119934
73.6410000000001,2098.76945900797
73.6420000000001,2103.07967268577
73.643,2105.91363519583
73.644,2108.50666702527
73.6450000000002,2111.42207982427
73.6460000000002,2114.50739234103
73.6470000000002,2117.56566997025
73.6480000000001,2120.3613956423
73.6490000000001,2120.60110539685
73.6500000000001,2119.76625392583
73.6510000000001,2118.58158769269
73.652,2117.12500366582
73.653,2115.45482035872
73.6540000000002,2113.60663109622
73.6550000000002,2109.52963956178
73.6560000000002,2105.06341080591
73.6570000000002,2101.14559078328
73.6580000000001,2098.0683186846
73.6590000000001,2096.05179189563
73.6600000000001,2095.2240269897
73.6610000000001,2093.51489730669
73.662,2092.7358548304
73.663,2093.58704676939
73.6640000000002,2096.06212982618
73.6650000000002,2099.99111585977
73.6660000000002,2105.04515872718
73.6670000000001,2108.64526137619
73.6680000000001,2112.20653334813
73.6690000000001,2116.01848693037
73.6700000000001,2119.8467243793
73.671,2123.47081867455
73.672,2126.70194730303
73.673,2127.26411830207
73.6740000000002,2127.07844162649
73.6750000000002,2126.89719156488
73.6760000000002,2126.9769120271
73.6770000000001,2127.4985183785
73.6780000000001,2128.52622554608
73.6790000000001,2127.84070488136
73.6800000000001,2127.33303932037
73.681,2127.47156600049
73.682,2128.19267104474
73.6830000000002,2129.35777962752
73.6840000000002,2130.78420767686
73.6850000000002,2130.11118880888
73.6860000000001,2129.31435629034
73.6870000000001,2128.97081460363
73.6880000000001,2129.24885894101
73.6890000000001,2130.25927939977
73.6900000000001,2132.01640543278
73.691,2132.24012638709
73.692,2132.90299138834
73.6930000000002,2134.34496342006
73.6940000000002,2136.43412436369
73.6950000000002,2138.9353180433
73.6960000000001,2141.54044879079
73.6970000000001,2141.71464439104
73.6980000000001,2141.39390613687
73.6990000000001,2140.93195254423
73.7,2140.38809962012
73.701,2139.81641310122
73.7020000000002,2139.237508181
73.7030000000002,2136.37109011186
73.7040000000002,2133.48046405248
73.7050000000002,2131.01957767706
73.7060000000001,2129.07219939109
73.7070000000001,2127.62405923549
73.7080000000001,2126.56967386765
73.7090000000001,2123.41614348755
73.71,2120.42924141553
73.711,2117.99312735794
73.7120000000002,2116.23026540324
73.7130000000002,2115.23033068195
73.7140000000002,2115.02824702048
73.7150000000001,2113.19981178348
73.7160000000001,2112.20406556978
73.7170000000001,2112.41640452997
73.7180000000001,2113.88410263733
73.7190000000001,2116.50924326488
73.72,2120.03423103367
73.721,2121.59898505932
73.7220000000002,2123.35100402728
73.7230000000002,2125.25234528712
73.7240000000002,2127.04354359804
73.7250000000001,2128.43172337336
73.7260000000001,2129.10567921904
73.7270000000001,2126.25270318835
73.7280000000001,2122.37911131726
73.729,2117.81051867882
73.73,2112.78988959562
73.7310000000002,2107.57899799906
73.7320000000002,2102.41417492936
73.7330000000002,2094.93438833596
73.7340000000002,2088.07804822598
73.7350000000001,2082.3026770652
73.7360000000001,2077.82086511046
73.7370000000001,2074.66697261527
73.7380000000001,2072.68285066926
73.739,2068.98938622321
73.74,2066.03173496766
73.7410000000002,2063.69739763078
73.7420000000002,2061.76678367708
73.7430000000002,2059.99929812565
73.7440000000001,2058.15277374662
73.7450000000001,2053.44312458222
73.7460000000001,2048.66167837085
73.7470000000001,2044.05240500372
73.748,2039.84228630879
73.749,2036.22183160285
73.75,2033.26760878417
73.7510000000002,2028.51886628881
73.7520000000002,2024.83478835806
73.7530000000002,2022.434904134
73.7540000000001,2021.42006730817
73.7550000000001,2021.79251064553
73.7560000000001,2023.38380737777
73.7570000000001,2023.630731304
73.758,2025.20310924285
73.759,2028.2114497264
73.7600000000002,2032.68528484754
73.7610000000002,2038.57622293384
73.7620000000002,2045.62833311017
73.7630000000001,2051.30294380057
73.7640000000001,2058.12421193494
73.7650000000001,2066.07390461423
73.7660000000001,2075.03885959828
73.7670000000001,2084.8366609094
73.768,2095.0757198518
73.769,2103.26737216975
73.7700000000002,2111.91130107782
73.7710000000002,2121.08283920838
73.7720000000002,2130.81575622515
73.7730000000001,2141.0990477436
73.7740000000001,2151.66434748524
73.7750000000001,2160.22002135907
73.7760000000001,2169.24646654174
73.777,2178.74586328328
73.778,2188.57817566534
73.7790000000002,2198.47549383632
73.7800000000002,2207.82713708987
73.7810000000002,2214.10434816286
73.7820000000002,2219.51889152519
73.7830000000001,2223.9354512578
73.7840000000001,2227.22051418542
73.7850000000001,2229.27229601216
73.7860000000001,2229.75924286064
73.787,2226.66126020074
73.788,2222.66002739476
73.7890000000002,2218.11809935366
73.7900000000002,2213.3364885858
73.7910000000002,2208.53255332244
73.7920000000001,2203.51391609421
73.7930000000001,2196.3838541541
73.7940000000001,2189.63884379676
73.7950000000001,2183.42858208209
73.796,2177.80383311782
73.797,2172.75011241969
73.798,2167.87256194608
73.7990000000002,2161.2772972628
73.8000000000002,2155.4261525827
73.8010000000002,2150.55282260416
73.8020000000001,2146.81450520175
73.8030000000001,2144.26857640467
73.8040000000001,2142.46758921416
73.8050000000001,2139.44492877317
73.806,2137.38479397238
73.807,2136.18083218401
73.8080000000002,2135.60978982896
73.8090000000002,2135.37275736063
73.8100000000002,2134.72198851774
73.8110000000001,2131.65110478981
73.8120000000001,2128.34267335376
73.8130000000001,2124.90982007981
73.8140000000001,2121.48591375461
73.8150000000001,2118.20618388422
73.816,2114.72893830458
73.817,2109.50949984717
73.8180000000002,2104.93294625868
73.8190000000002,2101.20627432276
73.8200000000002,2098.39855565898
73.8210000000001,2096.44660662508
73.8220000000001,2094.68480917244
73.8230000000001,2091.3288383382
73.8240000000001,2088.44672979306
73.825,2086.02697987911
73.826,2084.02820305778
73.8270000000002,2082.39931853521
73.8280000000002,2080.56247140252
73.8290000000002,2077.02659718075
73.8300000000002,2074.1246209541
73.8310000000001,2072.12172307407
73.8320000000001,2071.21313367941
73.8330000000001,2071.50674691275
73.8340000000001,2072.43388838829
73.835,2072.50185365543
73.836,2073.84532695813
73.8370000000002,2076.4116592429
73.8380000000002,2079.98453293088
73.8390000000002,2084.2081106492
73.8400000000001,2088.00400954962
73.8410000000001,2089.53890371401
73.8420000000001,2090.64493192432
73.8430000000001,2091.11828145399
73.8440000000001,2090.77471439504
73.845,2089.48897969468
73.846,2086.56400428124
73.8470000000002,2080.82551704584
73.8480000000002,2074.76588810299
73.8490000000002,2068.89912380308
73.8500000000001,2063.71572196699
73.8510000000001,2059.64766452802
73.8520000000001,2056.34443812687
73.8530000000001,2052.87467704972
73.854,2051.56916729195
73.855,2052.59740283959
73.8560000000002,2055.8961781997
73.8570000000002,2061.18954600748
73.8580000000002,2067.30357081876
73.8590000000002,2072.5923892087
73.8600000000001,2078.62529987836
73.8610000000001,2085.01217052642
73.8620000000001,2091.3297455585
73.8630000000001,2097.16504872641
73.864,2101.39264334075
73.865,2102.722612887
73.8660000000002,2103.13347859856
73.8670000000002,2102.79660351705
73.8680000000002,2101.90028940795
73.8690000000001,2100.62960356229
73.8700000000001,2098.3487566262
73.8710000000001,2094.25220747965
73.8720000000001,2090.54178106448
73.873,2087.48659220855
73.874,2085.21468979636
73.875,2083.71453247131
73.8760000000002,2082.01689860137
73.8770000000002,2079.04143382724
73.8780000000002,2076.61644982095
73.8790000000001,2074.73342108441
73.8800000000001,2073.33894328836
73.8810000000001,2072.35489516088
73.8820000000001,2070.8267356385
73.883,2067.89155048808
73.884,2065.51601465878
73.8850000000002,2063.88345811982
73.8860000000002,2063.09203786688
73.8870000000002,2063.13925874365
73.8880000000001,2063.02898884629
73.8890000000001,2061.88548223183
73.8900000000001,2061.44428666761
73.8910000000001,2061.68961861488
73.8920000000001,2062.54382316672
73.893,2063.8924148215
73.894,2064.69107120206
73.8950000000002,2064.21829735249
73.8960000000002,2064.27277202733
73.8970000000002,2064.9706887971
73.8980000000001,2066.33167549258
73.8990000000001,2068.25927312111
73.9000000000001,2069.60103376113
73.9010000000001,2069.54309825315
73.902,2069.55244751349
73.903,2069.44143818337
73.9040000000002,2068.98096770742
73.9050000000002,2067.96019244416
73.9060000000002,2065.29650056364
73.9070000000002,2060.5801633893
73.9080000000001,2055.70069317451
73.9090000000001,2051.09117207064
73.9100000000001,2047.18830031741
73.9110000000001,2044.38611623438
73.912,2042.03038721691
73.913,2039.99014608081
73.9140000000002,2039.97862821066
73.9150000000002,2042.02136078198
73.9160000000002,2045.90058534235
73.9170000000001,2051.19770077624
73.9180000000001,2056.37661136751
73.9190000000001,2060.61126839164
73.9200000000001,2064.98162263543
73.921,2069.18637159465
73.922,2072.9892957603
73.923,2076.25626259237
73.9240000000002,2077.95374492375
73.9250000000002,2078.04026713043
73.9260000000002,2078.32234712168
73.9270000000001,2079.18729561934
73.9280000000001,2080.92373298544
73.9290000000001,2083.68598691871
73.9300000000001,2086.43168520008
73.931,2088.9443891812
73.932,2092.50629495553
73.9330000000002,2096.86899459493
73.9340000000002,2101.62833645285
73.9350000000002,2106.28991320039
73.9360000000001,2109.27466731964
73.9370000000001,2110.12916779069
73.9380000000001,2110.02179335415
73.9390000000001,2108.87643437205
73.9400000000001,2106.66985110453
73.941,2103.43614195617
73.942,2098.1617717873
73.9430000000002,2091.05105364584
73.9440000000002,2083.7562943049
73.9450000000002,2076.58875801047
73.9460000000001,2069.74999826088
73.9470000000001,2063.32486330743
73.9480000000001,2056.1065525678
73.9490000000001,2048.09341863475
73.95,2040.62128381686
73.951,2033.62906880418
73.9520000000002,2026.92347970812
73.9530000000002,2020.19679764949
73.9540000000002,2011.63846369879
73.9550000000002,2000.94703447786
73.9560000000001,1989.54170192922
73.9570000000001,1977.50226218068
73.9580000000001,1964.93918552805
73.9590000000001,1951.95796765396
73.96,1936.91762313917
73.961,1919.96793253168
73.9620000000002,1903.21910004562
73.9630000000002,1887.25829405715
73.9640000000002,1872.60503311036
73.9650000000001,1859.61750095318
73.9660000000001,1846.67398976376
73.9670000000001,1833.86322190918
73.9680000000001,1822.87124390689
73.9690000000001,1813.75628748375
73.97,1806.43027594725
73.971,1800.6595921979
73.9720000000002,1794.80860929271
73.9730000000002,1788.83039906201
73.9740000000002,1783.56452411234
73.9750000000001,1778.71669805725
73.9760000000001,1774.03212704978
73.9770000000001,1769.37607743133
73.9780000000001,1764.06794380722
73.979,1758.86383205106
73.98,1754.61303362181
73.9810000000002,1751.27387393696
73.9820000000002,1748.61320350071
73.9830000000002,1746.2758442765
73.9840000000002,1743.24008154272
73.9850000000001,1739.83147535024
73.9860000000001,1736.35521920548
73.9870000000001,1732.48842757877
73.9880000000001,1728.03039764879
73.989,1723.02021802708
73.99,1717.06654541631
73.9910000000002,1711.4215703454
73.9920000000002,1707.30836798362
73.9930000000002,1705.06905818149
73.9940000000001,1704.73610445905
73.9950000000001,1706.04465631958
73.9960000000001,1707.34875078643
73.9970000000001,1708.82176521961
73.998,1710.96488056873
73.999,1713.56603946512
74,1716.71585635153
74.0010000000002,1720.94406801158
74.0020000000002,1725.80913251831
74.0030000000002,1733.67108935706
74.0040000000001,1747.75834275668
74.0050000000001,1770.53826061344
74.0060000000001,1804.4480128362
74.0070000000001,1851.63629238258
74.008,1912.22636420724
74.009,1987.88559300091
74.0100000000002,2079.6164875097
74.0110000000002,2186.36559491838
74.0120000000002,2305.9107667035
74.0130000000001,2434.97045025954
74.0140000000001,2568.03456423969
74.0150000000001,2701.35936164242
74.0160000000001,2831.15858007483
74.0170000000001,2952.89964060799
74.018,3062.35764686371
74.019,3155.72797471341
74.0200000000002,3228.19004726864
74.0210000000002,3277.44639902856
74.0220000000002,3301.19032910002
74.0230000000001,3295.9969957374
74.0240000000001,3258.01855234787
74.0250000000001,3183.18339819987
74.0260000000001,3066.28571011282
74.027,2905.59045962063
74.028,2701.39307344548
74.0290000000002,2456.14719123112
74.0300000000002,2175.82491279569
74.0310000000002,1870.07735321561
74.0320000000002,1550.33654594349
74.0330000000001,1232.59419672811
74.0340000000001,933.237868600898
74.0350000000001,666.462485568499
74.0360000000001,443.078588113626
74.037,269.075417809987
74.038,143.49212613669
74.0390000000002,62.6038011107728
74.0400000000002,18.4201438476514
74.0410000000002,0.0366539164055597
74.0420000000001,-3.49169346505929
74.0430000000001,-0.996046025301667
74.0440000000001,0.989023687315045
74.0450000000001,3.05763124761819
74.046,9.91237857303266
74.047,28.8119393927735
74.048,68.3367404908519
74.0490000000002,136.268231817987
74.0500000000002,236.158211623308
74.0510000000002,370.098435284545
74.0520000000001,535.2170174857
74.0530000000001,723.775372625058
74.0540000000001,924.912152945998
74.0550000000001,1126.32914824762
74.056,1314.61895784245
74.057,1481.12313881713
74.0580000000002,1619.8918585769
74.0590000000002,1727.9426127731
74.0600000000002,1805.55562633685
74.0610000000001,1855.51124996717
74.0620000000001,1880.51699260273
74.0630000000001,1886.54342323351
74.0640000000001,1878.6623129144
74.0650000000001,1860.53151065571
74.066,1834.80982467719
74.067,1803.36539156001
74.0680000000002,1766.03616162408
74.0690000000002,1725.70510134106
74.0700000000002,1684.84084841112
74.0710000000001,1645.66727475237
74.0720000000001,1610.51771512591
74.0730000000001,1581.53221646306
74.0740000000001,1558.40948911556
74.075,1543.77774354822
74.076,1538.24898418281
74.0770000000002,1540.85371392602
74.0780000000002,1549.85442137091
74.0790000000002,1563.10487961517
74.0800000000002,1576.20262059943
74.0810000000001,1589.60897487718
74.0820000000001,1602.75128450521
74.0830000000001,1614.81452857284
74.0840000000001,1625.36408195482
74.085,1634.26089493499
74.086,1639.27498478635
74.0870000000002,1642.87809002595
74.0880000000002,1645.8472474964
74.0890000000002,1648.13077299354
74.0900000000001,1649.51606940898
74.0910000000001,1649.75782561848
74.0920000000001,1646.96161114863
74.0930000000001,1642.78606624673
74.0940000000001,1638.06618099517
74.095,1633.3371616311
74.096,1629.11634682075
74.0970000000002,1625.80269162577
74.0980000000002,1622.46821098998
74.0990000000002,1619.87864753465
74.1000000000001,1618.42082496006
74.1010000000001,1618.2262707242
74.1020000000001,1619.31421001016
74.1030000000001,1621.54961709739
74.104,1623.5598451196
74.105,1625.58807495084
74.1060000000002,1627.69861335257
74.1070000000002,1629.89114382931
74.1080000000002,1632.19148444394
74.1090000000002,1634.57876886785
74.1100000000001,1635.77059825508
74.1110000000001,1636.3853127234
74.1120000000001,1636.7174083725
74.1130000000001,1636.96821040159
74.114,1637.32533592712
74.115,1637.88214262022
74.1160000000002,1636.95865538359
74.1170000000002,1635.90931851282
74.1180000000002,1634.99658753939
74.1190000000001,1634.22905277857
74.1200000000001,1633.58981304276
74.1210000000001,1633.04065712016
74.1220000000001,1630.56389589265
74.123,1628.18886048313
74.124,1626.41597293143
74.125,1625.48137618953
74.1260000000002,1625.57671414193
74.1270000000002,1626.82272337501
74.1280000000002,1627.27166960881
74.1290000000001,1628.95263905753
74.1300000000001,1632.1907312804
74.1310000000001,1636.9646388466
74.1320000000001,1643.10269418527
74.133,1650.28610801395
74.134,1656.16344707649
74.1350000000002,1662.23131412221
74.1360000000002,1668.42521771087
74.1370000000002,1674.51885308465
74.1380000000001,1680.29362841741
74.1390000000001,1685.5373791376
74.1400000000001,1688.11082227685
74.1410000000001,1689.9123057956
74.1420000000001,1691.25619920439
74.143,1692.34778083714
74.144,1693.38127663158
74.1450000000002,1694.50093306119
74.1460000000002,1693.76769670429
74.1470000000002,1693.36736102869
74.1480000000001,1693.63671625222
74.1490000000001,1694.71608902555
74.1500000000001,1696.63903708655
74.1510000000001,1699.32142976201
74.152,1700.52538133414
74.153,1702.25102576811
74.1540000000002,1704.57473388421
74.1550000000002,1707.46127180068
74.1560000000002,1710.83824188531
74.1570000000002,1714.58811118395
74.1580000000001,1716.50275440105
74.1590000000001,1718.6895652477
74.1600000000001,1721.28429845931
74.1610000000001,1724.33559111187
74.162,1727.82667710277
74.163,1731.65485824408
74.1640000000002,1733.57725442462
74.1650000000002,1735.69044354039
74.1660000000002,1738.0277724857
74.1670000000001,1740.57945332075
74.1680000000001,1743.30879173099
74.1690000000001,1746.11913190237
74.1700000000001,1746.92932227036
74.171,1747.96120821611
74.172,1749.4232297282
74.173,1751.47773908297
74.1740000000002,1754.22415142984
74.1750000000002,1757.60690208369
74.1760000000002,1759.59584060101
74.1770000000001,1762.28137239595
74.1780000000001,1765.68650353774
74.1790000000001,1769.73161429208
74.1800000000001,1774.25189623157
74.181,1778.91420736682
74.182,1781.56235444332
74.1830000000002,1784.13298622322
74.1840000000002,1786.62187487302
74.1850000000002,1789.01436019996
74.1860000000001,1791.2894120584
74.1870000000001,1793.28414255382
74.1880000000001,1793.13702809019
74.1890000000001,1792.97742568368
74.1900000000001,1793.00187207522
74.191,1793.35415903584
74.192,1794.12007751883
74.1930000000002,1795.15914812757
74.1940000000002,1794.65445904509
74.1950000000002,1794.71032283438
74.1960000000001,1795.47068495974
74.1970000000001,1797.0072004571
74.1980000000001,1799.31830823956
74.1990000000001,1802.12726806373
74.2,1803.51938856139
74.201,1805.49308391679
74.2020000000002,1808.05389586862
74.2030000000002,1811.12256943958
74.2040000000002,1814.53999368991
74.2050000000002,1817.83977804502
74.2060000000001,1818.99286999646
74.2070000000001,1819.90735004566
74.2080000000001,1820.5469304735
74.2090000000001,1820.85191013924
74.21,1820.74661236438
74.211,1819.87310482495
74.2120000000002,1816.43425627904
74.2130000000002,1812.56709567409
74.2140000000002,1808.49241004974
74.2150000000001,1804.40581290203
74.2160000000001,1800.46208932992
74.2170000000001,1796.4539220091
74.2180000000001,1790.76110442864
74.2190000000001,1785.56475198678
74.22,1781.07107744902
74.221,1777.39633772966
74.2220000000002,1774.56436859713
74.2230000000002,1772.17107619015
74.2240000000002,1768.48950789292
74.2250000000001,1765.5021904609
74.2260000000001,1763.26025847189
74.2270000000001,1761.75676404431
74.2280000000001,1760.93092356945
74.229,1760.30177367639
74.23,1758.20724385354
74.2310000000002,1756.59668983242
74.2320000000002,1755.52011561839
74.2330000000002,1754.95912414546
74.2340000000002,1754.82664581275
74.2350000000001,1754.57353631526
74.2360000000001,1752.57787783813
74.2370000000001,1750.72663005209
74.2380000000001,1749.06980750596
74.239,1747.63646492406
74.24,1746.44641964636
74.2410000000002,1745.0865418251
74.2420000000002,1742.22532188657
74.2430000000002,1739.96373414129
74.2440000000001,1738.57740636513
74.2450000000001,1738.27350374262
74.2460000000001,1739.17284253674
74.2470000000001,1740.83582172299
74.248,1741.90883690948
74.249,1744.28984167545
74.25,1748.01954905359
74.2510000000002,1753.05216352723
74.2520000000002,1759.27791944001
74.2530000000002,1766.05140691087
74.2540000000001,1771.98958142039
74.2550000000001,1778.92772851918
74.2560000000001,1786.93011836841
74.2570000000001,1795.99744028819
74.258,1806.05373544491
74.259,1816.41251006107
74.2600000000002,1825.68980018839
74.2610000000002,1835.55645308924
74.2620000000002,1845.89562933281
74.2630000000001,1856.51389529466
74.2640000000001,1867.16778786864
74.2650000000001,1877.03350216761
74.2660000000001,1884.77912476648
74.2670000000001,1892.13479502291
74.268,1899.14729181635
74.269,1905.84003384402
74.2700000000002,1912.20046697852
74.2710000000002,1917.57736454676
74.2720000000002,1920.85231498803
74.2730000000001,1923.79611515751
74.2740000000001,1926.4493382589
74.2750000000001,1928.771834691
74.2760000000001,1930.66085779343
74.277,1931.35621199577
74.278,1929.76960599812
74.2790000000002,1927.65226170214
74.2800000000002,1925.13865832481
74.2810000000002,1922.34207818234
74.2820000000002,1919.34762014451
74.2830000000001,1915.55769339912
74.2840000000001,1910.11339886613
74.2850000000001,1904.83258151023
74.2860000000001,1899.89453523216
74.287,1895.39208790395
74.288,1891.33420430258
74.2890000000002,1886.9806051456
74.2900000000002,1881.41166070103
74.2910000000002,1876.28932302845
74.2920000000001,1871.69903547416
74.2930000000001,1867.675240104
74.2940000000001,1864.20440984357
74.2950000000001,1860.52251130343
74.296,1855.80068672603
74.297,1851.69820893567
74.298,1848.32195323235
74.2990000000002,1845.70937325222
74.3000000000002,1843.82492546779
74.3010000000002,1841.82551382467
74.3020000000001,1838.87567264479
74.3030000000001,1836.51713630295
74.3040000000001,1834.76817589407
74.3050000000001,1833.58469489057
74.306,1832.86607357902
74.307,1831.69894048564
74.3080000000002,1829.30380672541
74.3090000000002,1827.20760322458
74.3100000000002,1825.47574604954
74.3110000000001,1824.13437861408
74.3120000000001,1823.16765337142
74.3130000000001,1821.71555124711
74.3140000000001,1819.15028682912
74.3150000000001,1817.05029975243
74.316,1815.52765851903
74.317,1814.62878936001
74.3180000000002,1814.33185623316
74.3190000000002,1813.70654598609
74.3200000000002,1812.14849559312
74.3210000000001,1811.1659204495
74.3220000000001,1810.79890296582
74.3230000000001,1811.02053254772
74.3240000000001,1811.74333278348
74.325,1811.94154754712
74.326,1811.05241356961
74.3270000000002,1810.56707787201
74.3280000000002,1810.52486370518
74.3290000000002,1810.90932266201
74.3300000000002,1811.65369632941
74.3310000000001,1811.72178142338
74.3320000000001,1810.66215132907
74.3330000000001,1809.99023711208
74.3340000000001,1809.78258178437
74.335,1810.05723345791
74.336,1810.77843767894
74.3370000000002,1810.89934535949
74.3380000000002,1810.05560180374
74.3390000000002,1809.73777205461
74.3400000000001,1810.0005177994
74.3410000000001,1810.81503032512
74.3420000000001,1812.07540330012
74.3430000000001,1812.6179492203
74.3440000000001,1812.05760057126
74.345,1811.78215726015
74.346,1811.81730741649
74.3470000000002,1812.15755001511
74.3480000000002,1812.77701267025
74.3490000000002,1812.61034953894
74.3500000000001,1811.49337268129
74.3510000000001,1810.94141536879
74.3520000000001,1811.11402721246
74.3530000000001,1812.07251509467
74.354,1813.76397375807
74.355,1814.95677142922
74.3560000000002,1815.32768767811
74.3570000000002,1816.10103964779
74.3580000000002,1817.18197657705
74.3590000000002,1818.43475632356
74.3600000000001,1819.70978036018
74.3610000000001,1819.76670928378
74.3620000000001,1818.49695515886
74.3630000000001,1817.3538774779
74.364,1816.55630010263
74.365,1816.27269327348
74.3660000000002,1816.58480006036
74.3670000000002,1816.32195609502
74.3680000000002,1815.40748565093
74.3690000000001,1815.11389136241
74.3700000000001,1815.41658772047
74.3710000000001,1816.2075199046
74.3720000000001,1817.31971527927
74.373,1817.37346510579
74.374,1816.30233275291
74.375,1815.42537862159
74.3760000000002,1814.89233486622
74.3770000000002,1814.82328368314
74.3780000000002,1815.27436701649
74.3790000000001,1815.0058765852
74.3800000000001,1814.0854492979
74.3810000000001,1813.73387623879
74.3820000000001,1813.94309399526
74.383,1814.61493336079
74.384,1815.58191062459
74.3850000000002,1815.41619590807
74.3860000000002,1814.18249307962
74.3870000000002,1813.08591851027
74.3880000000001,1812.25360973696
74.3890000000001,1811.80070444551
74.3900000000001,1811.80563648345
74.3910000000001,1811.04522290467
74.3920000000001,1809.81779917843
74.393,1809.35005769913
74.394,1809.72129287108
74.3950000000002,1810.90568177404
74.3960000000002,1812.780912874
74.3970000000002,1813.90234622013
74.3980000000001,1814.45344634233
74.3990000000001,1815.4739476485
74.4000000000001,1816.98723304339
74.4010000000001,1819.00342538014
74.402,1821.52086805866
74.403,1823.26855825579
74.4040000000002,1824.71269794236
74.4050000000002,1827.03849149148
74.4060000000002,1830.40528906964
74.4070000000002,1834.87785855775
74.4080000000001,1840.41225452166
74.4090000000001,1845.56642162119
74.4100000000001,1850.65145758304
74.4110000000001,1856.54628336497
74.412,1863.11736667684
74.413,1870.16093632993
74.4140000000002,1877.4279152851
74.4150000000002,1883.32399670805
74.4160000000002,1888.23220661103
74.4170000000001,1893.13463716414
74.4180000000001,1898.13022061245
74.4190000000001,1903.3206928109
74.4200000000001,1908.79197162172
74.421,1913.23481292947
74.422,1917.35367233541
74.423,1922.2505539247
74.4240000000002,1928.05044673216
74.4250000000002,1934.75045511968
74.4260000000002,1942.20970279922
74.4270000000001,1948.76234498082
74.4280000000001,1954.78024971394
74.4290000000001,1960.8984670063
74.4300000000001,1966.81063941457
74.431,1972.12603084514
74.432,1976.4009070423
74.4330000000002,1977.76886241041
74.4340000000002,1976.6585571807
74.4350000000002,1973.85467136738
74.4360000000001,1969.44556687717
74.4370000000001,1963.63898264265
74.4380000000001,1956.75512929078
74.4390000000001,1947.74280616333
74.4400000000001,1937.95045794565
74.441,1928.86749864933
74.442,1921.06744242388
74.4430000000002,1914.8962180979
74.4440000000002,1910.40824457221
74.4450000000002,1905.66664683398
74.4460000000001,1901.15420959424
74.4470000000001,1897.34531660362
74.4480000000001,1893.77496827743
74.4490000000001,1889.91969040206
74.45,1885.25186860112
74.451,1877.24688660594
74.4520000000002,1866.72746775892
74.4530000000002,1854.95982787038
74.4540000000002,1842.50376641617
74.4550000000002,1830.00741446341
74.4560000000001,1818.06361842617
74.4570000000001,1804.7211915827
74.4580000000001,1791.52608408038
74.4590000000001,1780.0886269784
74.46,1770.92404236686
74.461,1764.35008069885
74.4620000000002,1760.42238011754
74.4630000000002,1756.88904869559
74.4640000000002,1754.57995791489
74.4650000000001,1754.10619993126
74.4660000000001,1755.22809071202
74.4670000000001,1757.69497056327
74.4680000000001,1761.27380782204
74.4690000000001,1764.49133264812
74.47,1768.24878470672
74.471,1772.91975084024
74.4720000000002,1778.19245674756
74.4730000000002,1783.60417913187
74.4740000000002,1788.60373261467
74.4750000000001,1791.86132999201
74.4760000000001,1793.90228022613
74.4770000000001,1794.69335438086
74.4780000000001,1793.96872124344
74.479,1791.72500094099
74.48,1788.32130714382
74.4810000000002,1783.72000242985
74.4820000000002,1779.89032896498
74.4830000000002,1777.9858941667
74.4840000000002,1778.41854860488
74.4850000000001,1781.04965156129
74.4860000000001,1785.17034256673
74.4870000000001,1788.32235724414
74.4880000000001,1790.40912615419
74.489,1790.63331447286
74.49,1788.08128458377
74.4910000000002,1782.49023796098
74.4920000000002,1774.47427816073
74.4930000000002,1763.74175411848
74.4940000000001,1754.28155926762
74.4950000000001,1749.77719663497
74.4960000000001,1753.38657083039
74.4970000000001,1767.78208073454
74.498,1794.74307635668
74.499,1832.97830601823
74.5,1883.77499713473
74.5010000000002,1946.67218126465
74.5020000000002,2020.2048195145
74.5030000000002,2102.85684237982
74.5040000000001,2193.44984495557
74.5050000000001,2289.5255089478
74.5060000000001,2392.741305931
74.5070000000001,2504.06853165625
74.508,2623.78790020464
74.509,2751.31533555215
74.5100000000002,2884.60899652857
74.5110000000002,3017.92711181956
74.5120000000002,3147.10564721969
74.5130000000001,3265.1596356205
74.5140000000001,3363.47950326505
74.5150000000001,3433.08406563018
74.5160000000001,3465.62749109624
74.5170000000001,3452.54892290036
74.518,3391.44686191455
74.519,3281.86292431602
74.5200000000002,3126.17594456682
74.5210000000002,2929.72704002588
74.5220000000002,2700.22507290303
74.5230000000001,2445.01687823198
74.5240000000001,2175.77098224722
74.5250000000001,1902.63334120039
74.5260000000001,1634.27946096932
74.527,1377.69074971066
74.528,1137.89041172591
74.5290000000002,916.058890873612
74.5300000000002,715.615816771138
74.5310000000002,537.577850089
74.5320000000002,382.083837959262
74.5330000000001,249.210883897633
74.5340000000001,139.369778500248
74.5350000000001,51.5563850588252
74.5360000000001,-10.6778357189915
74.537,-44.7934911823417
74.538,-48.5145737851246
74.5390000000002,-20.03927098691
74.5400000000002,41.457302962889
74.5410000000002,133.398131038599
74.5420000000001,255.617435910104
74.5430000000001,404.713422777119
74.5440000000001,575.428988482887
74.5450000000001,761.206938773524
74.546,954.652606971623
74.547,1146.06643604089
74.548,1330.20240521558
74.5490000000002,1501.02409503175
74.5500000000002,1653.46735540375
74.5510000000002,1783.87013828959
74.5520000000001,1890.0381254145
74.5530000000001,1969.13212574215
74.5540000000001,2023.81749502414
74.5550000000001,2056.10874325448
74.556,2068.61855513917
74.557,2064.4664718717
74.5580000000002,2047.03114519999
74.5590000000002,2017.62990044583
74.5600000000002,1981.88116406994
74.5610000000001,1943.33298450227
74.5620000000001,1904.99482467253
74.5630000000001,1869.36083788303
74.5640000000001,1838.31202146661
74.5650000000001,1810.72189996339
74.566,1789.83013090969
74.567,1776.02220340912
74.5680000000002,1768.99002968604
74.5690000000002,1767.97996188998
74.5700000000002,1771.927959026
74.5710000000001,1776.88884819109
74.5720000000001,1784.88424729856
74.5730000000001,1795.07089548123
74.5740000000001,1806.52639300405
74.575,1818.42426045714
74.576,1830.07130401705
74.5770000000002,1837.91221995968
74.5780000000002,1845.34258414102
74.5790000000002,1852.34931668218
74.5800000000002,1858.78975586419
74.5810000000001,1864.50363546861
74.5820000000001,1869.35459195401
74.5830000000001,1870.59548399554
74.5840000000001,1871.47005398061
74.585,1872.28660093603
74.586,1873.2532133001
74.5870000000002,1874.48352537141
74.5880000000002,1875.96439310904
74.5890000000002,1875.7061901768
74.5900000000001,1875.62776904631
74.5910000000001,1875.95031192934
74.5920000000001,1876.85577699646
74.5930000000001,1878.42882299866
74.5940000000001,1880.55547687253
74.595,1881.50392081284
74.596,1882.1981084098
74.5970000000002,1882.6417567152
74.5980000000002,1882.89225268938
74.5990000000002,1883.00460417301
74.6000000000001,1882.91176837034
74.6010000000001,1881.08777125659
74.6020000000001,1878.6505289188
74.6030000000001,1875.937166007
74.604,1873.39065381225
74.605,1871.4568410053
74.6060000000002,1870.35828319805
74.6070000000002,1868.48034294543
74.6080000000002,1867.70590097597
74.6090000000002,1868.2394348921
74.6100000000001,1870.17515057008
74.6110000000001,1873.48323617713
74.6120000000001,1877.81135372693
74.6130000000001,1880.79906930375
74.614,1884.6141262523
74.615,1889.148720209
74.6160000000002,1894.2395107824
74.6170000000002,1899.69589870211
74.6180000000002,1905.08540100597
74.6190000000001,1908.15326743809
74.6200000000001,1911.36084671755
74.6210000000001,1914.88446191631
74.6220000000001,1918.87111133855
74.623,1923.42448699334
74.624,1928.32560769393
74.625,1931.60601177525
74.6260000000002,1935.57286359547
74.6270000000002,1940.30414382348
74.6280000000002,1945.72428137287
74.6290000000001,1951.59709274202
74.6300000000001,1957.24746953321
74.6310000000001,1960.33807921852
74.6320000000001,1962.71200384608
74.633,1964.19808182121
74.634,1964.69238456706
74.6350000000002,1964.19445824639
74.6360000000002,1962.48919380246
74.6370000000002,1957.99385255999
74.6380000000001,1953.44272695825
74.6390000000001,1949.54286573348
74.6400000000001,1946.9456976223
74.6410000000001,1946.15976539237
74.6420000000001,1947.10132955271
74.643,1948.03253099746
74.644,1951.13226836977
74.6450000000002,1956.2687491452
74.6460000000002,1963.09761920629
74.6470000000002,1971.1235248672
74.6480000000001,1979.36288541372
74.6490000000001,1985.55169390929
74.6500000000001,1991.55396014284
74.6510000000001,1997.29732142301
74.652,2002.79456112551
74.653,2008.11744764122
74.6540000000002,2012.91031235661
74.6550000000002,2015.62713959228
74.6560000000002,2018.61549949454
74.6570000000002,2022.12564724805
74.6580000000001,2026.27431383336
74.6590000000001,2031.03584589515
74.6600000000001,2035.77253868064
74.6610000000001,2038.69114221996
74.662,2041.79603519384
74.663,2045.10026169763
74.6640000000002,2048.60632978748
74.6650000000002,2052.31418577542
74.6660000000002,2055.70386607365
74.6670000000001,2057.29703972645
74.6680000000001,2059.32038025888
74.6690000000001,2062.01534576828
74.6700000000001,2065.52158144409
74.671,2069.8462955001
74.672,2074.29798451403
74.673,2077.20963704263
74.6740000000002,2080.4337039102
74.6750000000002,2083.84047255126
74.6760000000002,2087.24157871778
74.6770000000001,2090.42301663915
74.6780000000001,2092.59009707237
74.6790000000001,2092.26571725448
74.6800000000001,2091.55603569288
74.681,2090.74049246724
74.682,2090.11673886496
74.6830000000002,2089.96749757334
74.6840000000002,2089.89897048448
74.6850000000002,2088.83053462358
74.6860000000001,2089.02309361343
74.6870000000001,2090.7550549227
74.6880000000001,2094.15494389242
74.6890000000001,2099.19466932963
74.6900000000001,2105.01764897479
74.691,2110.12193777995
74.692,2116.31745798319
74.6930000000002,2123.46021182987
74.6940000000002,2131.31652965832
74.6950000000002,2139.5688334911
74.6960000000001,2147.09986621278
74.6970000000001,2152.3237569248
74.6980000000001,2156.99431622615
74.6990000000001,2161.00736150355
74.7,2164.25875254389
74.701,2166.65260892065
74.7020000000002,2167.33872443066
74.7030000000002,2165.18053485922
74.7040000000002,2162.3768422852
74.7050000000002,2159.32400568354
74.7060000000001,2156.4032460259
74.7070000000001,2153.93297671727
74.7080000000001,2151.29981417365
74.7090000000001,2147.55195246604
74.71,2144.8484973678
74.711,2143.3738181443
74.7120000000002,2143.15508272402
74.7130000000002,2144.06307174292
74.7140000000002,2144.95292114767
74.7150000000001,2144.4903110295
74.7160000000001,2144.46210427802
74.7170000000001,2144.81183180855
74.7180000000001,2145.46860858153
74.7190000000001,2146.3474078207
74.72,2146.42811613837
74.721,2144.71524244481
74.7220000000002,2143.26641870996
74.7230000000002,2142.31670275966
74.7240000000002,2142.03806697828
74.7250000000001,2142.50526038366
74.7260000000001,2142.71632090479
74.7270000000001,2141.70768259861
74.7280000000001,2141.3193660819
74.729,2141.51075653332
74.73,2142.12076726198
74.7310000000002,2142.88575391239
74.7320000000002,2142.48142943105
74.7330000000002,2139.86447078758
74.7340000000002,2136.83757493905
74.7350000000001,2133.55078860416
74.7360000000001,2130.23450795917
74.7370000000001,2127.19064080507
74.7380000000001,2123.73075879369
74.739,2119.60012751026
74.74,2117.20395696775
74.7410000000002,2117.13576425546
74.7420000000002,2119.79597574267
74.7430000000002,2125.32978512493
74.7440000000001,2132.52619781453
74.7450000000001,2140.44268871388
74.7460000000001,2150.46560588363
74.7470000000001,2162.14782343476
74.748,2174.92759240667
74.749,2188.20250043672
74.75,2200.30256486084
74.7510000000002,2210.32410942429
74.7520000000002,2219.90812984099
74.7530000000002,2229.20222243267
74.7540000000001,2238.42754013972
74.7550000000001,2247.8207402322
74.7560000000001,2256.42809985613
74.7570000000001,2264.00882363962
74.758,2272.49254298397
74.759,2282.0476829815
74.7600000000002,2292.65451667046
74.7610000000002,2304.11593036924
74.7620000000002,2314.89116067656
74.7630000000001,2324.28538059539
74.7640000000001,2333.77500581992
74.7650000000001,2343.24230312885
74.7660000000001,2352.55591327617
74.7670000000001,2361.57140368911
74.768,2368.88251516192
74.769,2374.11959756382
74.7700000000002,2378.99336717591
74.7710000000002,2383.61966618784
74.7720000000002,2388.02746988864
74.7730000000001,2392.14222044284
74.7740000000001,2394.50268956807
74.7750000000001,2394.74363019134
74.7760000000001,2394.43576827623
74.777,2393.60950245471
74.778,2392.2599525373
74.7790000000002,2390.35567213594
74.7800000000002,2386.52117373067
74.7810000000002,2380.68913690318
74.7820000000002,2374.68610231031
74.7830000000001,2368.86676676404
74.7840000000001,2363.54769511259
74.7850000000001,2358.97379563678
74.7860000000001,2353.92057724124
74.787,2348.48450970803
74.788,2344.41355335104
74.7890000000002,2341.89412756077
74.7900000000002,2340.96186944304
74.7910000000002,2341.49306090451
74.7920000000001,2341.80555212256
74.7930000000001,2341.64203922683
74.7940000000001,2342.28281725681
74.7950000000001,2343.53622356136
74.796,2345.13249395844
74.797,2346.73297497321
74.798,2346.50909126992
74.7990000000002,2344.27831167458
74.8000000000002,2341.37795313469
74.8010000000002,2337.82294756521
74.8020000000001,2333.64474332881
74.8030000000001,2328.88476457116
74.8040000000001,2322.10523347642
74.8050000000001,2313.67641534132
74.806,2305.37583795603
74.807,2297.65458206782
74.8080000000002,2290.90730545571
74.8090000000002,2285.43250998369
74.8100000000002,2279.85367640034
74.8110000000001,2274.63027850339
74.8120000000001,2271.3804155423
74.8130000000001,2270.28552843324
74.8140000000001,2271.37883676056
74.8150000000001,2274.54206629954
74.816,2277.91048429529
74.817,2281.62139705898
74.8180000000002,2286.866358383
74.8190000000002,2293.46185922358
74.8200000000002,2301.12373323502
74.8210000000001,2309.47328377489
74.8220000000001,2316.41271198953
74.8230000000001,2322.07052460726
74.8240000000001,2327.56543221447
74.825,2332.76727315598
74.826,2337.55194062479
74.8270000000002,2341.8144651871
74.8280000000002,2343.7907308947
74.8290000000002,2344.18141908233
74.8300000000002,2344.57767628243
74.8310000000001,2345.33510552432
74.8320000000001,2346.74404146328
74.8330000000001,2348.99133872186
74.8340000000001,2350.38805800088
74.835,2351.68060985819
74.836,2354.20121124117
74.8370000000002,2357.92199145765
74.8380000000002,2362.64341314712
74.8390000000002,2368.01812828159
74.8400000000001,2371.80073919137
74.8410000000001,2374.40205527304
74.8420000000001,2376.83623905207
74.8430000000001,2378.96875686779
74.8440000000001,2380.67354205713
74.845,2381.84078940749
74.846,2380.56674651711
74.8470000000002,2377.78438476179
74.8480000000002,2374.92663916119
74.8490000000002,2372.30344937902
74.8500000000001,2370.16110924415
74.8510000000001,2368.65653261208
74.8520000000001,2365.99957357829
74.8530000000001,2363.22456984609
74.854,2361.62551742365
74.855,2361.33314825689
74.8560000000002,2362.35704098143
74.8570000000002,2364.59018328573
74.8580000000002,2365.92494622441
74.8590000000002,2367.24924431854
74.8600000000001,2369.62993637708
74.8610000000001,2373.05007232999
74.8620000000001,2377.41172554044
74.8630000000001,2382.52747873291
74.864,2386.16910515597
74.865,2389.23390900211
74.8660000000002,2392.67149845508
74.8670000000002,2396.37126174414
74.8680000000002,2400.12809624657
74.8690000000001,2403.64338919839
74.8700000000001,2404.55869223518
74.8710000000001,2403.78327629907
74.8720000000001,2402.22946106833
74.873,2399.88546240538
74.874,2396.74300274222
74.875,2392.79479937097
74.8760000000002,2385.99595865573
74.8770000000002,2377.76970144825
74.8780000000002,2369.44269783232
74.8790000000001,2361.43245052983
74.8800000000001,2354.09581633187
74.8810000000001,2347.68821290129
74.8820000000001,2340.256611941
74.883,2333.32219869181
74.884,2328.03043750359
74.8850000000002,2324.54330363755
74.8860000000002,2322.88906464652
74.8870000000002,2322.96456261719
74.8880000000001,2322.44199183711
74.8890000000001,2322.61992855319
74.8900000000001,2324.31249620228
74.8910000000001,2327.42725015696
74.8920000000001,2331.76272761091
74.893,2337.00111403532
74.894,2340.58418724629
74.8950000000002,2343.70794083313
74.8960000000002,2346.97863718702
74.8970000000002,2350.19548659375
74.8980000000001,2353.13418087428
74.8990000000001,2355.5645846084
74.9000000000001,2355.14185715621
74.9010000000001,2353.45879369739
74.902,2351.4495420474
74.903,2349.32359155262
74.9040000000002,2347.2564467015
74.9050000000002,2345.3708213129
74.9060000000002,2341.60939874827
74.9070000000002,2337.83378604566
74.9080000000001,2335.02753718532
74.9090000000001,2333.43262067924
74.9100000000001,2333.21424055929
74.9110000000001,2334.46077843991
74.912,2335.04602450168
74.913,2336.81178470802
74.9140000000002,2340.53860720835
74.9150000000002,2346.21370068061
74.9160000000002,2353.62557780468
74.9170000000001,2362.36230736673
74.9180000000001,2369.66471489834
74.9190000000001,2376.8410192352
74.9200000000001,2384.08500938401
74.921,2391.0093639454
74.922,2397.29302514828
74.923,2402.73624715274
74.9240000000002,2405.08429992111
74.9250000000002,2406.54148691736
74.9260000000002,2408.21897210631
74.9270000000001,2410.68415970095
74.9280000000001,2414.40174014931
74.9290000000001,2419.63802487893
74.9300000000001,2424.14776839147
74.931,2429.80246488734
74.932,2436.82493749939
74.9330000000002,2444.62695788846
74.9340000000002,2452.38876103963
74.9350000000002,2459.17230951783
74.9360000000001,2461.77769880831
74.9370000000001,2461.68828109741
74.9380000000001,2459.17532028811
74.9390000000001,2454.30641112653
74.9400000000001,2447.40590003027
74.941,2439.00901034712
74.942,2427.43996599921
74.9430000000002,2415.73033139465
74.9440000000002,2405.25276038172
74.9450000000002,2396.697988677
74.9460000000001,2390.39040356557
74.9470000000001,2386.22972992686
74.9480000000001,2381.10081237396
74.9490000000001,2376.71551638905
74.95,2372.86165470412
74.951,2368.81080217788
74.9520000000002,2363.82019829497
74.9530000000002,2357.21082376543
74.9540000000002,2345.35639587712
74.9550000000002,2330.87887202543
74.9560000000001,2314.69439138062
74.9570000000001,2297.51593213596
74.9580000000001,2280.11778117369
74.9590000000001,2263.16759020038
74.96,2243.58587675073
74.961,2224.88241170462
74.9620000000002,2208.11548079614
74.9630000000002,2193.76033080406
74.9640000000002,2182.05953425286
74.9650000000001,2172.98272480194
74.9660000000001,2163.18890944262
74.9670000000001,2155.2320049684
74.9680000000001,2149.32298654259
74.9690000000001,2145.32489506409
74.97,2143.08264715837
74.971,2142.42625694191
74.9720000000002,2141.20870410779
74.9730000000002,2141.47160616025
74.9740000000002,2143.14911340019
74.9750000000001,2145.76966880417
74.9760000000001,2148.69873323027
74.9770000000001,2151.23950107205
74.9780000000001,2151.57639583605
74.979,2150.98024424164
74.98,2149.11366043811
74.9810000000002,2145.65650887086
74.9820000000002,2140.56447914937
74.9830000000002,2134.17134219621
74.9840000000002,2125.94568540675
74.9850000000001,2118.74043362538
74.9860000000001,2113.51285324848
74.9870000000001,2110.77259994202
74.9880000000001,2110.56995393343
74.989,2112.48617983314
74.99,2113.68100084882
74.9910000000002,2115.73144660171
74.9920000000002,2117.9090095367
74.9930000000002,2119.58996752021
74.9940000000001,2120.59077017254
74.9950000000001,2121.32524219989
74.9960000000001,2120.13965897572
74.9970000000001,2121.75299660555
74.998,2128.39651919835
74.999,2142.12687544693
75,2164.55908920299
75.0010000000002,2196.62322111328
75.0020000000002,2235.70995976016
75.0030000000002,2284.58720740029
75.0040000000001,2342.72666113099
75.0050000000001,2409.46191954861
75.0060000000001,2484.33612336735
75.0070000000001,2567.28229549371
75.008,2656.21182469064
75.009,2754.91983421883
75.0100000000002,2864.33639146397
75.0110000000002,2984.63218594657
75.0120000000002,3114.65171600056
75.0130000000001,3251.3566933639
75.0140000000001,3387.34525426763
75.0150000000001,3518.63092964281
75.0160000000001,3637.03177833597
75.0170000000001,3733.47387057317
75.018,3798.93405663557
75.019,3825.30793615709
75.0200000000002,3804.21715880703
75.0210000000002,3735.10114755088
75.0220000000002,3617.75878772352
75.0230000000001,3454.80882605199
75.0240000000001,3251.32928805274
75.0250000000001,3014.08122733508
75.0260000000001,2748.85043002047
75.027,2466.81228232313
75.028,2176.40500359253
75.0290000000002,1885.28798855101
75.0300000000002,1600.11572650776
75.0310000000002,1326.31470998122
75.0320000000002,1066.47657236495
75.0330000000001,827.365601196804
75.0340000000001,612.906588643164
75.0350000000001,426.703180819816
75.0360000000001,272.119308278148
75.037,152.00266158487
75.038,66.9554262118435
75.0390000000002,21.6105332849602
75.0400000000002,17.2899869209009
75.0410000000002,54.0401238582968
75.0420000000001,130.432075418306
75.0430000000001,243.187776305997
75.0440000000001,385.778173592034
75.0450000000001,554.855474921677
75.046,743.64284908016
75.047,944.58188813633
75.048,1149.79859036644
75.0490000000002,1351.28609065353
75.0500000000002,1540.09689127485
75.0510000000002,1712.78437627823
75.0520000000001,1864.96985089469
75.0530000000001,1993.72040877526
75.0540000000001,2097.58216105324
75.0550000000001,2176.14147074176
75.056,2228.70119150954
75.057,2259.84913933693
75.0580000000002,2272.56578807296
75.0590000000002,2270.12460306547
75.0600000000002,2255.84675394875
75.0610000000001,2232.52064067359
75.0620000000001,2201.28305579936
75.0630000000001,2167.23815372579
75.0640000000001,2132.83857742824
75.0650000000001,2100.08359321368
75.066,2070.53489516584
75.067,2044.87503493715
75.0680000000002,2022.07554145675
75.0690000000002,2005.22649141409
75.0700000000002,1994.54611585725
75.0710000000001,1989.81339316696
75.0720000000001,1990.43911634261
75.0730000000001,1994.97977047081
75.0740000000001,2000.54087757291
75.075,2009.07518033469
75.076,2019.577115446
75.0770000000002,2030.97187946412
75.0780000000002,2042.25273491236
75.0790000000002,2051.9062035473
75.0800000000002,2057.4889775586
75.0810000000001,2062.05269001268
75.0820000000001,2065.54745727871
75.0830000000001,2067.89526428103
75.0840000000001,2069.03369220728
75.085,2068.31197452949
75.086,2064.17849574462
75.0870000000002,2059.59787120275
75.0880000000002,2054.84299549384
75.0890000000002,2050.04705207184
75.0900000000001,2045.24943948434
75.0910000000001,2039.98240272229
75.0920000000001,2033.00438510705
75.0930000000001,2026.24365187182
75.0940000000001,2020.14367310017
75.095,2015.14707658302
75.096,2011.60998517904
75.0970000000002,2009.3824485521
75.0980000000002,2007.3991355021
75.0990000000002,2006.64118085137
75.1000000000001,2007.17846392552
75.1010000000001,2008.99700869318
75.1020000000001,2011.93980107684
75.1030000000001,2015.30135061615
75.104,2017.57594848478
75.105,2019.48015904652
75.1060000000002,2020.97520834203
75.1070000000002,2022.16415890729
75.1080000000002,2023.22280966423
75.1090000000002,2023.75166433391
75.1100000000001,2022.75475061007
75.1110000000001,2022.09377746471
75.1120000000001,2022.0653733691
75.1130000000001,2022.8595561185
75.114,2024.52443613809
75.115,2026.21688498538
75.1160000000002,2026.58237714692
75.1170000000002,2027.48795283133
75.1180000000002,2028.77438967546
75.1190000000001,2030.21049795159
75.1200000000001,2031.55144548285
75.1210000000001,2031.81231047964
75.1220000000001,2029.85013581113
75.123,2027.85391619314
75.124,2026.12991607676
75.125,2024.9643953938
75.1260000000002,2024.58809754321
75.1270000000002,2024.35935812685
75.1280000000002,2023.38045478365
75.1290000000001,2023.64837029688
75.1300000000001,2025.21762399731
75.1310000000001,2027.9656908341
75.1320000000001,2031.61425669721
75.133,2034.95698943994
75.134,2036.68454943595
75.1350000000002,2038.37426802878
75.1360000000002,2039.89451900653
75.1370000000002,2041.13124738384
75.1380000000001,2041.99685749894
75.1390000000001,2041.56736193305
75.1400000000001,2039.02642309314
75.1410000000001,2036.42125412936
75.1420000000001,2034.05910026785
75.143,2032.19265567418
75.144,2030.99869836298
75.1450000000002,2029.66073773992
75.1460000000002,2027.4711061735
75.1470000000002,2026.37204122469
75.1480000000001,2026.50364880325
75.1490000000001,2027.88951470853
75.1500000000001,2030.44624285361
75.1510000000001,2033.07486235716
75.152,2034.92624723859
75.153,2037.70112293894
75.1540000000002,2041.42552367103
75.1550000000002,2046.08264910783
75.1560000000002,2051.61546515065
75.1570000000002,2056.97735900575
75.1580000000001,2061.49853490908
75.1590000000001,2066.8990836268
75.1600000000001,2073.23629654602
75.1610000000001,2080.45148960592
75.162,2088.35769771828
75.163,2095.66016897522
75.1640000000002,2101.49084804973
75.1650000000002,2107.22512535972
75.1660000000002,2112.63443667848
75.1670000000001,2117.44975859263
75.1680000000001,2121.39672870257
75.1690000000001,2123.21228345932
75.1700000000001,2122.34185967735
75.171,2120.51791468309
75.172,2118.01526320861
75.173,2115.12730842224
75.1740000000002,2112.13410522676
75.1750000000002,2108.21829740947
75.1760000000002,2103.2482756959
75.1770000000001,2099.08449732087
75.1780000000001,2095.97345841808
75.1790000000001,2093.99861565667
75.1800000000001,2093.08617740273
75.181,2091.95147391233
75.182,2090.09184704696
75.1830000000002,2088.91948597971
75.1840000000002,2088.3856482377
75.1850000000002,2088.43288392536
75.1860000000001,2089.01670950431
75.1870000000001,2089.00435374682
75.1880000000001,2088.26723365379
75.1890000000001,2088.53133062549
75.1900000000001,2090.07254113976
75.191,2093.05660023645
75.192,2097.49975838297
75.1930000000002,2102.08492782059
75.1940000000002,2106.42352946105
75.1950000000002,2111.74125282971
75.1960000000001,2117.74409003544
75.1970000000001,2124.02134787081
75.1980000000001,2130.09256414648
75.1990000000001,2134.24418044288
75.2,2136.02205097675
75.201,2136.74020766912
75.2020000000002,2136.42553818319
75.2030000000002,2135.15534215339
75.2040000000002,2133.03278917866
75.2050000000002,2128.89580797584
75.2060000000001,2122.90093582754
75.2070000000001,2116.77584920953
75.2080000000001,2110.84802575155
75.2090000000001,2105.34624204744
75.21,2100.38791486755
75.211,2094.66721566763
75.2120000000002,2088.24647313508
75.2130000000002,2082.62914102381
75.2140000000002,2077.93788779819
75.2150000000001,2074.20838189667
75.2160000000001,2071.38498867468
75.2170000000001,2067.96702282798
75.2180000000001,2063.97495817147
75.2190000000001,2060.78540945289
75.22,2058.44944882663
75.221,2056.96474883985
75.2220000000002,2056.2733442702
75.2230000000002,2054.86649769648
75.2240000000002,2052.9016501298
75.2250000000001,2051.75138369043
75.2260000000001,2051.45242889863
75.2270000000001,2051.92527389581
75.2280000000001,2052.96303625441
75.229,2052.80839128376
75.23,2051.46163294476
75.2310000000002,2050.01814014825
75.2320000000002,2048.32988805694
75.2330000000002,2046.24883066421
75.2340000000002,2043.65920708992
75.2350000000001,2039.04238874115
75.2360000000001,2032.90779535999
75.2370000000001,2026.85646333861
75.2380000000001,2021.33032147132
75.239,2016.7258674518
75.24,2013.34228987815
75.2410000000002,2009.86426873769
75.2420000000002,2006.8750737908
75.2430000000002,2005.70465421584
75.2440000000001,2006.40348089248
75.2450000000001,2008.88033545793
75.2460000000001,2012.93433471666
75.2470000000001,2016.79194504371
75.248,2020.79923062951
75.249,2026.0634723914
75.25,2032.58590261002
75.2510000000002,2040.31860089118
75.2520000000002,2049.14393987481
75.2530000000002,2057.32211720859
75.2540000000001,2065.29932964273
75.2550000000001,2074.09613088096
75.2560000000001,2083.5994077664
75.2570000000001,2093.6162857636
75.258,2103.89678321204
75.259,2112.57731213085
75.2600000000002,2120.20426913614
75.2610000000002,2127.87654442961
75.2620000000002,2135.66551198703
75.2630000000001,2143.60866962953
75.2640000000001,2151.68662909578
75.2650000000001,2158.18446035311
75.2660000000001,2163.82665604207
75.2670000000001,2169.6719067346
75.268,2175.68755248537
75.269,2181.72952229998
75.2700000000002,2187.55699587377
75.2710000000002,2191.21775028763
75.2720000000002,2193.32831700721
75.2730000000001,2194.80273352197
75.2740000000001,2195.6031112208
75.2750000000001,2195.67233797214
75.2760000000001,2194.93624228585
75.277,2191.64786033227
75.278,2186.75969840101
75.2790000000002,2181.43740885897
75.2800000000002,2175.95132804746
75.2810000000002,2170.55054625022
75.2820000000002,2165.44786224419
75.2830000000001,2159.11222018038
75.2840000000001,2152.74766270395
75.2850000000001,2147.56705603586
75.2860000000001,2143.80503405629
75.287,2141.53288289665
75.288,2140.63791795583
75.2890000000002,2139.10705772099
75.2900000000002,2137.66660496607
75.2910000000002,2136.89992477143
75.2920000000001,2136.48940664667
75.2930000000001,2136.06753895735
75.2940000000001,2135.26145013059
75.2950000000001,2131.98822889465
75.296,2127.2380053134
75.297,2121.95630126383
75.298,2116.37655936374
75.2990000000002,2110.75340802167
75.3000000000002,2105.31831017834
75.3010000000002,2098.45418526912
75.3020000000001,2091.56304823816
75.3030000000001,2085.7160693456
75.3040000000001,2081.12135845637
75.3050000000001,2077.84576712576
75.306,2075.81531885236
75.307,2073.0187537675
75.3080000000002,2070.55869681368
75.3090000000002,2069.13074627348
75.3100000000002,2068.6760148322
75.3110000000001,2069.08133436686
75.3120000000001,2070.17973886128
75.3130000000001,2069.91959555408
75.3140000000001,2069.52404951008
75.3150000000001,2069.70452933827
75.316,2070.45806374839
75.317,2071.7207440895
75.3180000000002,2073.36390436531
75.3190000000002,2073.31221921103
75.3200000000002,2072.91008268485
75.3210000000001,2072.84657932727
75.3220000000001,2073.11235736009
75.3230000000001,2073.63073746193
75.3240000000001,2074.26070347898
75.325,2072.86040048433
75.326,2070.89900708347
75.3270000000002,2069.0899970151
75.3280000000002,2067.51113528557
75.3290000000002,2066.21354445672
75.3300000000002,2065.22004018357
75.3310000000001,2062.51434493235
75.3320000000001,2059.84961633848
75.3330000000001,2058.05794727146
75.3340000000001,2057.29297307657
75.335,2057.58143160598
75.336,2058.80523901029
75.3370000000002,2058.65961244723
75.3380000000002,2058.62874570257
75.3390000000002,2059.10669494522
75.3400000000001,2059.85201904903
75.3410000000001,2060.56602663327
75.3420000000001,2060.93446344203
75.3430000000001,2058.62739286599
75.3440000000001,2055.34976757593
75.345,2051.80145359191
75.346,2048.23991706531
75.3470000000002,2044.953194369
75.3480000000002,2042.22602635742
75.3490000000002,2038.24238168247
75.3500000000001,2035.16061012024
75.3510000000001,2033.83999524723
75.3520000000001,2034.51397496219
75.3530000000001,2037.21642953033
75.354,2041.76731100641
75.355,2045.6748851092
75.3560000000002,2050.43947346591
75.3570000000002,2056.11838886563
75.3580000000002,2062.22135543777
75.3590000000002,2068.17153993909
75.3600000000001,2073.35061430046
75.3610000000001,2074.99651647606
75.3620000000001,2074.7089513231
75.3630000000001,2072.79768915824
75.364,2069.29722437833
75.365,2064.34607303384
75.3660000000002,2058.16525752394
75.3670000000002,2048.84734894947
75.3680000000002,2038.90033790093
75.3690000000001,2029.32661305017
75.3700000000001,2020.70858477407
75.3710000000001,2013.500997153
75.3720000000001,2007.98577244711
75.373,2002.02563693643
75.374,1997.79989951213
75.375,1995.70580456647
75.3760000000002,1995.66104593652
75.3770000000002,1997.43304391008
75.3780000000002,2000.66346311586
75.3790000000001,2002.65949447355
75.3800000000001,2005.28529010702
75.3810000000001,2008.68171941697
75.3820000000001,2012.71806346044
75.383,2017.26402034174
75.384,2022.17530969902
75.3850000000002,2025.03037376493
75.3860000000002,2028.01582944185
75.3870000000002,2031.42845558931
75.3880000000001,2035.22175106784
75.3890000000001,2039.21926307282
75.3900000000001,2043.10986131476
75.3910000000001,2044.22970065485
75.3920000000001,2044.5440578935
75.393,2044.09552063547
75.394,2042.75689428412
75.3950000000002,2040.46479787895
75.3960000000002,2037.23876536435
75.3970000000002,2030.95330062159
75.3980000000001,2024.26789129222
75.3990000000001,2017.85555659554
75.4000000000001,2012.16489625277
75.4010000000001,2007.51303419652
75.402,2004.03692928773
75.403,1999.45286048781
75.4040000000002,1996.06916643795
75.4050000000002,1993.96979069572
75.4060000000002,1993.02932834342
75.4070000000002,1993.09895516839
75.4080000000001,1994.05749065282
75.4090000000001,1993.6113250576
75.4100000000001,1994.33356998951
75.4110000000001,1996.62952103504
75.412,2000.73744775313
75.413,2006.73605436085
75.4140000000002,2014.47904574903
75.4150000000002,2021.32401920814
75.4160000000002,2029.27820896691
75.4170000000001,2037.8955001216
75.4180000000001,2046.5675648785
75.4190000000001,2054.68204003791
75.4200000000001,2061.72283671783
75.421,2065.07892748731
75.422,2067.33854545038
75.423,2068.88284419851
75.4240000000002,2070.16970149731
75.4250000000002,2071.65416117342
75.4260000000002,2073.64732712414
75.4270000000001,2074.11256530852
75.4280000000001,2075.61124440129
75.4290000000001,2078.09036236639
75.4300000000001,2081.2168491006
75.431,2084.46662306202
75.432,2087.15215516278
75.4330000000002,2086.57083764232
75.4340000000002,2084.79434111508
75.4350000000002,2081.76453991404
75.4360000000001,2077.5366850032
75.4370000000001,2072.27089359474
75.4380000000001,2066.07925317975
75.4390000000001,2057.12239086749
75.4400000000001,2048.13700579891
75.441,2039.50148314927
75.442,2031.42288974924
75.4430000000002,2023.9422465979
75.4440000000002,2016.79690316388
75.4450000000002,2007.56912716974
75.4460000000001,1998.67554771807
75.4470000000001,1990.14824429566
75.4480000000001,1981.96672466086
75.4490000000001,1974.06174055992
75.45,1966.0865347585
75.451,1955.35462476787
75.4520000000002,1944.66731957418
75.4530000000002,1934.27638155236
75.4540000000002,1924.40671088675
75.4550000000002,1915.22157273101
75.4560000000001,1906.47948734372
75.4570000000001,1895.24334954356
75.4580000000001,1884.75126239499
75.4590000000001,1875.42239689595
75.46,1867.60981230931
75.461,1861.51772509432
75.4620000000002,1856.79435980525
75.4630000000002,1850.6176359685
75.4640000000002,1845.5287981213
75.4650000000001,1841.3628165542
75.4660000000001,1837.88732336499
75.4670000000001,1834.86557922858
75.4680000000001,1831.8449755405
75.4690000000001,1827.19129005185
75.47,1822.92506066893
75.471,1819.08852248824
75.4720000000002,1815.62684289158
75.4730000000002,1812.41322248133
75.4740000000002,1809.10735140015
75.4750000000001,1804.87605743927
75.4760000000001,1800.97041534293
75.4770000000001,1797.14764330119
75.4780000000001,1793.14534517686
75.479,1788.83418029136
75.48,1784.1451377799
75.4810000000002,1778.9231099575
75.4820000000002,1775.0064239079
75.4830000000002,1772.73876214824
75.4840000000002,1772.16281896724
75.4850000000001,1773.00168149217
75.4860000000001,1774.45287918254
75.4870000000001,1775.026047894
75.4880000000001,1775.53754722087
75.489,1775.31940092669
75.49,1773.93805012012
75.4910000000002,1771.4330420304
75.4920000000002,1768.06545088911
75.4930000000002,1763.79315937044
75.4940000000001,1762.49290275656
75.4950000000001,1766.22956149948
75.4960000000001,1776.78432405925
75.4970000000001,1795.34097552932
75.498,1821.80589222333
75.499,1854.26622854037
75.5,1894.03035003715
75.5010000000002,1940.08057097498
75.5020000000002,1991.53195958077
75.5030000000002,2048.0608996052
75.5040000000001,2109.69617465766
75.5050000000001,2176.51592327612
75.5060000000001,2252.75790427163
75.5070000000001,2340.82793672721
75.508,2442.49913579738
75.509,2558.19576318084
75.5100000000002,2685.90746821769
75.5110000000002,2820.69411794022
75.5120000000002,2958.59848011267
75.5130000000001,3092.01064427202
75.5140000000001,3212.16553471699
75.5150000000001,3310.07219778583
75.5160000000001,3376.94261314342
75.5170000000001,3404.95046801389
75.518,3391.47562137471
75.519,3334.44388695831
75.5200000000002,3233.97315919649
75.5210000000002,3092.09059817401
75.5220000000002,2911.79137558002
75.5230000000001,2696.73202428112
75.5240000000001,2454.50701761005
75.5250000000001,2191.73100701566
75.5260000000001,1915.65695399823
75.527,1634.12275617197
75.528,1354.82076505688
75.5290000000002,1085.17458217712
75.5300000000002,835.177394055246
75.5310000000002,612.132754072787
75.5320000000002,421.608888524969
75.5330000000001,266.873532065565
75.5340000000001,147.989121149705
75.5350000000001,62.2120386463947
75.5360000000001,7.58209213305731
75.537,-20.649796727559
75.538,-27.3980584714266
75.5390000000002,-16.7197566302621
75.5400000000002,8.33267027452952
75.5410000000002,46.5067753706705
75.5420000000001,101.065877963423
75.5430000000001,174.892702250805
75.5440000000001,271.020654061765
75.5450000000001,391.494923036392
75.546,535.69192612211
75.547,700.221456976798
75.548,881.468657378801
75.5490000000002,1071.87424528431
75.5500000000002,1262.31965251504
75.5510000000002,1443.30308675742
75.5520000000001,1605.48000326125
75.5530000000001,1741.41098228006
75.5540000000001,1848.76264931644
75.5550000000001,1926.51881716648
75.556,1976.20726948122
75.557,2001.27931944607
75.5580000000002,2005.55148853776
75.5590000000002,1993.20708296991
75.5600000000002,1970.44642053375
75.5610000000001,1941.1368831809
75.5620000000001,1908.15762150421
75.5630000000001,1873.52178749742
75.5640000000001,1837.82828579666
75.5650000000001,1801.65692014647
75.566,1768.00594312479
75.567,1738.30270970626
75.5680000000002,1713.93543543728
75.5690000000002,1696.0904814787
75.5700000000002,1684.55823629062
75.5710000000001,1679.01515648013
75.5720000000001,1680.99482328356
75.5730000000001,1689.41618931658
75.5740000000001,1702.58550035096
75.575,1718.50430095112
75.576,1734.03895266049
75.5770000000002,1747.18884853133
75.5780000000002,1759.16416584342
75.5790000000002,1769.44164273028
75.5800000000002,1777.84429633557
75.5810000000001,1784.47345099272
75.5820000000001,1788.46230490749
75.5830000000001,1789.79129420934
75.5840000000001,1790.77969702093
75.585,1791.55700984897
75.586,1791.97393035573
75.5870000000002,1791.72451500033
75.5880000000002,1789.66674257484
75.5890000000002,1785.22208505189
75.5900000000001,1779.84720773997
75.5910000000001,1773.9996182613
75.5920000000001,1768.22871053683
75.5930000000001,1763.05676488229
75.5940000000001,1758.301589566
75.595,1753.67508565031
75.596,1750.11584510184
75.5970000000002,1747.84992056701
75.5980000000002,1746.99608083822
75.5990000000002,1747.5281361424
75.6000000000001,1748.71514906639
75.6010000000001,1749.78711217706
75.6020000000001,1751.2599243607
75.6030000000001,1753.19459047064
75.604,1755.69393077836
75.605,1758.80587809418
75.6060000000002,1761.75647064068
75.6070000000002,1763.96168465046
75.6080000000002,1766.1363427966
75.6090000000002,1768.26749666046
75.6100000000001,1770.34889923099
75.6110000000001,1772.35527013598
75.6120000000001,1773.23656236732
75.6130000000001,1772.78610181447
75.614,1772.34843980756
75.615,1772.11991464256
75.6160000000002,1772.27225517565
75.6170000000002,1772.92973016004
75.6180000000002,1773.00564107079
75.6190000000001,1772.51262328678
75.6200000000001,1772.93388601133
75.6210000000001,1774.34359156343
75.6220000000001,1776.69531860072
75.623,1779.84180804784
75.624,1782.43051061869
75.625,1784.27884480107
75.6260000000002,1786.61696994397
75.6270000000002,1789.45674244183
75.6280000000002,1792.77648181991
75.6290000000001,1796.51272784849
75.6300000000001,1799.4355134909
75.6310000000001,1801.50066991881
75.6320000000001,1803.9325114288
75.633,1806.80267321492
75.634,1810.11491560818
75.6350000000002,1813.79254223804
75.6360000000002,1816.51229706815
75.6370000000002,1818.23765455696
75.6380000000001,1820.10699198277
75.6390000000001,1822.13272800926
75.6400000000001,1824.29124561514
75.6410000000001,1826.52432013846
75.6420000000001,1827.53023244988
75.643,1827.47444914705
75.644,1827.63420007173
75.6450000000002,1828.180777152
75.6460000000002,1829.23721903526
75.6470000000002,1830.86001563346
75.6480000000001,1831.78353048788
75.6490000000001,1832.25244645612
75.6500000000001,1833.45743865442
75.6510000000001,1835.4582327952
75.652,1838.22241118712
75.653,1841.62606036255
75.6540000000002,1844.19781806705
75.6550000000002,1846.07878071307
75.6560000000002,1848.29415891009
75.6570000000002,1850.83309139023
75.6580000000001,1853.65099578656
75.6590000000001,1856.66781612548
75.6600000000001,1858.47204834292
75.6610000000001,1859.40111928005
75.662,1860.61021089771
75.663,1862.26487225244
75.6640000000002,1864.49443169439
75.6650000000002,1867.37148123491
75.6660000000002,1869.56785770619
75.6670000000001,1871.54884811958
75.6680000000001,1874.41638042534
75.6690000000001,1878.2313699
75.6700000000001,1882.93792582002
75.671,1888.35547423075
75.672,1892.83739586446
75.673,1896.61006795655
75.6740000000002,1900.44084195445
75.6750000000002,1904.14809442358
75.6760000000002,1907.5261365995
75.6770000000001,1910.3656098097
75.6780000000001,1911.10200447697
75.6790000000001,1910.27025963883
75.6800000000001,1908.95335591207
75.681,1907.39444925782
75.682,1905.83945023774
75.6830000000002,1904.50420189363
75.6840000000002,1902.1374189906
75.6850000000002,1899.57463161856
75.6860000000001,1897.95419871828
75.6870000000001,1897.4491467783
75.6880000000001,1898.09284815817
75.6890000000001,1899.77581501259
75.6900000000001,1900.80063177151
75.691,1901.66823249263
75.692,1903.12527035403
75.6930000000002,1905.05151624569
75.6940000000002,1907.29315698808
75.6950000000002,1909.67003444201
75.6960000000001,1910.46349309296
75.6970000000001,1910.38254060965
75.6980000000001,1910.35026112936
75.6990000000001,1910.46353317149
75.7,1910.77220414996
75.701,1911.25830003559
75.7020000000002,1910.24803966836
75.7030000000002,1908.58172392981
75.7040000000002,1907.18134116017
75.7050000000002,1906.14413486578
75.7060000000001,1905.52335063232
75.7070000000001,1905.3247815791
75.7080000000001,1903.86956395478
75.7090000000001,1902.15928556752
75.71,1901.19937726407
75.711,1901.18600505271
75.7120000000002,1902.23060831963
75.7130000000002,1904.32344973211
75.7140000000002,1905.62044023728
75.7150000000001,1906.98404698735
75.7160000000001,1909.07907897924
75.7170000000001,1911.71756483357
75.7180000000001,1914.6010237765
75.7190000000001,1917.33857263262
75.72,1917.75160998148
75.721,1916.62685100008
75.7220000000002,1914.61529760235
75.7230000000002,1911.73278219762
75.7240000000002,1908.06060083431
75.7250000000001,1903.72672583832
75.7260000000001,1897.12638606554
75.7270000000001,1889.72759939777
75.7280000000001,1882.67641706654
75.729,1876.37872166744
75.73,1871.11815585721
75.7310000000002,1867.01795899322
75.7320000000002,1862.2491679
75.7330000000002,1858.00217364689
75.7340000000002,1854.93054245545
75.7350000000001,1852.9604989397
75.7360000000001,1851.95120051401
75.7370000000001,1851.72114515236
75.7380000000001,1850.26644186567
75.739,1848.88290579755
75.74,1848.35850013866
75.7410000000002,1848.88306347686
75.7420000000002,1850.61233171938
75.7430000000002,1853.62781997654
75.7440000000001,1856.07069284805
75.7450000000001,1859.34841369555
75.7460000000001,1864.11575379083
75.7470000000001,1870.34045131462
75.748,1877.86985692648
75.749,1886.44413124915
75.75,1893.86416494568
75.7510000000002,1901.36368175822
75.7520000000002,1909.42765037029
75.7530000000002,1918.01285494856
75.7540000000001,1927.06936351354
75.7550000000001,1936.52533051037
75.7560000000001,1944.38600541265
75.7570000000001,1952.19064044935
75.758,1960.57551665488
75.759,1969.60922449803
75.7600000000002,1979.26672525486
75.7610000000002,1989.41737753399
75.7620000000002,1997.90784934095
75.7630000000001,2006.18705953724
75.7640000000001,2014.68591309168
75.7650000000001,2023.32129426332
75.7660000000001,2031.95846357637
75.7670000000001,2040.4116475099
75.768,2046.49790390114
75.769,2051.79026136578
75.7700000000002,2056.77978446772
75.7710000000002,2061.50054106502
75.7720000000002,2065.93953620228
75.7730000000001,2070.02098218384
75.7740000000001,2071.6163513392
75.7750000000001,2072.42863108697
75.7760000000001,2072.94394173935
75.777,2073.20195143209
75.778,2073.18116363194
75.7790000000002,2072.79436447044
75.7800000000002,2069.86466052069
75.7810000000002,2066.19667575154
75.7820000000002,2062.28811452816
75.7830000000001,2058.24769795943
75.7840000000001,2054.14534453703
75.7850000000001,2050.00000269799
75.7860000000001,2043.71257349969
75.787,2037.26151621498
75.788,2031.20587748658
75.7890000000002,2025.73033532734
75.7900000000002,2020.95413992249
75.7910000000002,2016.91451193137
75.7920000000001,2011.47610367487
75.7930000000001,2006.62126670594
75.7940000000001,2002.79613261125
75.7950000000001,2000.07942093767
75.796,1998.45350107044
75.797,1997.78821616357
75.798,1995.73110788245
75.7990000000002,1994.11773341583
75.8000000000002,1993.15200494336
75.8010000000002,1992.72633081842
75.8020000000001,1992.67770538839
75.8030000000001,1992.78937992639
75.8040000000001,1990.66814755038
75.8050000000001,1988.27940053482
75.806,1985.92287725158
75.807,1983.67811348946
75.8080000000002,1981.60661553414
75.8090000000002,1979.72996463664
75.8100000000002,1975.8462722143
75.8110000000001,1972.20711536642
75.8120000000001,1969.22418190493
75.8130000000001,1967.06147473019
75.8140000000001,1965.80374415155
75.8150000000001,1965.43816885426
75.816,1963.62894824848
75.817,1962.600992432
75.8180000000002,1962.56074843189
75.8190000000002,1963.46672098521
75.8200000000002,1965.18031538878
75.8210000000001,1967.46575354095
75.8220000000001,1967.73826358089
75.8230000000001,1968.17180955887
75.8240000000001,1968.84387148537
75.825,1969.69709760712
75.826,1970.66985663164
75.8270000000002,1971.69630209798
75.8280000000002,1970.39163385795
75.8290000000002,1969.32950758724
75.8300000000002,1968.84678973957
75.8310000000001,1969.13318710278
75.8320000000001,1970.28866328676
75.8330000000001,1972.29643833939
75.8340000000001,1972.65873937603
75.835,1973.8583983587
75.836,1975.93217713681
75.8370000000002,1978.7675869496
75.8380000000002,1982.177546053
75.8390000000002,1985.92079664544
75.8400000000001,1987.34123383457
75.8410000000001,1988.97500386111
75.8420000000001,1990.90266681421
75.8430000000001,1993.16136715603
75.8440000000001,1995.7437262463
75.845,1998.54033383584
75.846,1999.08582935738
75.8470000000002,1999.92925067475
75.8480000000002,2001.13972944116
75.8490000000002,2002.6907052155
75.8500000000001,2004.48234451476
75.8510000000001,2006.27725490408
75.8520000000001,2005.61284390143
75.8530000000001,2004.97326662536
75.854,2004.46211949403
75.855,2004.13210891523
75.8560000000002,2003.98586537594
75.8570000000002,2003.85077376667
75.8580000000002,2001.40190368179
75.8590000000002,1999.13470504516
75.8600000000001,1997.16376280035
75.8610000000001,1995.52751279443
75.8620000000001,1994.20260482022
75.8630000000001,1992.95936393885
75.864,1989.54016524409
75.865,1986.43080632765
75.8660000000002,1983.79433101509
75.8670000000002,1981.73312674929
75.8680000000002,1980.28625565015
75.8690000000001,1979.22943120853
75.8700000000001,1976.36609088793
75.8710000000001,1974.11678927225
75.8720000000001,1972.56120945376
75.873,1971.67888494254
75.874,1971.35950634179
75.875,1971.18686260144
75.8760000000002,1968.89035593826
75.8770000000002,1966.76870866231
75.8780000000002,1964.87999078278
75.8790000000001,1963.26142462001
75.8800000000001,1961.93650109448
75.8810000000001,1960.64838411938
75.8820000000001,1957.44729402286
75.883,1954.78203272496
75.884,1952.85183580033
75.8850000000002,1951.74477648687
75.8860000000002,1951.42890429145
75.8870000000002,1951.45933650154
75.8880000000001,1949.76111950224
75.8890000000001,1948.46223732318
75.8900000000001,1947.51487834172
75.8910000000001,1946.84025474989
75.8920000000001,1946.36598203721
75.893,1945.72477586579
75.894,1943.19161977869
75.8950000000002,1941.17718848069
75.8960000000002,1939.99400801788
75.8970000000002,1939.87346136104
75.8980000000001,1940.93457756647
75.8990000000001,1942.80800466602
75.9000000000001,1943.72851060167
75.9010000000001,1945.74344567657
75.902,1948.75646635016
75.903,1952.57875476508
75.9040000000002,1956.98756849967
75.9050000000002,1961.39239753045
75.9060000000002,1964.11993984922
75.9070000000002,1967.33290651185
75.9080000000001,1971.21004128498
75.9090000000001,1975.87011347029
75.9100000000001,1981.33847162172
75.9110000000001,1987.10283015347
75.912,1991.4977172177
75.913,1996.39322830983
75.9140000000002,2001.57795145077
75.9150000000002,2006.73902473195
75.9160000000002,2011.53943572133
75.9170000000001,2015.24689806692
75.9180000000001,2016.33188185577
75.9190000000001,2016.95996478276
75.9200000000001,2017.49041408159
75.921,2018.33320508567
75.922,2019.90154505461
75.923,2022.0720974469
75.9240000000002,2023.7969951241
75.9250000000002,2027.27952920771
75.9260000000002,2032.60372871734
75.9270000000001,2039.57674298589
75.9280000000001,2047.76232108122
75.9290000000001,2056.03003082624
75.9300000000001,2062.43980075057
75.931,2068.33411228898
75.932,2073.22762743956
75.9330000000002,2076.67622261171
75.9340000000002,2078.32970645235
75.9350000000002,2077.42186821211
75.9360000000001,2072.72539926416
75.9370000000001,2066.37219078628
75.9380000000001,2058.76814465713
75.9390000000001,2050.33565201671
75.9400000000001,2041.4791745661
75.941,2031.95951945631
75.942,2020.92322721661
75.9430000000002,2010.62361052915
75.9440000000002,2001.35612730649
75.9450000000002,1993.22040774319
75.9460000000001,1986.1231037666
75.9470000000001,1979.10448983516
75.9480000000001,1970.53169430603
75.9490000000001,1962.23119693511
75.95,1954.09956116567
75.951,1946.01534580272
75.9520000000002,1937.83949020972
75.9530000000002,1928.55162847632
75.9540000000002,1916.50958595939
75.9550000000002,1904.20366540711
75.9560000000001,1892.07232081047
75.9570000000001,1880.55598540226
75.9580000000001,1870.00648595566
75.9590000000001,1859.61993502976
75.96,1847.81265108409
75.961,1837.20943416803
75.9620000000002,1828.12917928788
75.9630000000002,1820.7845942968
75.9640000000002,1815.23385621799
75.9650000000001,1810.50632075327
75.9660000000001,1805.20930153332
75.9670000000001,1801.08354792852
75.9680000000001,1797.92600394074
75.9690000000001,1795.49482362117
75.97,1793.57820951237
75.971,1791.50876220011
75.9720000000002,1788.89244374976
75.9730000000002,1787.06940617601
75.9740000000002,1785.99016482473
75.9750000000001,1785.47108911198
75.9760000000001,1785.24602415158
75.9770000000001,1784.63029243257
75.9780000000001,1783.35851072029
75.979,1782.22814014454
75.98,1780.96407446575
75.9810000000002,1779.32810913023
75.9820000000002,1777.24929859122
75.9830000000002,1774.48582699676
75.9840000000002,1771.47210831752
75.9850000000001,1769.70188152902
75.9860000000001,1769.48835938677
75.9870000000001,1770.87053014186
75.9880000000001,1773.61584953502
75.989,1776.53209392903
75.99,1778.71797403521
75.9910000000002,1781.28882569619
75.9920000000002,1784.04714714326
75.9930000000002,1787.00363237381
75.9940000000001,1790.47002409948
75.9950000000001,1794.14873721804
75.9960000000001,1798.50230294522
75.9970000000001,1806.6500862946
75.998,1820.21455070005
75.999,1840.76837214367
76,1869.71491065354
76.0010000000002,1907.24505968513
76.0020000000002,1953.76639019581
76.0030000000002,2011.53132695763
76.0040000000001,2080.86848848494
76.0050000000001,2161.67929224825
76.0060000000001,2253.45941503898
76.0070000000001,2354.40545721372
76.008,2463.00077241427
76.009,2579.33537580566
76.0100000000002,2701.68458713209
76.0110000000002,2827.82017786198
76.0120000000002,2954.89103588472
76.0130000000001,3078.31281503306
76.0140000000001,3193.26817179114
76.0150000000001,3295.71166512939
76.0160000000001,3379.12240679011
76.0170000000001,3436.04487185295
76.018,3458.56557312004
76.019,3438.09299438997
76.0200000000002,3368.13578973793
76.0210000000002,3246.37807723061
76.0220000000002,3072.55636107803
76.0230000000001,2850.43432943754
76.0240000000001,2587.96838542453
76.0250000000001,2295.82811257546
76.0260000000001,1988.15660128723
76.027,1681.7100026194
76.028,1390.96158150241
76.0290000000002,1127.48120820844
76.0300000000002,898.511954589516
76.0310000000002,705.276234619573
76.0320000000002,545.246015393251
76.0330000000001,413.920556965791
76.0340000000001,303.883112510332
76.0350000000001,208.178845546213
76.0360000000001,122.328221443862
76.037,44.6781705324025
76.038,-20.9998749285023
76.0390000000002,-65.710370416955
76.0400000000002,-79.4830677224671
76.0410000000002,-52.4307096157831
76.0420000000001,22.8505756564072
76.0430000000001,148.156316009244
76.0440000000001,320.686277417729
76.0450000000001,533.099568861417
76.046,771.957819381862
76.047,1020.75060762634
76.048,1262.31504778894
76.0490000000002,1480.18026444708
76.0500000000002,1662.96536980993
76.0510000000002,1805.59888129307
76.0520000000001,1907.13363842846
76.0530000000001,1971.13209873757
76.0540000000001,2004.24997500735
76.0550000000001,2013.34275444147
76.056,2006.34120313995
76.057,1990.81960414101
76.0580000000002,1971.06577370031
76.0590000000002,1949.17582327121
76.0600000000002,1925.58699854357
76.0610000000001,1898.68627326131
76.0620000000001,1868.42492011306
76.0630000000001,1836.52473125141
76.0640000000001,1804.52330990299
76.0650000000001,1774.73182859047
76.066,1749.78184870862
76.067,1730.63702873458
76.0680000000002,1719.29012984223
76.0690000000002,1717.50486950388
76.0700000000002,1724.45992594957
76.0710000000001,1738.17355078243
76.0720000000001,1755.96219110993
76.0730000000001,1773.36573810161
76.0740000000001,1788.73304300336
76.075,1802.01392529095
76.076,1812.51165534056
76.0770000000002,1820.23202057049
76.0780000000002,1825.69445652028
76.0790000000002,1827.84179178621
76.0800000000002,1828.40370821275
76.0810000000001,1829.55806557831
76.0820000000001,1831.48072858601
76.0830000000001,1833.91078588436
76.0840000000001,1836.35250993415
76.085,1836.75230625992
76.086,1835.52640901805
76.0870000000002,1833.984843284
76.0880000000002,1832.42664001485
76.0890000000002,1831.18650627474
76.0900000000001,1830.52571294655
76.0910000000001,1829.47423407813
76.0920000000001,1828.17877050654
76.0930000000001,1827.32966699991
76.0940000000001,1826.88560078454
76.095,1826.73380932394
76.096,1826.70750904173
76.0970000000002,1825.74793434697
76.0980000000002,1823.73601812801
76.0990000000002,1821.38712048845
76.1000000000001,1819.14886052102
76.1010000000001,1817.51104483189
76.1020000000001,1816.85254191369
76.1030000000001,1816.42945096642
76.104,1816.2414587871
76.105,1816.80837974423
76.1060000000002,1818.19085997911
76.1070000000002,1820.39963743854
76.1080000000002,1823.35789730057
76.1090000000002,1825.52299473963
76.1100000000001,1827.29507095495
76.1110000000001,1829.44798972317
76.1120000000001,1832.02277375049
76.1130000000001,1835.05144029861
76.114,1838.52966047746
76.115,1840.78113112946
76.1160000000002,1842.67193034791
76.1170000000002,1845.1815166132
76.1180000000002,1848.32858860116
76.1190000000001,1852.03318480532
76.1200000000001,1856.12989372494
76.1210000000001,1858.77161702655
76.1220000000001,1860.73694364561
76.123,1862.90861932045
76.124,1865.34921805908
76.125,1868.09377217887
76.1260000000002,1871.13315717458
76.1270000000002,1872.80645367664
76.1280000000002,1874.03324113503
76.1290000000001,1875.74505182022
76.1300000000001,1878.08993926181
76.1310000000001,1881.14638186715
76.1320000000001,1884.90145911073
76.133,1887.59726657812
76.134,1890.147402092
76.1350000000002,1893.33819309173
76.1360000000002,1897.17474824053
76.1370000000002,1901.58027567714
76.1380000000001,1906.38572252425
76.1390000000001,1909.62834994407
76.1400000000001,1912.20829926988
76.1410000000001,1914.81620060378
76.1420000000001,1917.43174707847
76.143,1920.01815631279
76.144,1922.51937006129
76.1450000000002,1923.11650723117
76.1460000000002,1923.0274862992
76.1470000000002,1923.18089820086
76.1480000000001,1923.8192372385
76.1490000000001,1925.12627619257
76.1500000000001,1927.1928298912
76.1510000000001,1928.22568402874
76.152,1929.46476836424
76.153,1931.66642864128
76.1540000000002,1934.87077302427
76.1550000000002,1939.02441305066
76.1560000000002,1943.97858677679
76.1570000000002,1947.69714996949
76.1580000000001,1951.31794050126
76.1590000000001,1955.43795282031
76.1600000000001,1960.01619778422
76.1610000000001,1964.95032743988
76.162,1970.06303767381
76.163,1973.27644679211
76.1640000000002,1975.79595864368
76.1650000000002,1978.20971782513
76.1660000000002,1980.54465449439
76.1670000000001,1982.82165879513
76.1680000000001,1985.04863366152
76.1690000000001,1985.3612861734
76.1700000000001,1985.31363097107
76.171,1985.73037242494
76.172,1986.86208344755
76.173,1988.86396911146
76.1740000000002,1991.75739611277
76.1750000000002,1993.53131497422
76.1760000000002,1995.57437795404
76.1770000000001,1998.34588063332
76.1780000000001,2001.73047505946
76.1790000000001,2005.54711083738
76.1800000000001,2009.56986467396
76.181,2011.6366582029
76.182,2013.24733680411
76.1830000000002,2014.99019623085
76.1840000000002,2017.00148387819
76.1850000000002,2019.38610767223
76.1860000000001,2022.1782996053
76.1870000000001,2023.3546640592
76.1880000000001,2024.57725605347
76.1890000000001,2026.37093347854
76.1900000000001,2028.74684930465
76.191,2031.63092285907
76.192,2034.87116534406
76.1930000000002,2036.23343890712
76.1940000000002,2037.39204757387
76.1950000000002,2038.84485341906
76.1960000000001,2040.67051195848
76.1970000000001,2042.89757753303
76.1980000000001,2045.47319729569
76.1990000000001,2046.15055688769
76.2,2046.71216826849
76.201,2047.5767391957
76.2020000000002,2048.72504378515
76.2030000000002,2050.06895534778
76.2040000000002,2051.45432576537
76.2050000000002,2050.50609862047
76.2060000000001,2049.13137476975
76.2070000000001,2047.82462582725
76.2080000000001,2046.73686632074
76.2090000000001,2045.98490738567
76.21,2045.61521907497
76.211,2043.34648894295
76.2120000000002,2041.27304478572
76.2130000000002,2039.87182467297
76.2140000000002,2039.2282492725
76.2150000000001,2039.32715683618
76.2160000000001,2040.03994231391
76.2170000000001,2038.84197464114
76.2180000000001,2037.74460167934
76.2190000000001,2037.04422381418
76.22,2036.72038538699
76.221,2036.6956884791
76.2220000000002,2036.81973822536
76.2230000000002,2034.54991542975
76.2240000000002,2032.02384869985
76.2250000000001,2029.56029114898
76.2260000000001,2027.21731785003
76.2270000000001,2025.01920153635
76.2280000000001,2022.94202946455
76.229,2018.58287145932
76.23,2014.30234282723
76.2310000000002,2010.52187752992
76.2320000000002,2007.41080373343
76.2330000000002,2005.06065959646
76.2340000000002,2003.4620519149
76.2350000000001,2000.16146088984
76.2360000000001,1997.50020785458
76.2370000000001,1995.74406684303
76.2380000000001,1994.93702333839
76.239,1995.06380578757
76.24,1996.04742588372
76.2410000000002,1995.38247552871
76.2420000000002,1995.52655478845
76.2430000000002,1996.77368585479
76.2440000000001,1999.24213161695
76.2450000000001,2002.97558552823
76.2460000000001,2007.91733866336
76.2470000000001,2011.48837137508
76.248,2016.14158900777
76.249,2021.99535402552
76.25,2028.99858153601
76.2510000000002,2037.02300586201
76.2520000000002,2045.86483047063
76.2530000000002,2052.81025152336
76.2540000000001,2060.35450595444
76.2550000000001,2068.59673926952
76.2560000000001,2077.5490345072
76.2570000000001,2087.17295723936
76.258,2097.35762329431
76.259,2105.42363693865
76.2600000000002,2113.99059724564
76.2610000000002,2123.1168009568
76.2620000000002,2132.76753453267
76.2630000000001,2142.82560860046
76.2640000000001,2153.04863696079
76.2650000000001,2160.73277597557
76.2660000000001,2168.39612336731
76.2670000000001,2176.04875999808
76.268,2183.63900207536
76.269,2191.06094988261
76.2700000000002,2198.06738324966
76.2710000000002,2202.07656569183
76.2720000000002,2205.60729863184
76.2730000000001,2208.70070406149
76.2740000000001,2211.3245747304
76.2750000000001,2213.38281779273
76.2760000000001,2214.59915243877
76.277,2212.48215089725
76.278,2209.55524416222
76.2790000000002,2205.93230772723
76.2800000000002,2201.69457287164
76.2810000000002,2196.90007050325
76.2820000000002,2191.42363641278
76.2830000000001,2183.04752736287
76.2840000000001,2174.48645112568
76.2850000000001,2166.05975075514
76.2860000000001,2158.02178103157
76.287,2150.55372724856
76.288,2143.55495714429
76.2890000000002,2134.87213288272
76.2900000000002,2127.12355539361
76.2910000000002,2120.51982864751
76.2920000000001,2115.17408536854
76.2930000000001,2111.10802293057
76.2940000000001,2108.02014085105
76.2950000000001,2103.67791875024
76.296,2100.49892234879
76.297,2098.54839440835
76.298,2097.79946508985
76.2990000000002,2098.13387840206
76.3000000000002,2099.07178748973
76.3010000000002,2098.3199030694
76.3020000000001,2098.11826798004
76.3030000000001,2098.41634003021
76.3040000000001,2099.10948559126
76.3050000000001,2100.05615182597
76.306,2100.78390829318
76.307,2099.19444581836
76.3080000000002,2097.68161710292
76.3090000000002,2096.4284422154
76.3100000000002,2095.5904081814
76.3110000000001,2095.28241036334
76.3120000000001,2095.21400479149
76.3130000000001,2093.51366344193
76.3140000000001,2092.62721985927
76.3150000000001,2092.69823328728
76.316,2093.7423095385
76.317,2095.65302082654
76.3180000000002,2097.82745251497
76.3190000000002,2098.17675877393
76.3200000000002,2098.88588566146
76.3210000000001,2099.8986832462
76.3220000000001,2101.11802782905
76.3230000000001,2102.42913665112
76.3240000000001,2103.28517287704
76.325,2101.85442776842
76.326,2100.57392047267
76.3270000000002,2099.66139788552
76.3280000000002,2099.27642602652
76.3290000000002,2099.51129608644
76.3300000000002,2099.91270846962
76.3310000000001,2098.77510014122
76.3320000000001,2098.49499728689
76.3330000000001,2099.19082178507
76.3340000000001,2100.87853492011
76.335,2103.49198345688
76.336,2106.39142419677
76.3370000000002,2107.83035579489
76.3380000000002,2110.09343267568
76.3390000000002,2113.23824407197
76.3400000000001,2117.23001711849
76.3410000000001,2121.94436178893
76.3420000000001,2126.62777009839
76.3430000000001,2129.51566832408
76.3440000000001,2132.70952843175
76.345,2136.13479284727
76.346,2139.6485458991
76.3470000000002,2143.06958032174
76.3480000000002,2145.63090837944
76.3490000000002,2145.76021110041
76.3500000000001,2145.6770803905
76.3510000000001,2145.55473914531
76.3520000000001,2145.52681073956
76.3530000000001,2145.6731833494
76.354,2145.39842724361
76.355,2143.32984167863
76.3560000000002,2141.65235511904
76.3570000000002,2140.47182583064
76.3580000000002,2139.79096176369
76.3590000000002,2139.5279153856
76.3600000000001,2138.89211259971
76.3610000000001,2136.46027513146
76.3620000000001,2134.31974834276
76.3630000000001,2132.57241895531
76.364,2131.26533459351
76.365,2130.38671669867
76.3660000000002,2129.17514632014
76.3670000000002,2126.32503559063
76.3680000000002,2123.92714034594
76.3690000000001,2122.08574328698
76.3700000000001,2120.83519556026
76.3710000000001,2120.14954592157
76.3720000000001,2119.22352482923
76.373,2116.83316602288
76.374,2115.06604005901
76.375,2114.05209192297
76.3760000000002,2113.82917106209
76.3770000000002,2114.33234129275
76.3780000000002,2114.62314182579
76.3790000000001,2113.40789104277
76.3800000000001,2112.57747430982
76.3810000000001,2112.09976996582
76.3820000000001,2111.89620405004
76.383,2111.86585713832
76.384,2111.09356392516
76.3850000000002,2108.52400301594
76.3860000000002,2106.26818409557
76.3870000000002,2104.5728168366
76.3880000000001,2103.61332999445
76.3890000000001,2103.461045217
76.3900000000001,2103.21146146504
76.3910000000001,2101.79537028957
76.3920000000001,2101.06629249088
76.393,2100.96487082849
76.394,2101.33746695722
76.3950000000002,2101.97189480332
76.3960000000002,2101.75302842596
76.3970000000002,2099.66696177998
76.3980000000001,2097.63439784014
76.3990000000001,2095.82727998007
76.4000000000001,2094.39622676601
76.4010000000001,2093.44383854642
76.402,2092.08323386528
76.403,2089.55467695693
76.4040000000002,2087.78203215073
76.4050000000002,2086.85322236634
76.4060000000002,2086.74490021675
76.4070000000002,2087.34500544136
76.4080000000001,2087.53982499284
76.4090000000001,2086.52886837196
76.4100000000001,2086.11638046191
76.4110000000001,2086.40286638544
76.412,2087.44962319902
76.413,2089.27494376661
76.4140000000002,2090.88699995453
76.4150000000002,2091.7020721935
76.4160000000002,2093.51428493468
76.4170000000001,2096.39526373265
76.4180000000001,2100.30282337341
76.4190000000001,2105.09441719123
76.4200000000001,2109.56097033198
76.421,2113.01627065573
76.422,2117.04383845817
76.423,2121.60311660379
76.4240000000002,2126.60230367684
76.4250000000002,2131.91159124771
76.4260000000002,2136.35844203076
76.4270000000001,2139.43638220266
76.4280000000001,2142.78990083321
76.4290000000001,2146.47652947374
76.4300000000001,2150.48051131778
76.431,2154.72058368649
76.432,2158.01672046392
76.4330000000002,2159.95184791733
76.4340000000002,2162.14962405898
76.4350000000002,2164.70684739119
76.4360000000001,2167.67564201861
76.4370000000001,2171.06784635174
76.4380000000001,2173.77460223678
76.4390000000001,2175.54213004871
76.4400000000001,2177.98903682354
76.441,2181.16637113439
76.442,2184.98042931719
76.4430000000002,2189.19531388396
76.4440000000002,2192.34580978457
76.4450000000002,2193.89403036689
76.4460000000001,2195.07478171251
76.4470000000001,2195.69189287664
76.4480000000001,2195.56268569529
76.4490000000001,2194.56272436465
76.45,2191.51399062407
76.451,2186.45227276657
76.4520000000002,2181.18693479311
76.4530000000002,2176.14647632556
76.4540000000002,2171.67527278136
76.4550000000002,2167.97526871917
76.4560000000001,2163.84473674381
76.4570000000001,2159.12501314571
76.4580000000001,2155.13616263106
76.4590000000001,2151.62963202743
76.46,2148.19174180106
76.461,2144.30673104084
76.4620000000002,2138.02339290933
76.4630000000002,2128.893182477
76.4640000000002,2118.47176819833
76.4650000000001,2107.02385983129
76.4660000000001,2094.93574481979
76.4670000000001,2082.63783766073
76.4680000000001,2068.77977741993
76.4690000000001,2053.6546474531
76.47,2039.6935937387
76.471,2027.57970077692
76.4720000000002,2017.78180188057
76.4730000000002,2010.45097411243
76.4740000000002,2003.56023083879
76.4750000000001,1996.63267631471
76.4760000000001,1991.07530861929
76.4770000000001,1986.62279434979
76.4780000000001,1983.00349479359
76.479,1979.97528285766
76.48,1975.94950840584
76.4810000000002,1971.10215972163
76.4820000000002,1966.89258782891
76.4830000000002,1963.50544037697
76.4840000000002,1961.05837499796
76.4850000000001,1959.58458334705
76.4860000000001,1958.21254092178
76.4870000000001,1957.33320179013
76.4880000000001,1957.47789192966
76.489,1958.16009896441
76.49,1958.82089038791
76.4910000000002,1959.00442480674
76.4920000000002,1957.83184081604
76.4930000000002,1956.00697355989
76.4940000000001,1954.39242599702
76.4950000000001,1953.09361812798
76.4960000000001,1952.0892246371
76.4970000000001,1951.22850424155
76.498,1949.34022407053
76.499,1946.78394906264
76.5,1944.10880935741
76.5010000000002,1941.03082629573
76.5020000000002,1937.38476949812
76.5030000000002,1933.26521010027
76.5040000000001,1927.70409129777
76.5050000000001,1922.13670551528
76.5060000000001,1918.78392407065
76.5070000000001,1918.7452084451
76.508,1922.81173756401
76.509,1931.31456543125
76.5100000000002,1942.48767776591
76.5110000000002,1956.58278789356
76.5120000000002,1974.44796303774
76.5130000000001,1996.0768405974
76.5140000000001,2022.03749678962
76.5150000000001,2053.71188415592
76.5160000000001,2091.77957827014
76.5170000000001,2139.97567020055
76.518,2202.73766371366
76.519,2283.02326041076
76.5200000000002,2382.6123445479
76.5210000000002,2501.49283052394
76.5220000000002,2635.93673537937
76.5230000000001,2782.40822637722
76.5240000000001,2935.75242710156
76.5250000000001,3088.45245174437
76.5260000000001,3232.34604998244
76.527,3359.44668610708
76.528,3461.08345515992
76.5290000000002,3532.43997735812
76.5300000000002,3570.45573106599
76.5310000000002,3572.51280896857
76.5320000000002,3537.02723245446
76.5330000000001,3463.11657655117
76.5340000000001,3348.78822130918
76.5350000000001,3195.13252916878
76.5360000000001,3004.15324578722
76.537,2778.13471059676
76.538,2520.97585088263
76.5390000000002,2238.56905161724
76.5400000000002,1937.30291630631
76.5410000000002,1628.09597495491
76.5420000000001,1323.14137569698
76.5430000000001,1034.00832350191
76.5440000000001,771.300530598391
76.5450000000001,543.571503816429
76.546,354.894645845079
76.547,208.915329010004
76.548,106.23771224705
76.5490000000002,44.2957451073107
76.5500000000002,19.0664192858699
76.5510000000002,26.1121298968414
76.5520000000001,59.8110854791529
76.5530000000001,118.484155798318
76.5540000000001,201.508315382385
76.5550000000001,308.346164921985
76.556,438.593198838446
76.557,591.140023459097
76.5580000000002,761.719638713999
76.5590000000002,947.110599432879
76.5600000000002,1141.88346663911
76.5610000000001,1338.3076244863
76.5620000000001,1527.81162153037
76.5630000000001,1701.96638356012
76.5640000000001,1851.77186035952
76.5650000000001,1973.27833141486
76.566,2064.70449871336
76.567,2126.18893306116
76.5680000000002,2160.14877689959
76.5690000000002,2170.67739131169
76.5700000000002,2161.02143109879
76.5710000000001,2137.78740300609
76.5720000000001,2106.70324572195
76.5730000000001,2071.9976332834
76.5740000000001,2036.85164050365
76.575,2003.42771534893
76.576,1971.18799783345
76.5770000000002,1942.41666660731
76.5780000000002,1918.42537237354
76.5790000000002,1899.65178757994
76.5800000000002,1886.33656757229
76.5810000000001,1878.50547674819
76.5820000000001,1873.83347424136
76.5830000000001,1873.68018847964
76.5840000000001,1878.16657447731
76.585,1886.41591709056
76.586,1897.3254200398
76.5870000000002,1909.70433854798
76.5880000000002,1919.95522510954
76.5890000000002,1929.55300685706
76.5900000000001,1938.7146339134
76.5910000000001,1946.97669149318
76.5920000000001,1953.96623908078
76.5930000000001,1959.41255706269
76.5940000000001,1960.65006216638
76.595,1960.16411468683
76.596,1958.88623834887
76.5970000000002,1956.96656212581
76.5980000000002,1954.53272173959
76.5990000000002,1951.75438380508
76.6000000000001,1946.85407337876
76.6010000000001,1942.05151669841
76.6020000000001,1938.48931808824
76.6030000000001,1936.69248265116
76.604,1936.95374902959
76.605,1939.25732853672
76.6060000000002,1941.85392786536
76.6070000000002,1945.08828600293
76.6080000000002,1948.83100922814
76.6090000000002,1952.68126939743
76.6100000000001,1956.24444671413
76.6110000000001,1959.13533992657
76.6120000000001,1959.73955100169
76.6130000000001,1958.53857496882
76.614,1956.04121332141
76.615,1952.80403906306
76.6160000000002,1949.4887893593
76.6170000000002,1946.69751581834
76.6180000000002,1943.2963052302
76.6190000000001,1940.66157127526
76.6200000000001,1939.40595002497
76.6210000000001,1939.76031944772
76.6220000000001,1941.77852653698
76.623,1945.30795961554
76.624,1947.9349329217
76.625,1951.15246711778
76.6260000000002,1955.07151339378
76.6270000000002,1959.45864921352
76.6280000000002,1964.07639766972
76.6290000000001,1968.68827603651
76.6300000000001,1970.78972821007
76.6310000000001,1972.51477008296
76.6320000000001,1974.33568035478
76.633,1976.38674158969
76.634,1978.76584652029
76.6350000000002,1981.51496743281
76.6360000000002,1982.38513008835
76.6370000000002,1983.57743034831
76.6380000000001,1985.53319274814
76.6390000000001,1988.30300932976
76.6400000000001,1991.78550946842
76.6410000000001,1995.71094117173
76.6420000000001,1997.43119901933
76.643,1998.73048365082
76.644,1999.64336119703
76.6450000000002,1999.98784404818
76.6460000000002,1999.62254103771
76.6470000000002,1998.46273076791
76.6480000000001,1994.18849840395
76.6490000000001,1989.29625933511
76.6500000000001,1984.49363511474
76.6510000000001,1980.3081616153
76.652,1977.2054227788
76.653,1975.50974161937
76.6540000000002,1973.00103626276
76.6550000000002,1972.14101231144
76.6560000000002,1973.19721650025
76.6570000000002,1976.09330154027
76.6580000000001,1980.59181727544
76.6590000000001,1986.32321837104
76.6600000000001,1990.45848277851
76.6610000000001,1995.10860979194
76.662,2000.29133799535
76.663,2005.90982120758
76.6640000000002,2011.85760070222
76.6650000000002,2017.98920966901
76.6660000000002,2021.68986595943
76.6670000000001,2025.39678531869
76.6680000000001,2029.30622138819
76.6690000000001,2033.49430827008
76.6700000000001,2037.99597773278
76.671,2042.79242869078
76.672,2045.34820127805
76.673,2048.32660213168
76.6740000000002,2052.01237794312
76.6750000000002,2056.57305003791
76.6760000000002,2062.07089681714
76.6770000000001,2068.42110657776
76.6780000000001,2072.88941746667
76.6790000000001,2077.91602746986
76.6800000000001,2083.37977246436
76.681,2089.04053409733
76.682,2094.57374877706
76.6830000000002,2099.55473919448
76.6840000000002,2101.16636703245
76.6850000000002,2101.81387274964
76.6860000000001,2101.56121807736
76.6870000000001,2100.52081325311
76.6880000000001,2098.85113226866
76.6890000000001,2096.65311041883
76.6900000000001,2091.76489156723
76.691,2087.11807210662
76.692,2083.23757557262
76.6930000000002,2080.57757883148
76.6940000000002,2079.49851215971
76.6950000000002,2080.11656473021
76.6960000000001,2080.23019982972
76.6970000000001,2082.50465630113
76.6980000000001,2087.07143424012
76.6990000000001,2093.85840337031
76.7,2102.58735784067
76.701,2112.61831034368
76.7020000000002,2121.04303663844
76.7030000000002,2129.8106510979
76.7040000000002,2138.44370317786
76.7050000000002,2146.43250703333
76.7060000000001,2153.29115922846
76.7070000000001,2158.40180964498
76.7080000000001,2159.24559214316
76.7090000000001,2158.3673630675
76.71,2156.11034065777
76.711,2152.91567989383
76.7120000000002,2149.27774368087
76.7130000000002,2145.44381739656
76.7140000000002,2139.68381610053
76.7150000000001,2134.99289468299
76.7160000000001,2131.90429219366
76.7170000000001,2130.74266455028
76.7180000000001,2131.60032781769
76.7190000000001,2134.05135702143
76.72,2135.63900596271
76.721,2138.50800120427
76.7220000000002,2142.40049508354
76.7230000000002,2146.98161156506
76.7240000000002,2151.88119549055
76.7250000000001,2156.39987701436
76.7260000000001,2158.12082629042
76.7270000000001,2159.43194214998
76.7280000000001,2160.46488346443
76.729,2161.36071531766
76.73,2162.23336262391
76.7310000000002,2162.75818757144
76.7320000000002,2160.85380065896
76.7330000000002,2159.10378437622
76.7340000000002,2157.69040959261
76.7350000000001,2156.69657587624
76.7360000000001,2156.10741751798
76.7370000000001,2155.40322629186
76.7380000000001,2152.44965423819
76.739,2149.69438061143
76.74,2147.26322970801
76.7410000000002,2145.23508125345
76.7420000000002,2143.63665563341
76.7430000000002,2141.98714800521
76.7440000000001,2138.35665285361
76.7450000000001,2135.24272620393
76.7460000000001,2132.85354978494
76.7470000000001,2131.34251076101
76.748,2130.80773559278
76.749,2130.80328228439
76.75,2129.56098876421
76.7510000000002,2129.58472028316
76.7520000000002,2131.09972593485
76.7530000000002,2134.2215842686
76.7540000000001,2138.93843600182
76.7550000000001,2144.57540297254
76.7560000000001,2149.1766241024
76.7570000000001,2154.90535325513
76.758,2161.6755590585
76.759,2169.32566679026
76.7600000000002,2177.63959783232
76.7610000000002,2185.79875051698
76.7620000000002,2191.94114320801
76.7630000000001,2198.33066440998
76.7640000000001,2205.08182162586
76.7650000000001,2212.27507821824
76.7660000000001,2219.93289045353
76.7670000000001,2227.38360284044
76.768,2232.95248481044
76.769,2238.90022273623
76.7700000000002,2245.24694609216
76.7710000000002,2251.90294759995
76.7720000000002,2258.69187479911
76.7730000000001,2264.73513273351
76.7740000000001,2268.36306174722
76.7750000000001,2271.86483168391
76.7760000000001,2275.50327173377
76.777,2279.60182959778
76.778,2284.52763175481
76.7790000000002,2289.96137317537
76.7800000000002,2294.86517458343
76.7810000000002,2301.88719720574
76.7820000000002,2311.42319825545
76.7830000000001,2323.58434484479
76.7840000000001,2338.14539581687
76.7850000000001,2353.80254333953
76.7860000000001,2368.40172791919
76.787,2383.22356200693
76.788,2397.39399321878
76.7890000000002,2410.0105212618
76.7900000000002,2420.25778346362
76.7910000000002,2426.73595982735
76.7920000000001,2427.88000478818
76.7930000000001,2425.92514018952
76.7940000000001,2421.33888478305
76.7950000000001,2414.71312215536
76.796,2406.66821396548
76.797,2396.94974914585
76.798,2384.88029644708
76.7990000000002,2373.08358846163
76.8000000000002,2362.0648663089
76.8010000000002,2352.17360768837
76.8020000000001,2343.63575166939
76.8030000000001,2335.73089677568
76.8040000000001,2327.49347117212
76.8050000000001,2321.26656434384
76.806,2317.38361450695
76.807,2316.02736016736
76.8080000000002,2317.16887199246
76.8090000000002,2319.63251211569
76.8100000000002,2321.92453587158
76.8110000000001,2325.55228222338
76.8120000000001,2329.99148675486
76.8130000000001,2334.63859499434
76.8140000000001,2338.90377269593
76.8150000000001,2341.36882612733
76.816,2340.84764284232
76.817,2339.41389438904
76.8180000000002,2337.45196552425
76.8190000000002,2335.40652124536
76.8200000000002,2333.68740266602
76.8210000000001,2331.60372251327
76.8220000000001,2328.48513777778
76.8230000000001,2326.44610738478
76.8240000000001,2325.58051141783
76.825,2325.81091850212
76.826,2326.94545742423
76.8270000000002,2327.70936998694
76.8280000000002,2327.16655885222
76.8290000000002,2327.31500844646
76.8300000000002,2328.35128976703
76.8310000000001,2330.42439464675
76.8320000000001,2333.57299831258
76.8330000000001,2336.59194128506
76.8340000000001,2338.55160523619
76.835,2341.11042617664
76.836,2343.96079100825
76.8370000000002,2346.66162167075
76.8380000000002,2348.71513233002
76.8390000000002,2348.54005434134
76.8400000000001,2345.27014416783
76.8410000000001,2340.82794236975
76.8420000000001,2335.53851164063
76.8430000000001,2329.83743630477
76.8440000000001,2324.21778905569
76.845,2317.99929453345
76.846,2311.18608856016
76.8470000000002,2306.1796630067
76.8480000000002,2303.44920650435
76.8490000000002,2303.22875981659
76.8500000000001,2305.5168507316
76.8510000000001,2308.87046958079
76.8520000000001,2312.58563751334
76.8530000000001,2318.26257834568
76.854,2325.64747286466
76.855,2334.38349874882
76.8560000000002,2344.03699582105
76.8570000000002,2352.86063987085
76.8580000000002,2360.10062788614
76.8590000000002,2367.25773227551
76.8600000000001,2374.10427490236
76.8610000000001,2380.35306524981
76.8620000000001,2385.67205082485
76.8630000000001,2388.42972730844
76.864,2388.14434677234
76.865,2386.51435179096
76.8660000000002,2383.67872162449
76.8670000000002,2379.82410231729
76.8680000000002,2375.18660241522
76.8690000000001,2368.71986481006
76.8700000000001,2360.65910017791
76.8710000000001,2353.25319360113
76.8720000000001,2347.10702408268
76.873,2342.68240507423
76.874,2340.25004949502
76.875,2338.48986901284
76.8760000000002,2337.25846944852
76.8770000000002,2338.11621273764
76.8780000000002,2340.90064562165
76.8790000000001,2345.29665060195
76.8800000000001,2350.88501757565
76.8810000000001,2355.78024897904
76.8820000000001,2359.6030711176
76.883,2363.7552669433
76.884,2368.12665649358
76.8850000000002,2372.55758149058
76.8860000000002,2376.81371621086
76.8870000000002,2379.11759165616
76.8880000000001,2379.26160634567
76.8890000000001,2378.63932296427
76.8900000000001,2377.14893184007
76.8910000000001,2374.68009854209
76.8920000000001,2371.15531679522
76.893,2365.0570353401
76.894,2356.75662160304
76.8950000000002,2348.2729507345
76.8960000000002,2340.24113241229
76.8970000000002,2333.26665638358
76.8980000000001,2327.84799992222
76.8990000000001,2322.75088056493
76.9000000000001,2318.44937771161
76.9010000000001,2316.59819125962
76.902,2317.19822990585
76.903,2320.0005882612
76.9040000000002,2324.54628310686
76.9050000000002,2328.65288180354
76.9060000000002,2332.07935904864
76.9070000000002,2335.82106555814
76.9080000000001,2339.53270397271
76.9090000000001,2342.87101897025
76.9100000000001,2345.50608940392
76.9110000000001,2345.54608649
76.912,2343.27797104769
76.913,2340.16588969005
76.9140000000002,2336.45012051626
76.9150000000002,2332.41311637243
76.9160000000002,2328.36884050695
76.9170000000001,2323.04058188518
76.9180000000001,2317.38746703258
76.9190000000001,2313.24600131174
76.9200000000001,2311.07614654732
76.921,2311.12725424767
76.922,2313.40258674951
76.923,2316.02477638941
76.9240000000002,2319.26264543698
76.9250000000002,2323.98035435958
76.9260000000002,2329.69655971393
76.9270000000001,2335.83913846117
76.9280000000001,2341.82906653675
76.9290000000001,2345.50629533929
76.9300000000001,2347.31400283239
76.931,2348.48555125464
76.932,2349.20668090184
76.9330000000002,2349.70527524238
76.9340000000002,2350.20429514185
76.9350000000002,2349.20723901327
76.9360000000001,2347.70107273541
76.9370000000001,2347.0802150445
76.9380000000001,2347.49280749518
76.9390000000001,2348.92663760571
76.9400000000001,2351.24191700023
76.941,2352.52235705348
76.942,2353.51103387054
76.9430000000002,2355.34730009423
76.9440000000002,2358.11794103874
76.9450000000002,2361.89319761906
76.9460000000001,2366.71300060147
76.9470000000001,2370.82559397617
76.9480000000001,2375.20171576306
76.9490000000001,2380.92731568456
76.95,2387.86445368985
76.951,2395.63818051204
76.9520000000002,2403.65988305515
76.9530000000002,2409.42264855883
76.9540000000002,2413.27463828514
76.9550000000002,2415.72164705633
76.9560000000001,2416.38349838962
76.9570000000001,2415.02892006994
76.9580000000001,2411.62781237288
76.9590000000001,2404.57508530545
76.96,2395.45771001258
76.961,2385.98033532444
76.9620000000002,2376.87159511357
76.9630000000002,2368.67030665343
76.9640000000002,2361.62674819223
76.9650000000001,2353.71691153726
76.9660000000001,2345.85436129258
76.9670000000001,2338.6431142776
76.9680000000001,2331.56660338179
76.9690000000001,2324.00594268386
76.97,2315.35402134201
76.971,2302.87451883404
76.9720000000002,2287.8005059272
76.9730000000002,2271.57863184282
76.9740000000002,2254.90369465016
76.9750000000001,2238.55878008945
76.9760000000001,2223.25631626855
76.9770000000001,2206.83125030123
76.9780000000001,2191.22958842707
76.979,2178.08885838918
76.98,2167.75139816451
76.9810000000002,2160.25899154558
76.9820000000002,2155.3259254761
76.9830000000002,2149.78311190916
76.9840000000002,2144.59680952222
76.9850000000001,2140.41393850151
76.9860000000001,2136.97400322534
76.9870000000001,2134.08648828203
76.9880000000001,2131.6247634541
76.989,2127.66742317279
76.99,2123.67216470649
76.9910000000002,2120.38249079314
76.9920000000002,2117.68941604234
76.9930000000002,2115.33160067646
76.9940000000001,2112.96107715335
76.9950000000001,2109.19765161143
76.9960000000001,2105.03853699335
76.9970000000001,2100.62016709685
76.998,2095.65310111315
76.999,2089.9945453711
77,2083.77649446463
77.0010000000002,2076.53820275142
77.0020000000002,2070.25242906165
77.0030000000002,2065.890968135
77.0040000000001,2063.72963123064
77.0050000000001,2063.64146353157
77.0060000000001,2065.10414079066
77.0070000000001,2066.00067319994
77.008,2066.83930625171
77.009,2067.07755138465
77.0100000000002,2065.85559508044
77.0110000000002,2062.70391400111
77.0120000000002,2057.75965057816
77.0130000000001,2049.91149030937
77.0140000000001,2042.50802421858
77.0150000000001,2038.14953189973
77.0160000000001,2038.84560466129
77.0170000000001,2046.19032926647
77.018,2061.08651929073
77.019,2081.41689244485
77.0200000000002,2108.69062714955
77.0210000000002,2142.78218545149
77.0220000000002,2182.98203222198
77.0230000000001,2228.97803051704
77.0240000000001,2281.19657029624
77.0250000000001,2338.81109789993
77.0260000000001,2405.93370333818
77.027,2485.63855295181
77.028,2580.0941166525
77.0290000000002,2690.31344449173
77.0300000000002,2815.51513740058
77.0310000000002,2950.67042154743
77.0320000000002,3092.65209596315
77.0330000000001,3234.99750021396
77.0340000000001,3369.47341505535
77.0350000000001,3487.35880263873
77.0360000000001,3580.35283858189
77.037,3639.28218487474
77.038,3660.90684734312
77.0390000000002,3642.44761672597
77.0400000000002,3582.50935886923
77.0410000000002,3481.15431296967
77.0420000000001,3339.54004576433
77.0430000000001,3157.54278224749
77.0440000000001,2940.04929064157
77.0450000000001,2691.25724714168
77.046,2416.08709656817
77.047,2120.8127840592
77.048,1813.23276387987
77.0490000000002,1500.4787608624
77.0500000000002,1195.03014729822
77.0510000000002,907.997295156202
77.0520000000001,649.407386892352
77.0530000000001,427.460739928229
77.0540000000001,247.658964839025
77.0550000000001,110.196446859103
77.056,16.4565958535642
77.057,-36.572564815256
77.0580000000002,-53.9606753886131
77.0590000000002,-41.4238378473839
77.0600000000002,-4.20018157560394
77.0610000000001,51.6744237311713
77.0620000000001,126.374358663586
77.0630000000001,219.896430958526
77.0640000000001,332.988726096585
77.0650000000001,466.447001078297
77.066,620.103169043761
77.067,789.84122444103
77.0680000000002,973.816273636136
77.0690000000002,1166.07061344821
77.0700000000002,1358.72440691494
77.0710000000001,1543.07476980117
77.0720000000001,1710.6993511165
77.0730000000001,1852.37563554487
77.0740000000001,1965.66021492622
77.075,2048.76033938235
77.076,2102.32076518375
77.0770000000002,2129.17186784034
77.0780000000002,2133.64664145272
77.0790000000002,2118.59742073938
77.0800000000002,2091.5592579942
77.0810000000001,2057.39424582481
77.0820000000001,2019.9155778451
77.0830000000001,1981.94228540813
77.0840000000001,1945.42618495598
77.085,1909.34876173217
77.086,1877.40246787828
77.0870000000002,1850.67670817094
77.0880000000002,1829.95733229485
77.0890000000002,1815.78182390001
77.0900000000001,1808.33744495273
77.0910000000001,1804.71659799845
77.0920000000001,1807.40144727957
77.0930000000001,1815.42610417175
77.0940000000001,1827.29156174261
77.095,1841.25266114895
77.096,1855.57091021277
77.0970000000002,1865.72272860251
77.0980000000002,1874.51884565086
77.0990000000002,1881.48975284652
77.1000000000001,1886.39595759571
77.1010000000001,1889.22505305709
77.1020000000001,1890.08013945547
77.1030000000001,1886.39809972234
77.104,1882.06043275791
77.105,1877.44461641522
77.1060000000002,1872.69271039003
77.1070000000002,1867.8168245908
77.1080000000002,1862.73586673802
77.1090000000002,1855.44386434031
77.1100000000001,1848.53096926685
77.1110000000001,1842.53891101516
77.1120000000001,1837.97453138768
77.1130000000001,1835.21257623724
77.114,1834.33680288901
77.115,1833.82434296713
77.1160000000002,1834.53752315119
77.1170000000002,1836.25904893308
77.1180000000002,1838.68126490737
77.1190000000001,1841.39988419804
77.1200000000001,1843.84607876332
77.1210000000001,1844.20103647822
77.1220000000001,1843.05607717205
77.123,1840.45003710616
77.124,1836.66153861955
77.125,1832.11720593104
77.1260000000002,1827.15682455483
77.1270000000002,1820.69485681236
77.1280000000002,1814.5687959183
77.1290000000001,1809.32013524729
77.1300000000001,1805.37941386891
77.1310000000001,1803.00061562466
77.1320000000001,1802.01286195018
77.133,1800.4010085643
77.134,1800.09064259288
77.1350000000002,1800.90827705375
77.1360000000002,1802.61863711649
77.1370000000002,1804.99101221057
77.1380000000001,1807.58093549936
77.1390000000001,1808.38552037921
77.1400000000001,1809.88686486369
77.1410000000001,1812.3162834109
77.1420000000001,1815.81878079209
77.143,1820.42014994615
77.144,1825.71676489477
77.1450000000002,1829.67883005888
77.1460000000002,1834.27989185952
77.1470000000002,1839.29026736793
77.1480000000001,1844.37601209327
77.1490000000001,1849.16039059056
77.1500000000001,1852.97464254886
77.1510000000001,1853.87092934038
77.152,1853.92146202416
77.153,1853.337393049
77.1540000000002,1852.379498787
77.1550000000002,1851.31551329911
77.1560000000002,1850.02321988448
77.1570000000002,1847.03845814023
77.1580000000001,1844.64447749536
77.1590000000001,1843.02783012969
77.1600000000001,1842.22174305384
77.1610000000001,1842.13346261582
77.162,1842.20026907083
77.163,1840.65942209697
77.1640000000002,1839.53656665872
77.1650000000002,1838.91355823036
77.1660000000002,1838.8620771664
77.1670000000001,1839.43772135306
77.1680000000001,1840.24997249587
77.1690000000001,1839.80608063248
77.1700000000001,1840.20162589305
77.171,1841.5319826755
77.172,1843.76423020347
77.173,1846.74804571993
77.1740000000002,1849.79787929681
77.1750000000002,1851.22914739499
77.1760000000002,1852.88404684122
77.1770000000001,1854.76458835321
77.1780000000001,1856.88445110546
77.1790000000001,1859.27743937379
77.1800000000001,1861.51502813593
77.181,1862.32404431059
77.182,1863.84421525476
77.1830000000002,1866.31399862125
77.1840000000002,1869.83983410928
77.1850000000002,1874.3726135749
77.1860000000001,1879.19971050709
77.1870000000001,1882.73743800769
77.1880000000001,1886.57782128213
77.1890000000001,1890.46511987264
77.1900000000001,1894.09905630046
77.191,1897.19132061639
77.192,1898.98719367609
77.1930000000002,1898.20960334965
77.1940000000002,1896.83745823298
77.1950000000002,1895.20827785863
77.1960000000001,1893.67542074645
77.1970000000001,1892.55733416139
77.1980000000001,1891.52724418434
77.1990000000001,1889.6164623001
77.2,1888.76246115316
77.201,1889.04809431988
77.2020000000002,1890.38607268497
77.2030000000002,1892.55354386276
77.2040000000002,1894.64396641675
77.2050000000002,1895.29564274173
77.2060000000001,1896.12852151603
77.2070000000001,1897.11068260125
77.2080000000001,1898.21855340827
77.2090000000001,1899.43240005209
77.21,1900.0897996137
77.211,1899.18691303151
77.2120000000002,1898.58929835556
77.2130000000002,1898.43970841982
77.2140000000002,1898.79306513465
77.2150000000001,1899.61978113546
77.2160000000001,1900.14515955715
77.2170000000001,1899.31214574195
77.2180000000001,1898.84953312576
77.2190000000001,1898.79802570402
77.22,1899.13064814007
77.221,1899.75597762657
77.2220000000002,1899.81258114109
77.2230000000002,1898.26634500719
77.2240000000002,1896.85151177898
77.2250000000001,1895.67487614489
77.2260000000001,1894.82944242778
77.2270000000001,1894.39445910885
77.2280000000001,1893.66919156311
77.229,1891.8761281661
77.23,1890.90880609909
77.2310000000002,1890.95869081152
77.2320000000002,1892.06759436405
77.2330000000002,1894.09852986094
77.2340000000002,1895.93141852991
77.2350000000001,1896.34803524708
77.2360000000001,1896.66640665017
77.2370000000001,1896.56819212159
77.2380000000001,1895.73252244306
77.239,1893.89377178327
77.24,1890.052393724
77.2410000000002,1883.50765763925
77.2420000000002,1876.23653949468
77.2430000000002,1868.74459427683
77.2440000000001,1861.54731212907
77.2450000000001,1855.09489875583
77.2460000000001,1848.83420443964
77.2470000000001,1842.31613484647
77.248,1837.34138247344
77.249,1833.97968680018
77.25,1832.11289154203
77.2510000000002,1831.47795774122
77.2520000000002,1830.81910756022
77.2530000000002,1829.24739848862
77.2540000000001,1828.22763034519
77.2550000000001,1827.75653177214
77.2560000000001,1827.85168845962
77.2570000000001,1828.53280041982
77.258,1828.86803650668
77.259,1828.37675375139
77.2600000000002,1828.70362649552
77.2610000000002,1829.9372854232
77.2620000000002,1832.04697447522
77.2630000000001,1834.89173119588
77.2640000000001,1837.29099326866
77.2650000000001,1838.62425548475
77.2660000000001,1840.33667995927
77.2670000000001,1842.458180669
77.268,1845.02231530751
77.269,1848.07015832426
77.2700000000002,1850.65885764755
77.2710000000002,1852.5575419757
77.2720000000002,1855.48985295642
77.2730000000001,1859.73636391917
77.2740000000001,1865.48172809018
77.2750000000001,1872.79170573902
77.2760000000001,1880.57780500332
77.277,1888.43960366205
77.278,1897.72238920422
77.2790000000002,1908.28623108447
77.2800000000002,1919.86262168017
77.2810000000002,1932.07587502057
77.2820000000002,1943.41677515171
77.2830000000001,1953.26569232545
77.2840000000001,1962.77663458892
77.2850000000001,1971.79472759296
77.2860000000001,1980.18422234712
77.287,1987.83411281426
77.288,1993.57208702335
77.2890000000002,1997.2722066066
77.2900000000002,2000.47249578565
77.2910000000002,2003.39481295648
77.2920000000001,2006.19374005997
77.2930000000001,2008.93673214817
77.2940000000001,2010.48210769108
77.2950000000001,2010.73325332011
77.296,2011.06972017153
77.297,2011.55044583065
77.298,2012.16722912824
77.2990000000002,2012.85781295925
77.3000000000002,2012.37314127382
77.3010000000002,2010.66881918378
77.3020000000001,2009.11648025551
77.3030000000001,2007.82437429987
77.3040000000001,2006.82734833463
77.3050000000001,2006.07297253221
77.306,2004.2512778055
77.307,2001.28499795206
77.3080000000002,1998.35975878801
77.3090000000002,1995.43207361065
77.3100000000002,1992.403582774
77.3110000000001,1989.14080559184
77.3120000000001,1984.30285119738
77.3130000000001,1977.97537243904
77.3140000000001,1971.51026543047
77.3150000000001,1965.15160893127
77.316,1959.1380802847
77.317,1953.67408882349
77.3180000000002,1947.66569250752
77.3190000000002,1941.45463274296
77.3200000000002,1936.42756779261
77.3210000000001,1932.74735374256
77.3220000000001,1930.43524241265
77.3230000000001,1929.36991700581
77.3240000000001,1928.03319092862
77.325,1926.44283406249
77.326,1925.60759353197
77.3270000000002,1925.4370522195
77.3280000000002,1925.8262097245
77.3290000000002,1926.66450133891
77.3300000000002,1926.53840447283
77.3310000000001,1925.76524519855
77.3320000000001,1925.57976297558
77.3330000000001,1926.1308841058
77.3340000000001,1927.48372540945
77.335,1929.59228680516
77.336,1930.95156400751
77.3370000000002,1931.78890129318
77.3380000000002,1933.05275094116
77.3390000000002,1934.59339402282
77.3400000000001,1936.19551588326
77.3410000000001,1937.60823912606
77.3420000000001,1937.19559378884
77.3430000000001,1935.33964251681
77.3440000000001,1933.17535802959
77.345,1930.87122649158
77.346,1928.60168151069
77.3470000000002,1926.52188565486
77.3480000000002,1923.313527414
77.3490000000002,1919.71697747523
77.3500000000001,1916.97598508929
77.3510000000001,1915.23212966845
77.3520000000001,1914.48665472706
77.3530000000001,1914.60762626114
77.354,1913.8890135992
77.355,1912.7872727835
77.3560000000002,1912.1917730441
77.3570000000002,1912.00436106357
77.3580000000002,1912.0999114544
77.3590000000002,1912.34466130634
77.3600000000001,1911.11814987017
77.3610000000001,1909.16000643642
77.3620000000001,1907.59157460756
77.3630000000001,1906.59983725962
77.364,1906.32353393826
77.365,1906.83738171985
77.3660000000002,1906.61286186432
77.3670000000002,1906.49594418897
77.3680000000002,1907.5203262626
77.3690000000001,1909.73440635676
77.3700000000001,1913.07006732109
77.3710000000001,1917.3475528467
77.3720000000001,1920.71965151703
77.373,1923.8247004952
77.374,1927.42353333494
77.375,1931.37452560864
77.3760000000002,1935.48191992186
77.3770000000002,1939.50549605165
77.3780000000002,1941.57506542403
77.3790000000001,1942.45609734173
77.3800000000001,1942.9983680843
77.3810000000001,1943.2352182855
77.3820000000001,1943.1779096599
77.383,1942.80878398571
77.384,1940.4530439021
77.3850000000002,1937.14885171394
77.3860000000002,1933.89496119348
77.3870000000002,1930.87921938138
77.3880000000001,1928.22615095386
77.3890000000001,1925.98298294116
77.3900000000001,1922.43554643672
77.3910000000001,1918.66217363114
77.3920000000001,1915.56105343771
77.393,1913.21176626604
77.394,1911.60426354138
77.3950000000002,1910.63523431721
77.3960000000002,1908.3916910707
77.3970000000002,1905.88920427853
77.3980000000001,1903.88671294393
77.3990000000001,1902.39553073376
77.4000000000001,1901.38561662698
77.4010000000001,1900.78165028645
77.402,1898.72702482566
77.403,1896.39546136669
77.4040000000002,1894.58430626011
77.4050000000002,1893.35848521717
77.4060000000002,1892.70209257568
77.4070000000002,1892.5092748053
77.4080000000001,1890.84782115501
77.4090000000001,1888.85618409765
77.4100000000001,1887.18727971889
77.4110000000001,1885.82879306336
77.412,1884.73857605668
77.413,1883.85358646335
77.4140000000002,1881.36779101104
77.4150000000002,1878.65027535911
77.4160000000002,1876.51383816432
77.4170000000001,1875.15458632368
77.4180000000001,1874.7105675287
77.4190000000001,1875.24330848593
77.4200000000001,1875.01249558061
77.421,1875.40345065783
77.422,1877.05688700194
77.423,1879.97531246792
77.4240000000002,1884.06514174855
77.4250000000002,1889.14807836188
77.4260000000002,1893.2555227719
77.4270000000001,1897.63856809084
77.4280000000001,1902.7416632663
77.4290000000001,1908.44285203616
77.4300000000001,1914.55052793811
77.431,1920.80695036102
77.432,1925.15898227181
77.4330000000002,1928.87913438077
77.4340000000002,1932.35847076519
77.4350000000002,1935.50453456295
77.4360000000001,1938.22986964892
77.4370000000001,1940.47707425443
77.4380000000001,1940.47440961624
77.4390000000001,1939.97510902434
77.4400000000001,1939.81294810636
77.441,1940.39182301358
77.442,1942.08060342118
77.4430000000002,1945.16708753902
77.4440000000002,1948.01517060885
77.4450000000002,1952.37264342273
77.4460000000001,1958.69946402596
77.4470000000001,1966.79173870798
77.4480000000001,1976.18715991913
77.4490000000001,1986.20021412885
77.45,1994.17052305386
77.451,2001.00160559016
77.4520000000002,2006.4536671059
77.4530000000002,2010.00118068709
77.4540000000002,2011.27267254052
77.4550000000002,2010.09868335795
77.4560000000001,2004.6787347042
77.4570000000001,1997.14255540438
77.4580000000001,1988.50482056795
77.4590000000001,1979.4711474195
77.46,1970.67181960727
77.461,1962.56687641408
77.4620000000002,1953.41103642119
77.4630000000002,1945.1552463275
77.4640000000002,1938.11868958388
77.4650000000001,1932.05018678808
77.4660000000001,1926.49102896934
77.4670000000001,1920.84464295714
77.4680000000001,1912.15076097913
77.4690000000001,1902.09653177944
77.47,1890.97066732112
77.471,1878.9094269473
77.4720000000002,1866.16131016238
77.4730000000002,1853.00698750751
77.4740000000002,1836.84024434974
77.4750000000001,1820.54307821615
77.4760000000001,1805.15392737708
77.4770000000001,1791.31849358665
77.4780000000001,1779.50321744192
77.479,1769.89244053001
77.48,1759.36298832862
77.4810000000002,1750.32480703978
77.4820000000002,1743.04500642385
77.4830000000002,1737.41181354359
77.4840000000002,1733.21713314172
77.4850000000001,1730.14349714712
77.4860000000001,1725.61911081623
77.4870000000001,1721.43828340432
77.4880000000001,1717.56583185158
77.489,1713.78215056869
77.49,1709.92454608942
77.4910000000002,1705.93525552327
77.4920000000002,1700.82599636444
77.4930000000002,1696.27965225159
77.4940000000001,1692.50106361946
77.4950000000001,1689.47499154812
77.4960000000001,1687.10766965899
77.4970000000001,1685.29357820034
77.498,1683.08977259497
77.499,1681.90324850815
77.5,1681.66345694653
77.5010000000002,1682.10743876504
77.5020000000002,1682.91840120215
77.5030000000002,1683.80307451254
77.5040000000001,1683.56510898187
77.5050000000001,1683.61503034672
77.5060000000001,1683.85403321761
77.5070000000001,1684.09200890835
77.508,1684.18760653048
77.509,1684.13737202314
77.5100000000002,1682.40867033976
77.5110000000002,1681.59392216654
77.5120000000002,1682.4258054843
77.5130000000001,1685.58001802876
77.5140000000001,1691.64229010824
77.5150000000001,1701.05701374332
77.5160000000001,1711.82832228483
77.5170000000001,1726.9418694669
77.518,1747.07879987077
77.519,1773.10081229193
77.5200000000002,1806.17399605095
77.5210000000002,1847.75705030884
77.5220000000002,1897.36032951901
77.5230000000001,1959.37538998822
77.5240000000001,2035.55532750767
77.5250000000001,2126.89196981989
77.5260000000001,2233.25946174856
77.527,2353.09690051639
77.528,2481.49409682483
77.5290000000002,2616.7140306597
77.5300000000002,2753.91801290323
77.5310000000002,2887.73932188966
77.5320000000002,3012.74622972484
77.5330000000001,3123.68267010373
77.5340000000001,3213.93567443338
77.5350000000001,3281.46782921962
77.5360000000001,3322.29985801448
77.537,3332.28605608466
77.538,3306.9969280573
77.5390000000002,3241.73100745436
77.5400000000002,3130.4332143029
77.5410000000002,2972.36060427002
77.5420000000001,2766.96708292388
77.5430000000001,2516.8804432218
77.5440000000001,2228.61627516318
77.5450000000001,1912.57494778832
77.546,1581.0285937488
77.547,1252.51192716351
77.548,943.942248223784
77.5490000000002,670.402073020064
77.5500000000002,443.108636414754
77.5510000000002,267.720834677686
77.5520000000001,142.382979728181
77.5530000000001,63.565016516325
77.5540000000001,21.628208009086
77.5550000000001,4.83471589685036
77.556,1.78253292130326
77.557,3.43092251131507
77.5580000000002,3.51536401457046
77.5590000000002,4.39396386234422
77.5600000000002,10.9607720312409
77.5610000000001,31.0953179546493
77.5620000000001,73.6404133172158
77.5630000000001,145.941194967833
77.5640000000001,250.855899595981
77.5650000000001,390.567465103645
77.566,560.709454934026
77.567,752.791250001471
77.5680000000002,955.557131984266
77.5690000000002,1156.48270622168
77.5700000000002,1342.63540150695
77.5710000000001,1507.04490834774
77.5720000000001,1644.15259361786
77.5730000000001,1751.8201033002
77.5740000000001,1830.91084813792
77.575,1884.10760342478
77.576,1914.0266760822
77.5770000000002,1926.96141699282
77.5780000000002,1926.8111034786
77.5790000000002,1916.52992531453
77.5800000000002,1898.16052476125
77.5810000000001,1872.76629527154
77.5820000000001,1840.11651946203
77.5830000000001,1803.75928785588
77.5840000000001,1765.71862567777
77.585,1728.33443537028
77.586,1694.05939022439
77.5870000000002,1664.68282568557
77.5880000000002,1640.38281039196
77.5890000000002,1624.47861664236
77.5900000000001,1617.13908145755
77.5910000000001,1617.60155897546
77.5920000000001,1624.42009825396
77.5930000000001,1635.2211186296
77.5940000000001,1646.5965801438
77.595,1659.81829541929
77.596,1673.79383610841
77.5970000000002,1687.69750203318
77.5980000000002,1700.98036099166
77.5990000000002,1712.68139395546
77.6000000000001,1721.08582037087
77.6010000000001,1728.92875151197
77.6020000000001,1736.13764838656
77.6030000000001,1742.45905122859
77.604,1747.56922118813
77.605,1750.67987963624
77.6060000000002,1750.41731394789
77.6070000000002,1748.91075354044
77.6080000000002,1746.57213281353
77.6090000000002,1743.83379478106
77.6100000000001,1741.07881191317
77.6110000000001,1738.26045690018
77.6120000000001,1734.57095395389
77.6130000000001,1731.19823226287
77.614,1728.49706697989
77.615,1726.79976128778
77.6160000000002,1726.34240689025
77.6170000000002,1726.89490902993
77.6180000000002,1727.45222494212
77.6190000000001,1728.74805724756
77.6200000000001,1730.829106205
77.6210000000001,1733.71615812891
77.6220000000001,1737.34043141269
77.623,1741.15161879264
77.624,1743.93190372364
77.625,1746.35770025481
77.6260000000002,1748.44725640088
77.6270000000002,1750.30656392223
77.6280000000002,1752.06407921934
77.6290000000001,1753.28021301609
77.6300000000001,1753.04541755367
77.6310000000001,1752.90705518539
77.6320000000001,1753.11016350826
77.633,1753.86904132861
77.634,1755.34360672628
77.6350000000002,1756.93536318539
77.6360000000002,1757.72731986823
77.6370000000002,1759.58537315239
77.6380000000001,1762.59894279029
77.6390000000001,1766.72783851842
77.6400000000001,1771.81185408511
77.6410000000001,1776.87288503879
77.6420000000001,1780.73110471259
77.643,1784.93604205604
77.644,1789.36934258529
77.6450000000002,1793.87963399836
77.6460000000002,1798.30186771015
77.6470000000002,1801.76045656137
77.6480000000001,1803.33779435608
77.6490000000001,1804.72305315589
77.6500000000001,1806.12505580491
77.6510000000001,1807.72718369749
77.652,1809.65193867399
77.653,1811.19115570885
77.6540000000002,1811.56760568425
77.6550000000002,1812.39724966129
77.6560000000002,1813.76651889073
77.6570000000002,1815.68144735388
77.6580000000001,1818.07308455583
77.6590000000001,1820.01781138252
77.6600000000001,1820.69034287086
77.6610000000001,1821.66815766906
77.662,1823.04471644603
77.663,1824.87506796652
77.6640000000002,1827.16185933727
77.6650000000002,1829.01582188789
77.6660000000002,1829.74280710006
77.6670000000001,1830.9436100721
77.6680000000001,1832.72324112313
77.6690000000001,1835.13409339166
77.6700000000001,1838.17622657745
77.671,1840.94036211169
77.672,1842.8251111306
77.673,1845.42192391233
77.6740000000002,1848.85253249788
77.6750000000002,1853.15207763425
77.6760000000002,1858.24955707512
77.6770000000001,1863.07525870545
77.6780000000001,1866.90993164896
77.6790000000001,1871.08468534592
77.6800000000001,1875.50896039468
77.681,1880.05851763755
77.682,1884.59495549766
77.6830000000002,1888.06221898893
77.6840000000002,1889.97621396241
77.6850000000002,1891.89894351899
77.6860000000001,1894.03835807773
77.6870000000001,1896.55198873407
77.6880000000001,1899.50802016128
77.6890000000001,1901.90361137042
77.6900000000001,1903.27673277831
77.691,1904.99097836072
77.692,1906.9991248702
77.6930000000002,1909.1839639574
77.6940000000002,1911.38838474051
77.6950000000002,1912.46249705654
77.6960000000001,1912.04224179153
77.6970000000001,1911.62793368942
77.6980000000001,1911.45345937707
77.6990000000001,1911.73764827297
77.7,1912.64448068047
77.701,1913.23202070593
77.7020000000002,1913.32175042552
77.7030000000002,1914.34220218175
77.7040000000002,1916.34230858011
77.7050000000002,1919.25523204699
77.7060000000001,1922.91647261287
77.7070000000001,1926.03196742583
77.7080000000001,1928.25199166453
77.7090000000001,1930.84149481821
77.71,1933.80060024819
77.711,1937.09046332814
77.7120000000002,1940.61783025333
77.7130000000002,1943.11839481132
77.7140000000002,1944.36633131517
77.7150000000001,1945.65136952681
77.7160000000001,1946.99335940591
77.7170000000001,1948.3707554913
77.7180000000001,1949.72757076168
77.7190000000001,1949.82076601396
77.72,1948.60889934064
77.721,1947.53753924552
77.7220000000002,1946.80771138246
77.7230000000002,1946.55219139089
77.7240000000002,1946.80217361975
77.7250000000001,1946.25539566741
77.7260000000001,1944.82789931805
77.7270000000001,1943.76272093846
77.7280000000001,1943.03567056416
77.729,1942.56657329916
77.73,1942.23838241462
77.7310000000002,1940.6503251134
77.7320000000002,1937.86614064267
77.7330000000002,1935.31035705937
77.7340000000002,1933.22795975684
77.7350000000001,1931.81902121728
77.7360000000001,1931.19177309965
77.7370000000001,1930.02404041488
77.7380000000001,1928.43640791835
77.739,1927.66022463393
77.74,1927.67056661626
77.7410000000002,1928.35158698438
77.7420000000002,1929.51815385466
77.7430000000002,1929.60741271164
77.7440000000001,1928.73193530871
77.7450000000001,1928.1111767867
77.7460000000001,1927.83079435947
77.7470000000001,1927.92712228199
77.748,1928.3546500697
77.749,1927.60448410246
77.75,1925.87163882482
77.7510000000002,1924.26255423727
77.7520000000002,1922.74438193934
77.7530000000002,1921.24931597606
77.7540000000001,1919.70044928271
77.7550000000001,1916.64376477682
77.7560000000001,1912.56693187004
77.7570000000001,1908.85793058248
77.758,1905.85009952836
77.759,1903.81928012705
77.7600000000002,1902.93752685085
77.7610000000002,1901.82585086003
77.7620000000002,1900.98226701532
77.7630000000001,1901.54368110367
77.7640000000001,1903.53861950187
77.7650000000001,1906.92218864998
77.7660000000001,1911.60351886104
77.7670000000001,1916.01453960657
77.768,1920.69844187569
77.769,1926.81755802219
77.7700000000002,1934.48286560608
77.7710000000002,1943.67829526921
77.7720000000002,1954.21923372155
77.7730000000001,1964.24775857973
77.7740000000001,1973.99410884726
77.7750000000001,1984.12220245597
77.7760000000001,1994.30364754773
77.777,2004.23358182302
77.778,2013.69146754411
77.7790000000002,2021.0523329995
77.7800000000002,2027.1832234199
77.7810000000002,2033.47544854848
77.7820000000002,2040.40884188313
77.7830000000001,2048.3594068538
77.7840000000001,2057.49630218003
77.7850000000001,2066.14798441084
77.7860000000001,2074.81284151307
77.787,2084.04344010795
77.788,2093.30021983507
77.7890000000002,2101.92637107702
77.7900000000002,2109.25578868618
77.7910000000002,2113.12141109533
77.7920000000001,2114.10484585274
77.7930000000001,2113.21392474683
77.7940000000001,2110.78742266456
77.7950000000001,2107.26937836926
77.796,2103.11446246997
77.797,2097.07142227822
77.798,2090.41610022181
77.7990000000002,2084.35334445769
77.8000000000002,2079.07774324359
77.8010000000002,2074.59774134169
77.8020000000001,2070.77403621026
77.8030000000001,2065.71192779317
77.8040000000001,2060.26594620041
77.8050000000001,2055.30086907069
77.806,2050.90833735261
77.807,2047.1593526348
77.8080000000002,2044.06705751048
77.8090000000002,2039.85116286011
77.8100000000002,2035.52949773281
77.8110000000001,2031.91967893046
77.8120000000001,2028.99426199082
77.8130000000001,2026.63941972447
77.8140000000001,2024.67755473047
77.8150000000001,2021.16031110866
77.816,2017.14727016601
77.817,2013.51576139503
77.8180000000002,2010.43832066896
77.8190000000002,2008.05896233415
77.8200000000002,2006.45180801735
77.8210000000001,2003.82982336322
77.8220000000001,2001.38511353893
77.8230000000001,1999.89084163286
77.8240000000001,1999.33788990982
77.825,1999.61316605707
77.826,2000.51504994264
77.8270000000002,1999.98646037646
77.8280000000002,1999.1479175533
77.8290000000002,1998.69712315987
77.8300000000002,1998.68809279075
77.8310000000001,1999.15113856008
77.8320000000001,2000.06803206068
77.8330000000001,1999.50755676057
77.8340000000001,1998.82695231656
77.835,1998.76918283589
77.836,1999.38578484325
77.8370000000002,2000.6437928875
77.8380000000002,2002.42533505319
77.8390000000002,2002.63401592564
77.8400000000001,2002.64328892973
77.8410000000001,2003.1085690482
77.8420000000001,2004.05142776833
77.8430000000001,2005.43918777365
77.8440000000001,2007.17633116024
77.845,2007.15144442746
77.846,2006.8717729273
77.8470000000002,2006.98821360957
77.8480000000002,2007.53608399934
77.8490000000002,2008.49039717802
77.8500000000001,2009.76511244686
77.8510000000001,2009.21150272461
77.8520000000001,2008.47560078678
77.8530000000001,2008.22282893016
77.854,2008.53621125054
77.855,2009.43792596176
77.8560000000002,2010.88265881815
77.8570000000002,2010.71838646509
77.8580000000002,2010.67833064539
77.8590000000002,2011.39133228
77.8600000000001,2012.92728775261
77.8610000000001,2015.28246287804
77.8620000000001,2018.37315552354
77.8630000000001,2019.96515403926
77.864,2021.78835507586
77.865,2024.35440433577
77.8660000000002,2027.63576916173
77.8670000000002,2031.50843558394
77.8680000000002,2035.74602835871
77.8690000000001,2037.91698272514
77.8700000000001,2039.67045754163
77.8710000000001,2041.36748775397
77.8720000000001,2042.92455603533
77.873,2044.23925192772
77.874,2045.19419892301
77.875,2043.50597277654
77.8760000000002,2041.16586178028
77.8770000000002,2038.81586305043
77.8780000000002,2036.69713008261
77.8790000000001,2034.99726734697
77.8800000000001,2033.81531437519
77.8810000000001,2030.94531639367
77.8820000000001,2028.45885814944
77.883,2026.87337383906
77.884,2026.26677344963
77.8850000000002,2026.6189839987
77.8860000000002,2027.80928714144
77.8870000000002,2027.38139995474
77.8880000000001,2027.32141169379
77.8890000000001,2027.98874713898
77.8900000000001,2029.37470055598
77.8910000000001,2031.39428111791
77.8920000000001,2033.86809137812
77.893,2034.24448538989
77.894,2034.52375610274
77.8950000000002,2034.97732497322
77.8960000000002,2035.57765905315
77.8970000000002,2036.27654858719
77.8980000000001,2037.00341815989
77.8990000000001,2035.37769590429
77.9000000000001,2033.70440778406
77.9010000000001,2032.47502344091
77.902,2031.89767853206
77.903,2032.09237568487
77.9040000000002,2033.05363236037
77.9050000000002,2032.33319639899
77.9060000000002,2032.13104008406
77.9070000000002,2032.64260012502
77.9080000000001,2033.78361630741
77.9090000000001,2035.40848909124
77.9100000000001,2037.32862698555
77.9110000000001,2037.03637027065
77.912,2036.84858627738
77.913,2037.09003762649
77.9140000000002,2037.9119807021
77.9150000000002,2039.42111887732
77.9160000000002,2041.64574619746
77.9170000000001,2042.2289172677
77.9180000000001,2043.56987127578
77.9190000000001,2045.88399323705
77.9200000000001,2049.17273668743
77.921,2053.35684115525
77.922,2058.28742613358
77.923,2061.47068330977
77.9240000000002,2065.29176740868
77.9250000000002,2069.91081050179
77.9260000000002,2075.34550813238
77.9270000000001,2081.53850186795
77.9280000000001,2088.3372881486
77.9290000000001,2093.16157003146
77.9300000000001,2098.3746104706
77.931,2103.95521868839
77.932,2109.76358154045
77.9330000000002,2115.61559298869
77.9340000000002,2121.30405476645
77.9350000000002,2124.26324447253
77.9360000000001,2127.09586421616
77.9370000000001,2130.0072545536
77.9380000000001,2133.18309722741
77.9390000000001,2136.77585342807
77.9400000000001,2140.83014231851
77.941,2143.04316140756
77.942,2145.99902453541
77.9430000000002,2149.75788759866
77.9440000000002,2154.19806527641
77.9450000000002,2159.03922142156
77.9460000000001,2163.79411875787
77.9470000000001,2165.74559356668
77.9480000000001,2167.053238242
77.9490000000001,2167.54912907197
77.95,2167.09411851585
77.951,2165.61576258407
77.9520000000002,2163.00340387225
77.9530000000002,2157.15081295022
77.9540000000002,2150.84152049917
77.9550000000002,2144.52232714287
77.9560000000001,2138.55149047569
77.9570000000001,2133.15832113391
77.9580000000001,2128.24324700262
77.9590000000001,2121.34469272909
77.96,2115.04087668465
77.961,2109.34165359221
77.9620000000002,2104.13047481288
77.9630000000002,2099.18401342413
77.9640000000002,2093.95493180069
77.9650000000001,2085.38004958032
77.9660000000001,2076.26120188684
77.9670000000001,2066.80816160554
77.9680000000001,2057.27237125868
77.9690000000001,2047.88730735399
77.97,2038.47806925481
77.971,2026.00837220604
77.9720000000002,2013.88775505813
77.9730000000002,2002.58159748737
77.9740000000002,1992.46952834963
77.9750000000001,1983.76946682427
77.9760000000001,1976.13627204261
77.9770000000001,1966.71047326954
77.9780000000001,1958.20463848495
77.979,1950.62758395518
77.98,1943.99603387742
77.9810000000002,1938.38463300677
77.9820000000002,1933.66926661291
77.9830000000002,1928.45008238548
77.9840000000002,1925.10020567525
77.9850000000001,1923.78955783933
77.9860000000001,1924.40338049607
77.9870000000001,1926.54131177503
77.9880000000001,1929.37919168296
77.989,1931.42571939997
77.99,1933.31350547972
77.9910000000002,1934.18536293922
77.9920000000002,1933.35038970941
77.9930000000002,1930.53832588458
77.9940000000001,1925.86548755312
77.9950000000001,1919.63981143695
77.9960000000001,1914.48955657494
77.9970000000001,1911.54238004182
77.998,1911.48957042482
77.999,1914.3959238778
78,1919.32673947371
78.0010000000002,1923.9902116505
78.0020000000002,1928.70036276067
78.0030000000002,1931.92941643542
78.0040000000001,1932.47450606711
78.0050000000001,1929.887229028
78.0060000000001,1924.30365638022
78.0070000000001,1915.83603757112
78.008,1909.46386998418
78.009,1908.45578615667
78.0100000000002,1915.88963734662
78.0110000000002,1934.09612622588
78.0120000000002,1963.73716531081
78.0130000000001,2003.08750918327
78.0140000000001,2053.35833659006
78.0150000000001,2112.86519452146
78.0160000000001,2179.75538568889
78.0170000000001,2252.6278235334
78.018,2330.48041279826
78.019,2412.52091298023
78.0200000000002,2502.57075120706
78.0210000000002,2602.74320903699
78.0220000000002,2714.65002530741
78.0230000000001,2838.55624406956
78.0240000000001,2972.13217122986
78.0250000000001,3109.8608248465
78.0260000000001,3247.32489678181
78.027,3376.22554000454
78.028,3487.18182521581
78.0290000000002,3570.8525920099
78.0300000000002,3618.50223417362
78.0310000000002,3622.87463458502
78.0320000000002,3582.85509029701
78.0330000000001,3498.28288387834
78.0340000000001,3371.54788030681
78.0350000000001,3207.00193339235
78.0360000000001,3009.59914336073
78.037,2784.20947910517
78.038,2538.93866674403
78.0390000000002,2279.61257843293
78.0400000000002,2011.54226826015
78.0410000000002,1739.68397395841
78.0420000000001,1468.27146248467
78.0430000000001,1201.26183828038
78.0440000000001,946.152612815963
78.0450000000001,708.924038285262
78.046,495.57124842117
78.047,311.72014800039
78.048,161.511901649615
78.0490000000002,47.526328277521
78.0500000000002,-26.0412674695582
78.0510000000002,-58.3575849559129
78.0520000000001,-50.1552664301461
78.0530000000001,-3.53482719590618
78.0540000000001,77.6031391512663
78.0550000000001,188.304184289815
78.056,326.018709382551
78.057,486.026742819354
78.0580000000002,663.197754788159
78.0590000000002,852.008528035258
78.0600000000002,1045.8331176757
78.0610000000001,1237.64048038996
78.0620000000001,1423.1976245206
78.0630000000001,1596.78050305111
78.0640000000001,1753.18703287264
78.0650000000001,1888.10772005424
78.066,1997.68027805869
78.067,2079.47092213837
78.0680000000002,2135.37455397832
78.0690000000002,2167.08274820449
78.0700000000002,2177.48156772653
78.0710000000001,2170.29804377878
78.0720000000001,2148.87479687795
78.0730000000001,2116.67220944057
78.0740000000001,2079.53256001542
78.075,2041.07936746253
78.076,2004.18537175036
78.0770000000002,1970.92380279124
78.0780000000002,1941.68146511516
78.0790000000002,1916.45713975319
78.0800000000002,1897.47202807609
78.0810000000001,1884.71672955893
78.0820000000001,1877.83655124391
78.0830000000001,1876.23869351271
78.0840000000001,1878.08062745604
78.085,1881.97376276942
78.086,1889.37514277075
78.0870000000002,1899.57322569747
78.0880000000002,1911.76631670473
78.0890000000002,1925.13617969117
78.0900000000001,1937.63127990929
78.0910000000001,1948.15696123519
78.0920000000001,1958.73071924845
78.0930000000001,1969.00391435115
78.0940000000001,1978.59202840949
78.095,1987.15148547372
78.096,1993.22792155182
78.0970000000002,1996.3452625999
78.0980000000002,1998.8130556212
78.0990000000002,2000.88479220408
78.1000000000001,2002.73146427249
78.1010000000001,2004.44684349416
78.1020000000001,2005.14329898706
78.1030000000001,2004.36013601698
78.104,2003.65086509479
78.105,2003.21751197943
78.1060000000002,2003.17153691808
78.1070000000002,2003.50396871626
78.1080000000002,2003.43632534966
78.1090000000002,2002.20573716035
78.1100000000001,2000.64835453158
78.1110000000001,1999.01419385649
78.1120000000001,1997.62595410943
78.1130000000001,1996.77366194926
78.114,1995.97784180576
78.115,1994.71915203273
78.1160000000002,1993.91039750176
78.1170000000002,1993.81613242968
78.1180000000002,1994.64862112963
78.1190000000001,1996.47655508557
78.1200000000001,1998.26241982624
78.1210000000001,1999.34203962088
78.1220000000001,2000.65301845214
78.123,2002.10556117314
78.124,2003.62604614757
78.125,2005.15059452471
78.1260000000002,2005.43387534335
78.1270000000002,2004.3167028387
78.1280000000002,2003.48371116255
78.1290000000001,2003.22237384998
78.1300000000001,2003.77247686396
78.1310000000001,2005.29479686881
78.1320000000001,2006.5677776473
78.133,2007.537960373
78.134,2009.79531663587
78.1350000000002,2013.34775460556
78.1360000000002,2018.04215873374
78.1370000000002,2023.58321878569
78.1380000000001,2028.29874386073
78.1390000000001,2031.78022148881
78.1400000000001,2035.2741047339
78.1410000000001,2038.7394185604
78.1420000000001,2042.16873952001
78.143,2045.57387788532
78.144,2047.67301311808
78.1450000000002,2048.5591097177
78.1460000000002,2049.82260451717
78.1470000000002,2051.72110709122
78.1480000000001,2054.39069102538
78.1490000000001,2057.80631154709
78.1500000000001,2060.42857476976
78.1510000000001,2062.1008090408
78.152,2063.98075443316
78.153,2065.91930576913
78.1540000000002,2067.73885445392
78.1550000000002,2069.26618743549
78.1560000000002,2068.96780897626
78.1570000000002,2067.06199377078
78.1580000000001,2065.16315779444
78.1590000000001,2063.70963420459
78.1600000000001,2063.14053691235
78.1610000000001,2063.83246057858
78.162,2064.59389631843
78.163,2065.89725975515
78.1640000000002,2069.25728060217
78.1650000000002,2074.78625844684
78.1660000000002,2082.38575146001
78.1670000000001,2091.75066683236
78.1680000000001,2100.90272578274
78.1690000000001,2109.68344715548
78.1700000000001,2118.98403663644
78.171,2128.4975227697
78.172,2137.91139718873
78.173,2146.91480691909
78.1740000000002,2153.67169352954
78.1750000000002,2158.42966293938
78.1760000000002,2162.46985978374
78.1770000000001,2165.95782789438
78.1780000000001,2169.05175821504
78.1790000000001,2171.87166513588
78.1800000000001,2172.92045408541
78.181,2172.81441548422
78.182,2172.99025878295
78.1830000000002,2173.73151808839
78.1840000000002,2175.24464148828
78.1850000000002,2177.64024573136
78.1860000000001,2179.33317425354
78.1870000000001,2180.9285570847
78.1880000000001,2183.69089327526
78.1890000000001,2187.73324722232
78.1900000000001,2193.05569130932
78.191,2199.52842742428
78.192,2205.25667700203
78.1930000000002,2210.6397685531
78.1940000000002,2216.62091339201
78.1950000000002,2223.04489785305
78.1960000000001,2229.68404895791
78.1970000000001,2236.2429906798
78.1980000000001,2240.69263991912
78.1990000000001,2243.53027971152
78.2,2245.77899154741
78.201,2247.48270179692
78.2020000000002,2248.68868376053
78.2030000000002,2249.43052129405
78.2040000000002,2247.96304974374
78.2050000000002,2245.23888529623
78.2060000000001,2242.61714128185
78.2070000000001,2240.4557976056
78.2080000000001,2239.05282761674
78.2090000000001,2238.60939485769
78.21,2237.36260550697
78.211,2236.32695000657
78.2120000000002,2236.7277043977
78.2130000000002,2238.71160170095
78.2140000000002,2242.28171719719
78.2150000000001,2247.27839954407
78.2160000000001,2251.47090986402
78.2170000000001,2255.56940597174
78.2180000000001,2260.42632945662
78.2190000000001,2265.92540528069
78.22,2271.91974339843
78.221,2278.22667329559
78.2220000000002,2282.6726153214
78.2230000000002,2286.24916130368
78.2240000000002,2290.02346299891
78.2250000000001,2294.13626283275
78.2260000000001,2298.64720281058
78.2270000000001,2303.48544851761
78.2280000000001,2306.41192588494
78.229,2308.39650011325
78.23,2310.26075387457
78.2310000000002,2311.88501084052
78.2320000000002,2313.08548015109
78.2330000000002,2313.62888261175
78.2340000000002,2311.19137846118
78.2350000000001,2306.99600265165
78.2360000000001,2302.14281723162
78.2370000000001,2296.96305225847
78.2380000000001,2291.81747199483
78.239,2287.04294668211
78.24,2280.79925066751
78.2410000000002,2274.79247539041
78.2420000000002,2270.27131120206
78.2430000000002,2267.5222274415
78.2440000000001,2266.62456336821
78.2450000000001,2267.42968402477
78.2460000000001,2267.44509121217
78.2470000000001,2267.78393101204
78.248,2269.01042968188
78.249,2270.9044872619
78.25,2273.24911154472
78.2510000000002,2275.85486786041
78.2520000000002,2276.40488918958
78.2530000000002,2276.56176672539
78.2540000000001,2277.45931650631
78.2550000000001,2279.54510314882
78.2560000000001,2283.22746858535
78.2570000000001,2288.80435057262
78.258,2294.18628494431
78.259,2301.17077009167
78.2600000000002,2310.63305821968
78.2610000000002,2322.58314564743
78.2620000000002,2336.8427573023
78.2630000000001,2353.05322996052
78.2640000000001,2368.43754386152
78.2650000000001,2384.30355358387
78.2660000000001,2401.00840425386
78.2670000000001,2418.20421609893
78.268,2435.4717280927
78.269,2452.31643921113
78.2700000000002,2465.87885810107
78.2710000000002,2477.60362983105
78.2720000000002,2487.96276374603
78.2730000000001,2496.88174891234
78.2740000000001,2504.34431970917
78.2750000000001,2510.38879780916
78.2760000000001,2512.73554330945
78.277,2513.64104109449
78.278,2514.24948825302
78.2790000000002,2515.10361885873
78.2800000000002,2516.62496873502
78.2810000000002,2519.03888621523
78.2820000000002,2519.90971769825
78.2830000000001,2521.22529245843
78.2840000000001,2523.49191888814
78.2850000000001,2526.52359214649
78.2860000000001,2530.00387826892
78.287,2533.52848299542
78.288,2534.19218874052
78.2890000000002,2533.90593770038
78.2900000000002,2533.20491030887
78.2910000000002,2532.17260981903
78.2920000000001,2530.88334707095
78.2930000000001,2529.35335869742
78.2940000000001,2525.01396900054
78.2950000000001,2520.12508715224
78.296,2515.3104460537
78.297,2510.67751355484
78.298,2506.26575110721
78.2990000000002,2502.05670006743
78.3000000000002,2495.46403963967
78.3010000000002,2488.91622075514
78.3020000000001,2483.16107228437
78.3030000000001,2478.50650203111
78.3040000000001,2475.16229745274
78.3050000000001,2473.1834755929
78.306,2469.86728887018
78.307,2467.48816369849
78.3080000000002,2466.37397028368
78.3090000000002,2466.36702743882
78.3100000000002,2467.20037030051
78.3110000000001,2468.52233007082
78.3120000000001,2467.32044826061
78.3130000000001,2465.87125134521
78.3140000000001,2464.54837661786
78.3150000000001,2463.42743600224
78.316,2462.5642509199
78.317,2461.95343009662
78.3180000000002,2458.84453380872
78.3190000000002,2455.85542917478
78.3200000000002,2453.47647464485
78.3210000000001,2451.87078072516
78.3220000000001,2451.14183476542
78.3230000000001,2451.32447113722
78.3240000000001,2449.6596575165
78.325,2448.9678954871
78.326,2449.75855213307
78.3270000000002,2452.20338070204
78.3280000000002,2456.32532188238
78.3290000000002,2461.95837938794
78.3300000000002,2465.92924299336
78.3310000000001,2470.77726985718
78.3320000000001,2476.46019744183
78.3330000000001,2482.63667865087
78.3340000000001,2488.90153073972
78.335,2494.82206386781
78.336,2497.10054010589
78.3370000000002,2498.58221359419
78.3380000000002,2499.5462693
78.3390000000002,2500.14229142586
78.3400000000001,2500.50116387058
78.3410000000001,2500.68477747489
78.3420000000001,2497.74971079843
78.3430000000001,2494.84593841274
78.3440000000001,2492.25361652946
78.345,2490.02416266299
78.346,2488.10424417655
78.3470000000002,2486.35737659093
78.3480000000002,2481.67885978632
78.3490000000002,2477.26162391406
78.3500000000001,2473.42250112221
78.3510000000001,2470.40703806521
78.3520000000001,2468.42959110859
78.3530000000001,2467.63272656266
78.354,2465.07942325922
78.355,2464.15451871257
78.3560000000002,2465.05450574844
78.3570000000002,2467.75508199359
78.3580000000002,2472.02052418399
78.3590000000002,2477.36664824336
78.3600000000001,2480.29756952912
78.3610000000001,2483.55634205991
78.3620000000001,2486.88307143407
78.3630000000001,2490.01560747918
78.364,2492.74464815886
78.365,2494.83761723069
78.3660000000002,2493.41526588397
78.3670000000002,2491.84367576153
78.3680000000002,2490.58582103272
78.3690000000001,2490.02966982069
78.3700000000001,2490.43291831796
78.3710000000001,2491.72394496218
78.3720000000001,2491.01811613233
78.373,2491.28917696409
78.374,2492.4496383834
78.375,2494.25234852417
78.3760000000002,2496.35898906302
78.3770000000002,2498.21126467931
78.3780000000002,2496.80737082736
78.3790000000001,2495.13981597198
78.3800000000001,2493.43173966443
78.3810000000001,2491.92763033
78.3820000000001,2490.86045353899
78.383,2490.16623117867
78.384,2487.32013267117
78.3850000000002,2485.50908102844
78.3860000000002,2484.96455268116
78.3870000000002,2485.74017318325
78.3880000000001,2487.72531025055
78.3890000000001,2490.37980570958
78.3900000000001,2490.81330333679
78.3910000000001,2491.77106938716
78.3920000000001,2493.14867626297
78.393,2494.75605840141
78.394,2496.33034846582
78.3950000000002,2497.21750521529
78.3960000000002,2494.64040760963
78.3970000000002,2491.36423578947
78.3980000000001,2487.40957401607
78.3990000000001,2482.79572725332
78.4000000000001,2477.57492618897
78.4010000000001,2471.48396859607
78.402,2462.3965989437
78.403,2453.64940635919
78.4040000000002,2445.89587332176
78.4050000000002,2439.72311471493
78.4060000000002,2435.59904999843
78.4070000000002,2433.4083640445
78.4080000000001,2431.06188085639
78.4090000000001,2431.40165284948
78.4100000000001,2434.38452294386
78.4110000000001,2439.69523595139
78.412,2446.80436881314
78.413,2454.6019772564
78.4140000000002,2460.35241660991
78.4150000000002,2466.25566380147
78.4160000000002,2472.04354634035
78.4170000000001,2477.51980486584
78.4180000000001,2482.58599765753
78.4190000000001,2486.75752941732
78.4200000000001,2488.19048430464
78.421,2489.82000470826
78.422,2492.02857767478
78.423,2495.04499187259
78.4240000000002,2498.91492445256
78.4250000000002,2502.96903303136
78.4260000000002,2505.07063732964
78.4270000000001,2507.59108864707
78.4280000000001,2510.34643226884
78.4290000000001,2513.09126136757
78.4300000000001,2515.59975200555
78.431,2517.16950592833
78.432,2516.07236358111
78.4330000000002,2515.17552390624
78.4340000000002,2515.00742313563
78.4350000000002,2516.0661829129
78.4360000000001,2518.75455906114
78.4370000000001,2522.70787267156
78.4380000000001,2526.32090205342
78.4390000000001,2532.05411063336
78.4400000000001,2539.69668763217
78.441,2548.72144431855
78.442,2558.35863024313
78.4430000000002,2567.05433555611
78.4440000000002,2572.34365522652
78.4450000000002,2576.02879661703
78.4460000000001,2577.73619641106
78.4470000000001,2577.26191518839
78.4480000000001,2574.61305571003
78.4490000000001,2569.3229845012
78.45,2560.34157773412
78.451,2550.81486207024
78.4520000000002,2541.58994391439
78.4530000000002,2533.36757434884
78.4540000000002,2526.6230802844
78.4550000000002,2520.78677267104
78.4560000000001,2514.288419028
78.4570000000001,2509.44130779821
78.4580000000001,2505.9611102001
78.4590000000001,2503.31211101975
78.46,2500.7840715683
78.461,2496.6840722587
78.4620000000002,2488.61542611122
78.4630000000002,2478.87485885024
78.4640000000002,2467.48617531979
78.4650000000001,2454.63293177429
78.4660000000001,2440.61063713352
78.4670000000001,2424.68661117766
78.4680000000001,2405.3638901291
78.4690000000001,2386.28022371831
78.47,2368.42698504819
78.471,2352.69363663611
78.4720000000002,2339.74149384362
78.4730000000002,2328.78787484351
78.4740000000002,2318.10274477972
78.4750000000001,2310.44318468652
78.4760000000001,2305.73919310841
78.4770000000001,2303.6843051866
78.4780000000001,2303.77176056658
78.479,2304.46150548988
78.48,2304.01115835814
78.4810000000002,2303.95878851303
78.4820000000002,2303.77279548448
78.4830000000002,2302.95136898368
78.4840000000002,2301.12096025692
78.4850000000001,2297.54740834751
78.4860000000001,2292.04943647196
78.4870000000001,2286.28633387459
78.4880000000001,2280.4443190239
78.489,2274.66385981131
78.49,2269.11301504332
78.4910000000002,2263.54397408496
78.4920000000002,2258.26525715433
78.4930000000002,2254.81404036314
78.4940000000001,2253.16667434426
78.4950000000001,2252.99479870669
78.4960000000001,2253.75812923916
78.4970000000001,2254.10040894256
78.498,2253.14761775431
78.499,2252.11717646507
78.5,2250.76903810475
78.5010000000002,2249.03027929947
78.5020000000002,2247.08394992852
78.5030000000002,2244.37478372716
78.5040000000001,2241.05561262029
78.5050000000001,2240.22853129851
78.5060000000001,2243.06261975546
78.5070000000001,2250.51420494039
78.508,2263.22878500673
78.509,2280.36655381051
78.5100000000002,2301.36772722348
78.5110000000002,2328.4481722495
78.5120000000002,2361.89334011435
78.5130000000001,2402.17317676074
78.5140000000001,2450.08956621527
78.5150000000001,2505.68494114247
78.5160000000001,2569.96276648709
78.5170000000001,2646.57741062286
78.518,2736.97420127002
78.519,2841.77625656519
78.5200000000002,2960.3995185921
78.5210000000002,3089.62230669793
78.5220000000002,3225.42964467221
78.5230000000001,3364.72271877816
78.5240000000001,3501.36955640816
78.5250000000001,3628.38745762869
78.5260000000001,3738.49570483816
78.527,3823.49928591437
78.528,3876.87401649336
78.5290000000002,3895.52227150366
78.5300000000002,3875.94885841666
78.5310000000002,3816.00169399638
78.5320000000002,3714.84851477266
78.5330000000001,3571.71310759289
78.5340000000001,3388.00043159046
78.5350000000001,3168.40912486337
78.5360000000001,2917.14572315968
78.537,2639.53336170351
78.538,2342.01637356067
78.5390000000002,2030.87807281292
78.5400000000002,1714.3933124779
78.5410000000002,1403.41179320416
78.5420000000001,1107.33677195376
78.5430000000001,835.137901704194
78.5440000000001,594.820654905069
78.5450000000001,391.701683228387
78.546,230.548586197189
78.547,116.054060073258
78.548,49.4144993508227
78.5490000000002,29.9769120299107
78.5500000000002,55.5086825277093
78.5510000000002,121.234748522699
78.5520000000001,222.765266358341
78.5530000000001,356.764456423951
78.5540000000001,517.882905978476
78.5550000000001,700.296591688496
78.556,897.77226766714
78.557,1102.42652428021
78.5580000000002,1307.61610568437
78.5590000000002,1508.31585619919
78.5600000000002,1698.32536989981
78.5610000000001,1871.99497435792
78.5620000000001,2024.5743893139
78.5630000000001,2151.18514564021
78.5640000000001,2249.95322570409
78.5650000000001,2322.0424006878
78.566,2368.71785479829
78.567,2392.50195461545
78.5680000000002,2396.86916563106
78.5690000000002,2384.48569636302
78.5700000000002,2359.90350668783
78.5710000000001,2328.88093211044
78.5720000000001,2295.34089523416
78.5730000000001,2262.48427968232
78.5740000000001,2232.68156788211
78.575,2205.96420868622
78.576,2183.51819125261
78.5770000000002,2167.13387935971
78.5780000000002,2156.64547487912
78.5790000000002,2151.44228927866
78.5800000000002,2150.61728177125
78.5810000000001,2151.40513241646
78.5820000000001,2153.3650844374
78.5830000000001,2157.21999736547
78.5840000000001,2162.15943584088
78.585,2167.40296552951
78.586,2172.26345123993
78.5870000000002,2174.22854447343
78.5880000000002,2173.91559060028
78.5890000000002,2173.06041099234
78.5900000000001,2171.66000288074
78.5910000000001,2169.69584631177
78.5920000000001,2167.19055730171
78.5930000000001,2162.27567618924
78.5940000000001,2156.19442286747
78.595,2151.04397172529
78.596,2147.14054584548
78.5970000000002,2144.60194428171
78.5980000000002,2143.37524181198
78.5990000000002,2141.71201421676
78.6000000000001,2139.99632010724
78.6010000000001,2139.33173174239
78.6020000000001,2139.61142066243
78.6030000000001,2140.64001776621
78.604,2142.15120712493
78.605,2142.77967165125
78.6060000000002,2142.36822028653
78.6070000000002,2141.66831843656
78.6080000000002,2140.96522143688
78.6090000000002,2140.57527375788
78.6100000000001,2140.71277985082
78.6110000000001,2140.44025675244
78.6120000000001,2139.60298961063
78.6130000000001,2138.71221245
78.614,2137.79868809585
78.615,2136.86157415893
78.6160000000002,2135.82486493216
78.6170000000002,2133.23642539515
78.6180000000002,2129.347134602
78.6190000000001,2125.06703942804
78.6200000000001,2120.71853956017
78.6210000000001,2116.70342000911
78.6220000000001,2113.42747436412
78.623,2109.53112896967
78.624,2106.18666660381
78.625,2104.74509573785
78.6260000000002,2105.38743912503
78.6270000000002,2108.06166716655
78.6280000000002,2112.49003631315
78.6290000000001,2116.37076833556
78.6300000000001,2120.27382587213
78.6310000000001,2124.85500776004
78.6320000000001,2129.71740045335
78.633,2134.45015801218
78.634,2138.67644144234
78.6350000000002,2140.28691789328
78.6360000000002,2140.26405744182
78.6370000000002,2139.77270080147
78.6380000000001,2139.11759716578
78.6390000000001,2138.60160654665
78.6400000000001,2138.47460986014
78.6410000000001,2137.06875091195
78.6420000000001,2135.65920283052
78.643,2135.37109700372
78.644,2136.31031910712
78.6450000000002,2138.41342212473
78.6460000000002,2141.45911576525
78.6470000000002,2143.22541562844
78.6480000000001,2144.62230132627
78.6490000000001,2146.39288326198
78.6500000000001,2148.43866540872
78.6510000000001,2150.65497495965
78.652,2152.92995187126
78.653,2153.23935598223
78.6540000000002,2152.84592159453
78.6550000000002,2152.71668507798
78.6560000000002,2152.95443862826
78.6570000000002,2153.5517857787
78.6580000000001,2154.378185641
78.6590000000001,2153.27390984978
78.6600000000001,2151.39812642961
78.6610000000001,2149.50762907005
78.662,2147.61221154182
78.663,2145.73584307561
78.6640000000002,2143.93017361446
78.6650000000002,2140.33341242919
78.6660000000002,2136.61008746657
78.6670000000001,2133.93262545875
78.6680000000001,2132.70854079173
78.6690000000001,2133.215979002
78.6700000000001,2135.55013157477
78.671,2137.62155547093
78.672,2140.73569816636
78.673,2145.40395090857
78.6740000000002,2151.31482650011
78.6750000000002,2158.03559951599
78.6760000000002,2165.06432916387
78.6770000000001,2169.88181786679
78.6780000000001,2173.72352480225
78.6790000000001,2177.17354943908
78.6800000000001,2180.25237746703
78.681,2183.00781377312
78.682,2185.4752209187
78.6830000000002,2185.62081215657
78.6840000000002,2185.13360610915
78.6850000000002,2184.78951422686
78.6860000000001,2184.68326125326
78.6870000000001,2184.80451145084
78.6880000000001,2185.05199406955
78.6890000000001,2183.22772566687
78.6900000000001,2180.98909071552
78.691,2179.05322795367
78.692,2177.60200921463
78.6930000000002,2176.80444237341
78.6940000000002,2176.79130447611
78.6950000000002,2175.56185418155
78.6960000000001,2175.01857084983
78.6970000000001,2175.87185867427
78.6980000000001,2178.17174398613
78.6990000000001,2181.78935402432
78.7,2186.41708231113
78.701,2189.47699190581
78.7020000000002,2192.41424545352
78.7030000000002,2195.42693934123
78.7040000000002,2198.21781820974
78.7050000000002,2200.49243643618
78.7060000000001,2201.98466055831
78.7070000000001,2200.30440591535
78.7080000000001,2197.4117348773
78.7090000000001,2194.02263098604
78.71,2190.44568767337
78.711,2186.96938216397
78.7120000000002,2183.81345896836
78.7130000000002,2178.86160590069
78.7140000000002,2174.30545083997
78.7150000000001,2170.76386044364
78.7160000000001,2168.29757027389
78.7170000000001,2166.80524376678
78.7180000000001,2166.03698649246
78.7190000000001,2163.32475826876
78.72,2160.55767484363
78.721,2158.05615660571
78.7220000000002,2155.7852123754
78.7230000000002,2153.72351164566
78.7240000000002,2151.8523832075
78.7250000000001,2147.79242265597
78.7260000000001,2143.88607433699
78.7270000000001,2140.76029210419
78.7280000000001,2138.6324938948
78.729,2137.59653155046
78.73,2137.59122899303
78.7310000000002,2136.0318838268
78.7320000000002,2135.01249120138
78.7330000000002,2134.73431297022
78.7340000000002,2135.02141516834
78.7350000000001,2135.62546985656
78.7360000000001,2136.24215300062
78.7370000000001,2134.13286532756
78.7380000000001,2131.50511252211
78.739,2128.65468096938
78.74,2125.61980965332
78.7410000000002,2122.40978088566
78.7420000000002,2118.98194928312
78.7430000000002,2112.7825552041
78.7440000000001,2106.30617211854
78.7450000000001,2099.95250311322
78.7460000000001,2093.86273812767
78.7470000000001,2088.13337456098
78.748,2082.81857075811
78.749,2075.47939073941
78.75,2068.84014015288
78.7510000000002,2063.45227975146
78.7520000000002,2059.65619856291
78.7530000000002,2057.71938655219
78.7540000000001,2057.79388154825
78.7550000000001,2057.4357093366
78.7560000000001,2059.22621427147
78.7570000000001,2063.30258575604
78.758,2069.45735372511
78.759,2077.27828015532
78.7600000000002,2086.17793972406
78.7610000000002,2092.99158279874
78.7620000000002,2099.80121713725
78.7630000000001,2106.36293585293
78.7640000000001,2112.42670385962
78.7650000000001,2117.87077931622
78.7660000000001,2122.71387525543
78.7670000000001,2124.60100071796
78.768,2126.69040561497
78.769,2129.67459168489
78.7700000000002,2134.1139069848
78.7710000000002,2140.40093543773
78.7720000000002,2148.68074295057
78.7730000000001,2156.27083468327
78.7740000000001,2165.71573018071
78.7750000000001,2176.69647134558
78.7760000000001,2188.64806763477
78.777,2200.84903911293
78.778,2212.4636494201
78.7790000000002,2220.2552014473
78.7800000000002,2226.45728317132
78.7810000000002,2230.89278409049
78.7820000000002,2233.50376380319
78.7830000000001,2234.35202119618
78.7840000000001,2233.50511551549
78.7850000000001,2228.78194692935
78.7860000000001,2223.25603770245
78.787,2217.46818141644
78.788,2211.86382583535
78.7890000000002,2206.78334834133
78.7900000000002,2202.33199015207
78.7910000000002,2196.32453882008
78.7920000000001,2191.57933023497
78.7930000000001,2188.35106599301
78.7940000000001,2186.7508231983
78.7950000000001,2186.74946806982
78.796,2188.01308245247
78.797,2188.00182976521
78.798,2189.02230121271
78.7990000000002,2190.83179273275
78.8000000000002,2193.04520344047
78.8010000000002,2195.17666325916
78.8020000000001,2196.48673506152
78.8030000000001,2194.29013666977
78.8040000000001,2190.79012832004
78.8050000000001,2185.89715052698
78.806,2179.59190094128
78.807,2171.94510920823
78.8080000000002,2162.88258780263
78.8090000000002,2150.57828097159
78.8100000000002,2137.96056909027
78.8110000000001,2125.63958003824
78.8120000000001,2114.1423308343
78.8130000000001,2103.87439842169
78.8140000000001,2094.81844821552
78.8150000000001,2085.07764304031
78.816,2077.18069774841
78.817,2071.2387236733
78.8180000000002,2067.20850193572
78.8190000000002,2064.9289868735
78.8200000000002,2063.84704682774
78.8210000000001,2061.75489320992
78.8220000000001,2060.90609461208
78.8230000000001,2061.27432439823
78.8240000000001,2062.76922492948
78.825,2065.23342693317
78.826,2068.09008128031
78.8270000000002,2069.20111567496
78.8280000000002,2070.7670935437
78.8290000000002,2072.69553837005
78.8300000000002,2074.8284795411
78.8310000000001,2076.97681916467
78.8320000000001,2078.56623250962
78.8330000000001,2077.67336093052
78.8340000000001,2076.70091475005
78.835,2075.8522837778
78.836,2075.29404112679
78.8370000000002,2075.13954370679
78.8380000000002,2075.0045830435
78.8390000000002,2073.16284783021
78.8400000000001,2072.00210931797
78.8410000000001,2071.58827911092
78.8420000000001,2071.85837680163
78.8430000000001,2072.65661324346
78.8440000000001,2073.30714863555
78.845,2071.96922072053
78.846,2070.91399868302
78.8470000000002,2070.20764902706
78.8480000000002,2069.86547457357
78.8490000000002,2069.85507304553
78.8500000000001,2069.59315580718
78.8510000000001,2067.41116965346
78.8520000000001,2065.6000570449
78.8530000000001,2064.24408308512
78.854,2063.34397116275
78.855,2062.84067610423
78.8560000000002,2062.10037808755
78.8570000000002,2059.55197674192
78.8580000000002,2057.51441747531
78.8590000000002,2056.18609840327
78.8600000000001,2055.70968720235
78.8610000000001,2056.16553657738
78.8620000000001,2056.98425492119
78.8630000000001,2056.70785448631
78.864,2057.55983303042
78.865,2059.57573749673
78.8660000000002,2062.64595442646
78.8670000000002,2066.53629567639
78.8680000000002,2070.30545726577
78.8690000000001,2072.25785946196
78.8700000000001,2074.315640185
78.8710000000001,2076.36531048469
78.8720000000001,2078.26902277646
78.873,2079.8866156929
78.874,2080.44676177729
78.875,2078.60941923574
78.8760000000002,2076.573936177
78.8770000000002,2074.58125151472
78.8780000000002,2072.82043039451
78.8790000000001,2071.40922572734
78.8800000000001,2069.6993841785
78.8810000000001,2066.46678666931
78.8820000000001,2063.80237281554
78.883,2061.79452162101
78.884,2060.41912912131
78.8850000000002,2059.55327294102
78.8860000000002,2058.28149429966
78.8870000000002,2055.26944718565
78.8880000000001,2052.42205744387
78.8890000000001,2049.7507110765
78.8900000000001,2047.22649895136
78.8910000000001,2044.7906966798
78.8920000000001,2041.62266426135
78.893,2036.65645403326
78.894,2031.95114177443
78.8950000000002,2027.73305293785
78.8960000000002,2024.19297754117
78.8970000000002,2021.48507671363
78.8980000000001,2018.95846694148
78.8990000000001,2015.80338367593
78.9000000000001,2014.09693281951
78.9010000000001,2014.05375777136
78.902,2015.74857808205
78.903,2019.10979152744
78.9040000000002,2023.14387548035
78.9050000000002,2026.74466656813
78.9060000000002,2031.44436957169
78.9070000000002,2036.97163861055
78.9080000000001,2042.96140126182
78.9090000000001,2049.0042149718
78.9100000000001,2053.89451746331
78.9110000000001,2056.60403404494
78.912,2058.76194110308
78.913,2060.39860721937
78.9140000000002,2061.56162863402
78.9150000000002,2062.31212618518
78.9160000000002,2061.88506625313
78.9170000000001,2059.74871282184
78.9180000000001,2057.82798124847
78.9190000000001,2056.37994833301
78.9200000000001,2055.5696706666
78.921,2055.47940261658
78.922,2055.26331911352
78.923,2054.36869472896
78.9240000000002,2054.5543487899
78.9250000000002,2055.94535875287
78.9260000000002,2058.57578993084
78.9270000000001,2062.39677166666
78.9280000000001,2066.39444043312
78.9290000000001,2069.94157268614
78.9300000000001,2074.5732904077
78.931,2080.19473804326
78.932,2086.59394520035
78.9330000000002,2093.46380658549
78.9340000000002,2099.5108456458
78.9350000000002,2103.96797575935
78.9360000000001,2108.16041462397
78.9370000000001,2111.88878661401
78.9380000000001,2114.92178357631
78.9390000000001,2117.02776521114
78.9400000000001,2117.05528205773
78.941,2114.57000059607
78.942,2111.19153395626
78.9430000000002,2107.10072775538
78.9440000000002,2102.46024940879
78.9450000000002,2097.40718617542
78.9460000000001,2091.04334668786
78.9470000000001,2083.19082669011
78.9480000000001,2075.54851472088
78.9490000000001,2068.25872497573
78.95,2061.30827643446
78.951,2054.53261953776
78.9520000000002,2046.49533020905
78.9530000000002,2036.56153443584
78.9540000000002,2026.17512773728
78.9550000000002,2015.26325558381
78.9560000000001,2003.74039414313
78.9570000000001,1991.5145221463
78.9580000000001,1977.13027705591
78.9590000000001,1960.21393590804
78.96,1942.90731567824
78.961,1925.81010582919
78.9620000000002,1909.54722417402
78.9630000000002,1894.67629557497
78.9640000000002,1880.01484249318
78.9650000000001,1865.43048137814
78.9660000000001,1853.28802607024
78.9670000000001,1844.03769886457
78.9680000000001,1837.89335224284
78.9690000000001,1834.7553856608
78.97,1832.82578915435
78.971,1831.2628323344
78.9720000000002,1830.94498344868
78.9730000000002,1831.19430289532
78.9740000000002,1831.38118701321
78.9750000000001,1831.05345313997
78.9760000000001,1829.18518415429
78.9770000000001,1826.12581513132
78.9780000000001,1823.1487244802
78.979,1820.4779130072
78.98,1818.18804248711
78.9810000000002,1816.18465025554
78.9820000000002,1813.63015906069
78.9830000000002,1810.63602631824
78.9840000000002,1807.50747274622
78.9850000000001,1803.71141584712
78.9860000000001,1798.82878546466
78.9870000000001,1792.7577272342
78.9880000000001,1785.24383261095
78.989,1777.51635510315
78.99,1771.13223256693
78.9910000000002,1766.73038837295
78.9920000000002,1764.57207936116
78.9930000000002,1764.46908107771
78.9940000000001,1764.94729182224
78.9950000000001,1765.59807438954
78.9960000000001,1766.40588137329
78.9970000000001,1766.54818183651
78.998,1765.59269625208
78.999,1763.76173207919
79,1760.77036230315
79.0010000000002,1758.8031735381
79.0020000000002,1761.47927837055
79.0030000000002,1771.34649644839
79.0040000000001,1790.5648738285
79.0050000000001,1820.53263004796
79.0060000000001,1860.29173218813
79.0070000000001,1909.76783861598
79.008,1969.02003040116
79.009,2036.55949298017
79.0100000000002,2110.93177126463
79.0110000000002,2191.1602350286
79.0120000000002,2275.71998830043
79.0130000000001,2365.76968966744
79.0140000000001,2463.70562416531
79.0150000000001,2570.84508683048
79.0160000000001,2687.73632188755
79.0170000000001,2813.43106194884
79.018,2943.59031077586
79.019,3073.39460870143
79.0200000000002,3196.26811233831
79.0210000000002,3302.76994908875
79.0220000000002,3382.41253795839
79.0230000000001,3424.81004663761
79.0240000000001,3419.62438729856
79.0250000000001,3361.03748352842
79.0260000000001,3247.21282717193
79.027,3079.35988426891
79.028,2862.67590220734
79.0290000000002,2605.9139234435
79.0300000000002,2319.2041872003
79.0310000000002,2016.29555373356
79.0320000000002,1711.66572244197
79.0330000000001,1417.93988170927
79.0340000000001,1145.66560205931
79.0350000000001,902.537323779738
79.0360000000001,691.636791545807
79.037,514.96210963535
79.038,372.019891898315
79.0390000000002,259.320585270838
79.0400000000002,172.097077186553
79.0410000000002,105.273661154969
79.0420000000001,52.992868035119
79.0430000000001,12.9752683760762
79.0440000000001,-14.9922621672829
79.0450000000001,-29.9937396683773
79.046,-29.4185192714474
79.047,-9.50148950241131
79.048,32.4896898114443
79.0490000000002,101.080490064305
79.0500000000002,199.561331799611
79.0510000000002,328.31699705903
79.0520000000001,485.116566793376
79.0530000000001,665.005623320375
79.0540000000001,859.13390322356
79.0550000000001,1059.26056958156
79.056,1256.33846652718
79.057,1440.72735066055
79.0580000000002,1603.93702650169
79.0590000000002,1739.47930823346
79.0600000000002,1841.95544727157
79.0610000000001,1911.26747408255
79.0620000000001,1949.9538571674
79.0630000000001,1962.01316284307
79.0640000000001,1952.88860165124
79.0650000000001,1928.65502299438
79.066,1893.69307445885
79.067,1854.28286473212
79.0680000000002,1815.39572471444
79.0690000000002,1779.95443179019
79.0700000000002,1749.57535525095
79.0710000000001,1724.79891953003
79.0720000000001,1703.6881640342
79.0730000000001,1687.01092019471
79.0740000000001,1675.04672212208
79.075,1667.33626882179
79.076,1663.48312835805
79.0770000000002,1663.1321911602
79.0780000000002,1663.88523754049
79.0790000000002,1667.00636251551
79.0800000000002,1672.86139746715
79.0810000000001,1680.69525401721
79.0820000000001,1689.54823726982
79.0830000000001,1698.41295306645
79.0840000000001,1704.14082479927
79.085,1708.25595735
79.086,1711.54157788842
79.0870000000002,1714.06573694605
79.0880000000002,1716.05080848934
79.0890000000002,1717.82786994108
79.0900000000001,1717.7964489734
79.0910000000001,1717.97576254305
79.0920000000001,1719.38435419851
79.0930000000001,1722.02347741336
79.0940000000001,1725.56295678436
79.095,1729.42217507807
79.096,1731.5522259352
79.0970000000002,1732.19784475864
79.0980000000002,1731.60077239842
79.0990000000002,1729.91954478267
79.1000000000001,1727.56056384424
79.1010000000001,1725.07599292905
79.1020000000001,1721.9545071376
79.1030000000001,1719.26766008279
79.104,1718.04790466064
79.105,1718.96455534728
79.1060000000002,1722.42054229294
79.1070000000002,1728.42839894956
79.1080000000002,1735.48858740208
79.1090000000002,1743.35248569973
79.1100000000001,1751.61739418349
79.1110000000001,1759.67863553515
79.1120000000001,1767.00477265207
79.1130000000001,1773.16515981881
79.114,1776.46820859663
79.115,1777.7992761742
79.1160000000002,1777.8764337248
79.1170000000002,1777.32348962702
79.1180000000002,1776.83467294987
79.1190000000001,1777.01572667316
79.1200000000001,1776.40415486189
79.1210000000001,1776.8175489594
79.1220000000001,1778.77663099422
79.123,1782.12510332917
79.124,1786.49995197101
79.125,1791.4225362008
79.1260000000002,1794.45897129054
79.1270000000002,1797.06234269509
79.1280000000002,1799.62440215967
79.1290000000001,1802.24365060242
79.1300000000001,1805.06520704689
79.1310000000001,1808.21582676654
79.1320000000001,1809.88008092073
79.133,1811.79973080704
79.134,1814.42828799791
79.1350000000002,1817.75345146973
79.1360000000002,1821.63723440841
79.1370000000002,1825.843556645
79.1380000000001,1828.24765536298
79.1390000000001,1830.36763098903
79.1400000000001,1832.532819374
79.1410000000001,1834.8073164157
79.1420000000001,1837.25065287914
79.143,1839.88014819463
79.144,1840.77014618062
79.1450000000002,1841.69532146196
79.1460000000002,1843.02730124217
79.1470000000002,1844.80660297463
79.1480000000001,1847.00973832897
79.1490000000001,1849.55871328816
79.1500000000001,1850.41414867854
79.1510000000001,1851.4301557848
79.152,1853.00339030469
79.153,1855.25696317252
79.1540000000002,1858.23572685123
79.1550000000002,1861.86907054945
79.1560000000002,1863.9668039382
79.1570000000002,1866.28666539731
79.1580000000001,1868.93142261655
79.1590000000001,1871.72043221015
79.1600000000001,1874.4169204632
79.1610000000001,1876.7534309047
79.162,1876.43637547465
79.163,1875.40456263837
79.1640000000002,1874.00871773745
79.1650000000002,1872.48323528458
79.1660000000002,1871.08458487942
79.1670000000001,1870.04294276993
79.1680000000001,1867.44113351059
79.1690000000001,1865.59127430221
79.1700000000001,1864.92560844858
79.171,1865.58978001963
79.172,1867.56082198739
79.173,1870.6372900761
79.1740000000002,1872.29283529
79.1750000000002,1874.4359075779
79.1760000000002,1877.01144373804
79.1770000000001,1879.83695321032
79.1780000000001,1882.73149351294
79.1790000000001,1885.51289336208
79.1800000000001,1885.76152159012
79.181,1885.74464284934
79.182,1885.66579757676
79.1830000000002,1885.57443233187
79.1840000000002,1885.39917266014
79.1850000000002,1884.91406027459
79.1860000000001,1881.45107966805
79.1870000000001,1877.11414300366
79.1880000000001,1871.8223495343
79.1890000000001,1865.48416438652
79.1900000000001,1858.08781888581
79.191,1849.72080391368
79.192,1838.2757015314
79.1930000000002,1826.67173202426
79.1940000000002,1815.62113306606
79.1950000000002,1805.79371116184
79.1960000000001,1797.73395116548
79.1970000000001,1791.73723459203
79.1980000000001,1785.67557478889
79.1990000000001,1781.91525408826
79.2,1780.37085471078
79.201,1780.75767047648
79.2020000000002,1782.67384844622
79.2030000000002,1785.6039589731
79.2040000000002,1787.00971066718
79.2050000000002,1789.08801072929
79.2060000000001,1791.94521988298
79.2070000000001,1795.73958430911
79.2080000000001,1800.63357693435
79.2090000000001,1806.61424335241
79.21,1811.56255816871
79.211,1817.78122009678
79.2120000000002,1825.20241665817
79.2130000000002,1833.55080145557
79.2140000000002,1842.38682954948
79.2150000000001,1851.02372724845
79.2160000000001,1856.86137160127
79.2170000000001,1861.89596841773
79.2180000000001,1866.08846060668
79.2190000000001,1869.54114047884
79.22,1872.5010004007
79.221,1875.14322416404
79.2220000000002,1875.90627893336
79.2230000000002,1877.61713926152
79.2240000000002,1880.84661512389
79.2250000000001,1885.94745148615
79.2260000000001,1893.00956921094
79.2270000000001,1901.63426971167
79.2280000000001,1909.50633997755
79.229,1918.4252399252
79.23,1927.99708940372
79.2310000000002,1937.79968884882
79.2320000000002,1947.46982884833
79.2330000000002,1956.51320207723
79.2340000000002,1962.9929667723
79.2350000000001,1969.32806764567
79.2360000000001,1975.92476683911
79.2370000000001,1983.14264815965
79.2380000000001,1991.20075681391
79.239,1999.80775554049
79.24,2006.89651859063
79.2410000000002,2014.30961218346
79.2420000000002,2021.58451937006
79.2430000000002,2028.08001070534
79.2440000000001,2033.0831657079
79.2450000000001,2035.59985369249
79.2460000000001,2033.37503700884
79.2470000000001,2028.4545853595
79.248,2021.07964700709
79.249,2011.68274342217
79.25,2000.82943388365
79.2510000000002,1988.78114538048
79.2520000000002,1974.46404038617
79.2530000000002,1960.67210259987
79.2540000000001,1948.04727055723
79.2550000000001,1937.02318169347
79.2560000000001,1927.82552827935
79.2570000000001,1920.11162081138
79.258,1912.20422067635
79.259,1906.16448216086
79.2600000000002,1902.07344901115
79.2610000000002,1899.95661029915
79.2620000000002,1899.78101287214
79.2630000000001,1901.02380562197
79.2640000000001,1901.98730272259
79.2650000000001,1904.58281163965
79.2660000000001,1908.72253390369
79.2670000000001,1914.18432261328
79.268,1920.61674068806
79.269,1927.10601521275
79.2700000000002,1931.67939539876
79.2710000000002,1935.95931452284
79.2720000000002,1939.70583641917
79.2730000000001,1942.69850738398
79.2740000000001,1944.75573088613
79.2750000000001,1945.25347362325
79.2760000000001,1942.73754626476
79.277,1939.37693445281
79.278,1935.50893761442
79.2790000000002,1931.46693905824
79.2800000000002,1927.55411672827
79.2810000000002,1923.48989165538
79.2820000000002,1918.14219302829
79.2830000000001,1913.79609972914
79.2840000000001,1910.79596370704
79.2850000000001,1909.37590809446
79.2860000000001,1909.65555305692
79.287,1911.07273323222
79.288,1912.27952199034
79.2890000000002,1915.20812313404
79.2900000000002,1919.8386563725
79.2910000000002,1926.01156270148
79.2920000000001,1933.43163078708
79.2930000000001,1941.07325427819
79.2940000000001,1947.25178426964
79.2950000000001,1953.56108465938
79.296,1959.73608446291
79.297,1965.51014649432
79.298,1970.65365554207
79.2990000000002,1974.34932878329
79.3000000000002,1975.40282802764
79.3010000000002,1975.98624660655
79.3020000000001,1976.48511909217
79.3030000000001,1977.27404905442
79.3040000000001,1978.66780475403
79.3050000000001,1980.16877623418
79.306,1980.77352726928
79.307,1982.55234175974
79.3080000000002,1985.54850552559
79.3090000000002,1989.60701375785
79.3100000000002,1994.4037043157
79.3110000000001,1998.75000272116
79.3120000000001,2001.13047254842
79.3130000000001,2003.17689315744
79.3140000000001,2004.76651737908
79.3150000000001,2005.82820755079
79.316,2006.3503644567
79.317,2005.59829813157
79.3180000000002,2002.69964997099
79.3190000000002,1999.82620111803
79.3200000000002,1997.37580541607
79.3210000000001,1995.64739191497
79.3220000000001,1994.79811217676
79.3230000000001,1994.00934406751
79.3240000000001,1992.24035061639
79.325,1991.27198668763
79.326,1991.10377318346
79.3270000000002,1991.67779226025
79.3280000000002,1992.90322657677
79.3290000000002,1993.82614166264
79.3300000000002,1993.53765719268
79.3310000000001,1993.92896244211
79.3320000000001,1995.17598076334
79.3330000000001,1997.35539985291
79.3340000000001,2000.40385954909
79.335,2003.22162101311
79.336,2004.73226563122
79.3370000000002,2006.4126965607
79.3380000000002,2008.03652384595
79.3390000000002,2009.34861792158
79.3400000000001,2010.1211389734
79.3410000000001,2009.30637043566
79.3420000000001,2006.24871916809
79.3430000000001,2002.91293046232
79.3440000000001,1999.75721166145
79.345,1997.23072547785
79.346,1995.70178275519
79.3470000000002,1994.4854941892
79.3480000000002,1993.11309352816
79.3490000000002,1993.27199279453
79.3500000000001,1994.95142745193
79.3510000000001,1997.97926023267
79.3520000000001,2002.07745483701
79.3530000000001,2005.98975161989
79.354,2008.99250666642
79.355,2012.62560764511
79.3560000000002,2016.9992198576
79.3570000000002,2022.23604901456
79.3580000000002,2028.43437520183
79.3590000000002,2034.65578535595
79.3600000000001,2040.4945478762
79.3610000000001,2047.51377396163
79.3620000000001,2055.67188517436
79.3630000000001,2064.77280950259
79.364,2074.50207441853
79.365,2083.47778515496
79.3660000000002,2091.05166469193
79.3670000000002,2098.59099089504
79.3680000000002,2106.0905610671
79.3690000000001,2113.5814512824
79.3700000000001,2121.12194069662
79.3710000000001,2127.73852172726
79.3720000000001,2133.28891017639
79.373,2139.44170935596
79.374,2146.35450923388
79.375,2154.0207176541
79.3760000000002,2162.26066201132
79.3770000000002,2169.66163745251
79.3780000000002,2175.64576476725
79.3790000000001,2181.30996994195
79.3800000000001,2186.32350985409
79.3810000000001,2190.3195838183
79.3820000000001,2192.94480855086
79.383,2192.80017981799
79.384,2189.64756523874
79.3850000000002,2185.01633977867
79.3860000000002,2179.19009410188
79.3870000000002,2172.48809140645
79.3880000000001,2165.23055532887
79.3890000000001,2156.53865542616
79.3900000000001,2146.65087195338
79.3910000000001,2137.31402847268
79.3920000000001,2128.82107911352
79.393,2121.28674457513
79.394,2114.6430623976
79.3950000000002,2107.32559706264
79.3960000000002,2099.01274194043
79.3970000000002,2091.05871084773
79.3980000000001,2083.39888243079
79.3990000000001,2075.92409517391
79.4000000000001,2068.46899854896
79.4010000000001,2059.2207937909
79.402,2047.95018502543
79.403,2036.44902223048
79.4040000000002,2025.05799037177
79.4050000000002,2014.12315429222
79.4060000000002,2003.92070227721
79.4070000000002,1992.75825815851
79.4080000000001,1980.67700051351
79.4090000000001,1969.80289445557
79.4100000000001,1960.58467608725
79.4110000000001,1953.32276248232
79.412,1948.07224669348
79.413,1943.01123992934
79.4140000000002,1937.83413561757
79.4150000000002,1933.59470591654
79.4160000000002,1929.91911589058
79.4170000000001,1926.46879230492
79.4180000000001,1923.03914953316
79.4190000000001,1918.61291902313
79.4200000000001,1913.82573541169
79.421,1909.96744481557
79.422,1907.29322450989
79.423,1905.86701216301
79.4240000000002,1905.53977712737
79.4250000000002,1905.29640753476
79.4260000000002,1905.26960192365
79.4270000000001,1905.530210456
79.4280000000001,1905.38534639255
79.4290000000001,1904.28211301166
79.4300000000001,1902.02630263308
79.431,1898.15778382683
79.432,1894.05479676444
79.4330000000002,1891.30504551354
79.4340000000002,1890.59553780452
79.4350000000002,1892.1917998825
79.4360000000001,1895.82575673979
79.4370000000001,1899.51064335997
79.4380000000001,1902.80286764015
79.4390000000001,1905.57269114031
79.4400000000001,1906.93756619478
79.441,1906.53914063513
79.442,1904.81376459751
79.4430000000002,1901.52505772815
79.4440000000002,1899.54725717103
79.4450000000002,1902.84276278493
79.4460000000001,1914.24075413535
79.4470000000001,1935.98386758676
79.4480000000001,1969.30604041455
79.4490000000001,2012.63575505324
79.45,2065.65930736366
79.451,2127.75414533487
79.4520000000002,2196.94524354113
79.4530000000002,2271.51787293509
79.4540000000002,2350.53756428152
79.4550000000002,2432.62394505586
79.4560000000001,2519.83906367059
79.4570000000001,2615.22100673991
79.4580000000001,2720.7634176141
79.4590000000001,2837.47150281323
79.46,2964.51583327636
79.461,3097.06173586586
79.4620000000002,3230.04797302366
79.4630000000002,3356.16301368439
79.4640000000002,3465.3571951428
79.4650000000001,3546.79120615355
79.4660000000001,3590.12591086371
79.4670000000001,3585.24329201966
79.4680000000001,3527.52843126121
79.4690000000001,3416.20105509829
79.47,3253.50526576928
79.471,3045.28633890555
79.4720000000002,2800.27726782151
79.4730000000002,2527.46242323993
79.4740000000002,2239.19852011452
79.4750000000001,1947.52314603262
79.4760000000001,1662.30224854651
79.4770000000001,1391.4030244148
79.4780000000001,1140.42548980522
79.479,911.155627936998
79.48,706.352125758867
79.4810000000002,527.567416978201
79.4820000000002,375.002285628607
79.4830000000002,248.835339282489
79.4840000000002,149.623942502851
79.4850000000001,76.8154612823342
79.4860000000001,33.2042178491398
79.4870000000001,21.6875025981864
79.4880000000001,44.160759595608
79.489,101.693709736791
79.49,194.001900691361
79.4910000000002,317.350274890913
79.4920000000002,469.024524648138
79.4930000000002,644.235301425719
79.4940000000001,835.925525020428
79.4950000000001,1035.97249785532
79.4960000000001,1235.83157996493
79.4970000000001,1425.51058617509
79.498,1598.98823450475
79.499,1751.37468967885
79.5,1878.87788119393
79.5010000000002,1979.55786743862
79.5020000000002,2053.22166789615
79.5030000000002,2099.40693490044
79.5040000000001,2121.95670926465
79.5050000000001,2125.05743983309
79.5060000000001,2112.65564737216
79.5070000000001,2088.76350560508
79.508,2057.2109181897
79.509,2019.63626467342
79.5100000000002,1980.59428050183
79.5110000000002,1943.57078305434
79.5120000000002,1910.86593411019
79.5130000000001,1884.15911085306
79.5140000000001,1864.4730316963
79.5150000000001,1850.13132805583
79.5160000000001,1842.67881257885
79.5170000000001,1842.25593620443
79.518,1847.86871082341
79.519,1858.18323664834
79.5200000000002,1871.69787544586
79.5210000000002,1884.5967343757
79.5220000000002,1897.77458550962
79.5230000000001,1911.08884353018
79.5240000000001,1923.87328272355
79.5250000000001,1935.65945149898
79.5260000000001,1946.17121374586
79.527,1952.70784407575
79.528,1957.92591228847
79.5290000000002,1962.80952337435
79.5300000000002,1967.44231760316
79.5310000000002,1971.76916046102
79.5320000000002,1975.65951162286
79.5330000000001,1976.69247928733
79.5340000000001,1977.00304069674
79.5350000000001,1977.37129092723
79.5360000000001,1977.94564172684
79.537,1978.80416891293
79.538,1979.95495684153
79.5390000000002,1979.69247294069
79.5400000000002,1979.24941788239
79.5410000000002,1979.21038247364
79.5420000000001,1979.81134723969
79.5430000000001,1981.19144884268
79.5440000000001,1983.31628051521
79.5450000000001,1984.6352571148
79.546,1985.54506121766
79.547,1986.17407288521
79.548,1986.49726855644
79.5490000000002,1986.4983917438
79.5500000000002,1986.11599717252
79.5510000000002,1983.83467942215
79.5520000000001,1980.44603737887
79.5530000000001,1976.48953387849
79.5540000000001,1972.46192327797
79.5550000000001,1968.92285782145
79.556,1966.37052976314
79.557,1963.26347215967
79.5580000000002,1961.43501132359
79.5590000000002,1961.48841686208
79.5600000000002,1963.56960432918
79.5610000000001,1967.62094314783
79.5620000000001,1973.36691864894
79.5630000000001,1978.07013482713
79.5640000000001,1983.41793037472
79.5650000000001,1989.40407863821
79.566,1995.67849583291
79.567,2001.90220671095
79.5680000000002,2007.7707486578
79.5690000000002,2010.74583442293
79.5700000000002,2012.98838567923
79.5710000000001,2014.97793335825
79.5720000000001,2016.9028874058
79.5730000000001,2018.8823010113
79.5740000000001,2020.92063038581
79.575,2020.67263622581
79.576,2020.20139131972
79.5770000000002,2019.79667622736
79.5780000000002,2019.47676781106
79.5790000000002,2019.22817494016
79.5800000000002,2019.01261566865
79.5810000000001,2016.51654761627
79.5820000000001,2014.07486339213
79.5830000000001,2012.20248164074
79.5840000000001,2011.18789514856
79.585,2011.2280863115
79.586,2012.37178875421
79.5870000000002,2012.16874136393
79.5880000000002,2012.8319568489
79.5890000000002,2014.45567929281
79.5900000000001,2016.86526388155
79.5910000000001,2019.81135318423
79.5920000000001,2023.00573684827
79.5930000000001,2023.78698247037
79.5940000000001,2024.53537799764
79.595,2025.58193143157
79.596,2027.17258800711
79.5970000000002,2029.53969580128
79.5980000000002,2032.83518645089
79.5990000000002,2034.65896882791
79.6000000000001,2037.57817629419
79.6010000000001,2041.76523039952
79.6020000000001,2047.13870094718
79.6030000000001,2053.46243087128
79.604,2060.36982716801
79.605,2064.97679117138
79.6060000000002,2069.58267191661
79.6070000000002,2074.18374687714
79.6080000000002,2078.77655516521
79.6090000000002,2083.40333708248
79.6100000000001,2088.12366334802
79.6110000000001,2090.52061447549
79.6120000000001,2093.44932231809
79.6130000000001,2097.25236196257
79.614,2102.14529729588
79.615,2108.18795439681
79.6160000000002,2115.21264636286
79.6170000000002,2120.51526198032
79.6180000000002,2126.38000207577
79.6190000000001,2132.55969578182
79.6200000000001,2138.68767389751
79.6210000000001,2144.32789860056
79.6220000000001,2148.93918875183
79.623,2149.77248546204
79.624,2149.1998289226
79.625,2147.33951053922
79.6260000000002,2144.40793425715
79.6270000000002,2140.71085450154
79.6280000000002,2136.4873710131
79.6290000000001,2129.84460015144
79.6300000000001,2123.81149219857
79.6310000000001,2118.95327307912
79.6320000000001,2115.65117325495
79.633,2114.06866332435
79.634,2113.97562767239
79.6350000000002,2112.87547987041
79.6360000000002,2112.97656528021
79.6370000000002,2114.01091800941
79.6380000000001,2115.6116928808
79.6390000000001,2117.38196213379
79.6400000000001,2118.75596487407
79.6410000000001,2117.28407039859
79.6420000000001,2115.46951416075
79.643,2113.60257031271
79.644,2112.03650234234
79.6450000000002,2111.14096608249
79.6460000000002,2110.99913380233
79.6470000000002,2109.69360389544
79.6480000000001,2109.95082662977
79.6490000000001,2111.975587932
79.6500000000001,2115.71711609104
79.6510000000001,2120.86877448331
79.652,2126.61574101913
79.653,2130.17649602127
79.6540000000002,2133.44086314457
79.6550000000002,2136.00719186352
79.6560000000002,2137.54279511476
79.6570000000002,2137.84136667565
79.6580000000001,2136.52894078807
79.6590000000001,2131.68073816352
79.6600000000001,2126.1794668103
79.6610000000001,2120.68275845171
79.662,2115.80421775783
79.663,2112.02284865474
79.6640000000002,2109.24270924367
79.6650000000002,2105.51067652095
79.6660000000002,2103.24121992686
79.6670000000001,2102.34595308682
79.6680000000001,2102.54709458005
79.6690000000001,2103.44635750628
79.6700000000001,2104.19345493982
79.671,2102.47357774692
79.672,2100.55520319347
79.673,2098.5330127997
79.6740000000002,2096.54999754958
79.6750000000002,2094.76041255333
79.6760000000002,2092.84337099022
79.6770000000001,2089.05889705198
79.6780000000001,2085.92093245818
79.6790000000001,2083.60161270432
79.6800000000001,2082.1337941367
79.681,2081.43517387278
79.682,2080.86372582842
79.6830000000002,2078.51562085507
79.6840000000002,2076.72627376769
79.6850000000002,2075.62508586131
79.6860000000001,2075.30950416356
79.6870000000001,2075.83604486373
79.6880000000001,2076.69200718684
79.6890000000001,2076.20498501203
79.6900000000001,2076.76932662956
79.691,2078.56044053505
79.692,2081.67791274451
79.6930000000002,2086.16005957906
79.6940000000002,2091.44554464071
79.6950000000002,2095.9530818831
79.6960000000001,2102.03601576543
79.6970000000001,2109.86428054933
79.6980000000001,2119.47380126407
79.6990000000001,2130.73832095732
79.7,2142.76669260422
79.701,2153.64326459993
79.7020000000002,2165.18625020265
79.7030000000002,2177.05193725848
79.7040000000002,2188.84228400412
79.7050000000002,2200.16823003081
79.7060000000001,2210.08180565644
79.7070000000001,2217.00183102968
79.7080000000001,2223.17850070815
79.7090000000001,2228.91433445442
79.71,2234.51662515667
79.711,2240.24196979773
79.7120000000002,2245.58353286841
79.7130000000002,2249.28574655685
79.7140000000002,2253.5756078353
79.7150000000001,2258.53830990808
79.7160000000001,2264.11637631443
79.7170000000001,2270.14512897756
79.7180000000001,2275.68635526704
79.7190000000001,2279.26318141275
79.72,2282.90315152371
79.721,2286.62570585492
79.7220000000002,2290.3721414882
79.7230000000002,2293.98440002249
79.7240000000002,2296.45269942999
79.7250000000001,2296.27385981312
79.7260000000001,2295.27407455178
79.7270000000001,2293.30671589786
79.7280000000001,2290.2042479199
79.729,2285.82940123793
79.73,2279.34783114379
79.7310000000002,2269.76890819223
79.7320000000002,2259.49742724331
79.7330000000002,2249.14651158456
79.7340000000002,2239.34639788412
79.7350000000001,2230.67504208833
79.7360000000001,2222.77932421664
79.7370000000001,2214.97096872593
79.7380000000001,2209.4626993002
79.739,2206.36854078782
79.74,2205.52026249697
79.7410000000002,2206.50264125296
79.7420000000002,2207.8738244524
79.7430000000002,2208.06107680099
79.7440000000001,2208.51660518191
79.7450000000001,2208.96022484486
79.7460000000001,2209.2058962295
79.7470000000001,2209.18049273526
79.748,2208.03398915415
79.749,2205.06643834911
79.75,2202.49753034425
79.7510000000002,2200.72578629038
79.7520000000002,2199.99593338556
79.7530000000002,2200.34649500937
79.7540000000001,2200.67469024291
79.7550000000001,2199.87681986311
79.7560000000001,2199.48268950672
79.7570000000001,2199.21216564527
79.758,2198.75812362471
79.759,2197.85956221982
79.7600000000002,2195.38923316196
79.7610000000002,2190.68243055886
79.7620000000002,2185.90572483725
79.7630000000001,2181.57133252646
79.7640000000001,2178.15996650602
79.7650000000001,2176.03693682487
79.7660000000001,2174.3609934585
79.7670000000001,2172.534315896
79.768,2172.34650891733
79.769,2173.65596546984
79.7700000000002,2176.14298162634
79.7710000000002,2179.38937443795
79.7720000000002,2181.89849854393
79.7730000000001,2182.83236301436
79.7740000000001,2183.95282554616
79.7750000000001,2185.40944843193
79.7760000000001,2187.37496143628
79.777,2189.98997676942
79.778,2192.19585774885
79.7790000000002,2193.52337915046
79.7800000000002,2195.71133280641
79.7810000000002,2198.63330157227
79.7820000000002,2201.96739553159
79.7830000000001,2205.25482835496
79.7840000000001,2206.82376196149
79.7850000000001,2205.88978569095
79.7860000000001,2204.04188976726
79.787,2201.33996287498
79.788,2197.9448362849
79.7890000000002,2194.1047967132
79.7900000000002,2188.91945047049
79.7910000000002,2182.4819216999
79.7920000000001,2177.03399080613
79.7930000000001,2173.09556838666
79.7940000000001,2171.00540250449
79.7950000000001,2170.88932116854
79.796,2171.41531326644
79.797,2172.1217359244
79.798,2174.42268729058
79.7990000000002,2178.00923992862
79.8000000000002,2182.41929884631
79.8010000000002,2187.08491810647
79.8020000000001,2190.11063383345
79.8030000000001,2190.82684074529
79.8040000000001,2190.61827996363
79.8050000000001,2189.4726259183
79.806,2187.49650276616
79.807,2184.90643918935
79.8080000000002,2180.67516057662
79.8090000000002,2175.14424433986
79.8100000000002,2170.49323868782
79.8110000000001,2167.32198741862
79.8120000000001,2166.04416990336
79.8130000000001,2166.82957918857
79.8140000000001,2168.23064328904
79.8150000000001,2169.9809683512
79.816,2173.29535214305
79.817,2177.78635191875
79.8180000000002,2182.94427810269
79.8190000000002,2188.20893762703
79.8200000000002,2191.82483142797
79.8210000000001,2193.56986984675
79.8220000000001,2194.60082554978
79.8230000000001,2194.89229922911
79.8240000000001,2194.49676794556
79.825,2193.5541508155
79.826,2191.14174937063
79.8270000000002,2187.86314660305
79.8280000000002,2185.28137774185
79.8290000000002,2183.64084204219
79.8300000000002,2182.95867781368
79.8310000000001,2183.03269564924
79.8320000000001,2182.14458457777
79.8330000000001,2180.21695878528
79.8340000000001,2178.36139764152
79.835,2176.53389254381
79.836,2174.82074735828
79.8370000000002,2173.46455068123
79.8380000000002,2171.3760850046
79.8390000000002,2169.42874445246
79.8400000000001,2169.61140253955
79.8410000000001,2172.4557185508
79.8420000000001,2178.14908423086
79.8430000000001,2186.45998481183
79.8440000000001,2195.27463632244
79.845,2204.14200409393
79.846,2213.4221578751
79.8470000000002,2222.26037502869
79.8480000000002,2229.95310290198
79.8490000000002,2236.09723002225
79.8500000000001,2239.20286985686
79.8510000000001,2240.21675535546
79.8520000000001,2241.17463434085
79.8530000000001,2243.0175691569
79.854,2246.50529671284
79.855,2252.03903544935
79.8560000000002,2258.05760747951
79.8570000000002,2264.71265250879
79.8580000000002,2272.5135067264
79.8590000000002,2280.64594941289
79.8600000000001,2288.26959863377
79.8610000000001,2294.7325922618
79.8620000000001,2298.18255258449
79.8630000000001,2299.49673772469
79.864,2300.52763721591
79.865,2302.19167996177
79.8660000000002,2305.24120279859
79.8670000000002,2309.94742247535
79.8680000000002,2314.23298209407
79.8690000000001,2317.49793822952
79.8700000000001,2318.66837772143
79.8710000000001,2314.7736414237
79.8720000000001,2302.29418797419
79.873,2277.65583522619
79.874,2236.2152589324
79.875,2177.01181583965
79.8760000000002,2101.15877704631
79.8770000000002,2010.76794746239
79.8780000000002,1909.997019977
79.8790000000001,1804.82494500816
79.8800000000001,1700.88052786566
79.8810000000001,1606.99793395799
79.8820000000001,1531.92290802391
79.883,1482.10985393025
79.884,1461.83845775584
79.8850000000002,1472.63537803989
79.8860000000002,1511.35205248013
79.8870000000002,1574.79479154597
79.8880000000001,1657.63944245766
79.8890000000001,1752.13645580503
79.8900000000001,1849.99776993141
79.8910000000001,1943.39134419437
79.8920000000001,2024.08269096858
79.893,2088.63917481479
79.894,2135.86681054149
79.8950000000002,2165.77521167931
79.8960000000002,2180.06761417719
79.8970000000002,2181.56981868097
79.8980000000001,2171.84713909861
79.8990000000001,2155.34403528315
79.9000000000001,2135.90137581957
79.9010000000001,2115.71952422815
79.902,2096.15005039173
79.903,2077.83197417824
79.9040000000002,2059.14743920214
79.9050000000002,2041.37576634903
79.9060000000002,2025.61116175018
79.9070000000002,2012.22579427371
79.9080000000001,2001.65850821202
79.9090000000001,1994.32202466531
79.9100000000001,1988.62452874017
79.9110000000001,1985.95276957834
79.912,1987.00933488602
79.913,1991.31130053682
79.9140000000002,1998.02981377538
79.9150000000002,2006.1258036647
79.9160000000002,2012.62903947404
79.9170000000001,2018.08892795553
79.9180000000001,2022.8467816748
79.9190000000001,2026.73681760328
79.9200000000001,2029.79444256242
79.921,2032.18005164856
79.922,2032.14297365975
79.923,2031.42557732278
79.9240000000002,2031.0739699587
79.9250000000002,2031.2311958544
79.9260000000002,2031.8563276584
79.9270000000001,2032.77189927521
79.9280000000001,2031.75178451543
79.9290000000001,2030.24077083344
79.9300000000001,2029.01927336919
79.931,2028.19459165405
79.932,2027.85621244574
79.9330000000002,2028.04900938658
79.9340000000002,2026.75420910488
79.9350000000002,2025.61162103878
79.9360000000001,2025.37118158551
79.9370000000001,2026.0256968243
79.9380000000001,2027.44950314786
79.9390000000001,2029.42408912493
79.9400000000001,2029.835121906
79.941,2029.92504644804
79.942,2030.25040992369
79.9430000000002,2030.84123687297
79.9440000000002,2031.68333474327
79.9450000000002,2032.68802924753
79.9460000000001,2031.92684172872
79.9470000000001,2030.61513528868
79.9480000000001,2029.28821318372
79.9490000000001,2028.03621403938
79.95,2026.92481545853
79.951,2025.96675019037
79.9520000000002,2023.12567570439
79.9530000000002,2020.09776190056
79.9540000000002,2017.53401235326
79.9550000000002,2015.55216149588
79.9560000000001,2014.20861557368
79.9570000000001,2013.4950096852
79.9580000000001,2011.24299223873
79.9590000000001,2009.34497478264
79.96,2008.4256288883
79.961,2008.55897168245
79.9620000000002,2009.72422010621
79.9630000000002,2011.80219767741
79.9640000000002,2012.4950032061
79.9650000000001,2013.54630293325
79.9660000000001,2015.37314775448
79.9670000000001,2017.90635947498
79.9680000000001,2021.00646766521
79.9690000000001,2024.46664732524
79.97,2025.93793874788
79.971,2027.17898410221
79.9720000000002,2028.60012330697
79.9730000000002,2030.21342455175
79.9740000000002,2031.99228748249
79.9750000000001,2033.85779348627
79.9760000000001,2033.54850463486
79.9770000000001,2033.01836149154
79.9780000000001,2032.72825707643
79.979,2032.74441952816
79.98,2033.06631923326
79.9810000000002,2033.6194892591
79.9820000000002,2032.09084555668
79.9830000000002,2030.51447037618
79.9840000000002,2029.3098592044
79.9850000000001,2028.54321328114
79.9860000000001,2028.22468988389
79.9870000000001,2028.30047962187
79.9880000000001,2026.44315627027
79.989,2024.79530053537
79.99,2023.76495605743
79.9910000000002,2023.42779504589
79.9920000000002,2023.78272701343
79.9930000000002,2024.74002182271
79.9940000000001,2023.86209353041
79.9950000000001,2023.29916484375
79.9960000000001,2023.34418628147
79.9970000000001,2023.99472427523
79.998,2025.18217747067
79.999,2026.76618284719
80,2026.23501400224
80.0010000000002,2025.81772313373
80.0020000000002,2025.79165577729
80.0030000000002,2026.19282733348
80.0040000000001,2027.00324681523
80.0050000000001,2028.13746376999
80.0060000000001,2027.07336173326
80.0070000000001,2026.18380901708
80.008,2025.75305772497
80.009,2025.84477264739
80.0100000000002,2026.45094957394
80.0110000000002,2027.47677211471
80.0120000000002,2026.30877148336
80.0130000000001,2025.38194161482
80.0140000000001,2024.9194078026
80.0150000000001,2024.96924953426
80.0160000000001,2025.52175606129
80.0170000000001,2026.49434974856
80.018,2025.26393649559
80.019,2024.36391110865
80.0200000000002,2024.00414915279
80.0210000000002,2024.24351433719
80.0220000000002,2025.06266952013
80.0230000000001,2026.34642687328
80.0240000000001,2025.37635790874
80.0250000000001,2024.71198177805
80.0260000000001,2024.47638510627
80.027,2024.69831525218
80.028,2025.35713605495
80.0290000000002,2026.3671491988
80.0300000000002,2024.97810149596
80.0310000000002,2023.94701325758
80.0320000000002,2023.4423731293
80.0330000000001,2023.5559527949
80.0340000000001,2024.29287283929
80.0350000000001,2025.50858809086
80.0360000000001,2024.42139275992
80.037,2023.71417211097
80.038,2023.49116191016
80.0390000000002,2023.81950694749
80.0400000000002,2024.74163178391
80.0410000000002,2026.18228096713
80.0420000000001,2025.60480830259
80.0430000000001,2025.85812322373
80.0440000000001,2027.23153649148
80.0450000000001,2029.91275465591
80.046,2033.95456756547
80.047,2039.11478807194
80.048,2042.65983875256
80.0490000000002,2047.02487777993
80.0500000000002,2052.05918836446
80.0510000000002,2057.52394663461
80.0520000000001,2063.13593719863
80.0530000000001,2068.43697245908
80.0540000000001,2070.7908353678
80.0550000000001,2072.85461146593
80.056,2074.92686463926
80.057,2077.35778572725
80.0580000000002,2080.50681979864
80.0590000000002,2084.47326418846
80.0600000000002,2087.14179866493
80.0610000000001,2091.38393235175
80.0620000000001,2097.47046658494
80.0630000000001,2105.44755035908
80.0640000000001,2115.12432236174
80.0650000000001,2125.8299533345
80.066,2134.69521004602
80.067,2143.78756766386
80.0680000000002,2152.72875962287
80.0690000000002,2161.13866146102
80.0700000000002,2168.67969426239
80.0710000000001,2174.79248372217
80.0720000000001,2177.11080334538
80.0730000000001,2178.31328053249
80.0740000000001,2178.79688018543
80.075,2178.99074523225
80.076,2179.30591873763
80.0770000000002,2179.7535495887
80.0780000000002,2178.46092739261
80.0790000000002,2178.30380251058
80.0800000000002,2179.71274245063
80.0810000000001,2182.99150260866
80.0820000000001,2188.30751421018
80.0830000000001,2195.30913002054
80.0840000000001,2201.82572751555
80.085,2210.29717182136
80.086,2220.71466203278
80.0870000000002,2232.90228175579
80.0880000000002,2246.50333656903
80.0890000000002,2260.56459412612
80.0900000000001,2272.41504904929
80.0910000000001,2283.95664014847
80.0920000000001,2294.78090388369
80.0930000000001,2304.49761907142
80.0940000000001,2312.78056150332
80.095,2318.94218190944
80.096,2320.95665697553
80.0970000000002,2321.53295083715
80.0980000000002,2321.23831865312
80.0990000000002,2320.68960163778
80.1000000000001,2320.46651872944
80.1010000000001,2320.52257582473
80.1020000000001,2319.2784856723
80.1030000000001,2319.39949631567
80.104,2321.08688686585
80.105,2324.29691830591
80.1060000000002,2328.76468971956
80.1070000000002,2333.51501079214
80.1080000000002,2336.26935545008
80.1090000000002,2339.07753189868
80.1100000000001,2341.86196913936
80.1110000000001,2344.62938268115
80.1120000000001,2347.46804736346
80.1130000000001,2349.93686951366
80.114,2350.52076329231
80.115,2351.90694091157
80.1160000000002,2354.51478995042
80.1170000000002,2358.58962018329
80.1180000000002,2364.14947971493
80.1190000000001,2370.33292860186
80.1200000000001,2375.07461617436
80.1210000000001,2380.32644150715
80.1220000000001,2385.79370746215
80.123,2391.15415484531
80.124,2396.1136909496
80.125,2399.76092693189
80.1260000000002,2400.40748149601
80.1270000000002,2400.62848291249
80.1280000000002,2400.90437500696
80.1290000000001,2401.71160213997
80.1300000000001,2403.43218251264
80.1310000000001,2405.52595287995
80.1320000000001,2406.46411190812
80.133,2408.61507533129
80.134,2411.95202302553
80.1350000000002,2416.25937620086
80.1360000000002,2421.17979539194
80.1370000000002,2425.48136495887
80.1380000000001,2427.28673222522
80.1390000000001,2428.82956887358
80.1400000000001,2430.29417641696
80.1410000000001,2431.95655699954
80.1420000000001,2434.13500345224
80.143,2436.27421394779
80.144,2437.21312367875
80.1450000000002,2439.62238609237
80.1460000000002,2443.85166893439
80.1470000000002,2450.02026550311
80.1480000000001,2457.98584983387
80.1490000000001,2466.44182284266
80.1500000000001,2473.48633815058
80.1510000000001,2480.9478749416
80.152,2488.4468234263
80.153,2495.58407644917
80.1540000000002,2501.97907435356
80.1550000000002,2506.34424375706
80.1560000000002,2507.23012274073
80.1570000000002,2506.99574167767
80.1580000000001,2505.92871798399
80.1590000000001,2504.31212240526
80.1600000000001,2502.37486023865
80.1610000000001,2499.25885104968
80.162,2493.9156440613
80.163,2488.80496362642
80.1640000000002,2484.22530900832
80.1650000000002,2480.39168080707
80.1660000000002,2477.44260163055
80.1670000000001,2474.40824668645
80.1680000000001,2470.31923336826
80.1690000000001,2467.63419442934
80.1700000000001,2466.70749785817
80.171,2467.78811279374
80.172,2470.97965283895
80.173,2475.13027059169
80.1740000000002,2479.11449389561
80.1750000000002,2484.98379812941
80.1760000000002,2492.66237289764
80.1770000000001,2501.9681332744
80.1780000000001,2512.64036750842
80.1790000000001,2523.23521024082
80.1800000000001,2532.6265142307
80.181,2542.88382430469
80.182,2554.07708135101
80.1830000000002,2566.20177206435
80.1840000000002,2579.1357350718
80.1850000000002,2591.4357309343
80.1860000000001,2602.00458640391
80.1870000000001,2612.68448420399
80.1880000000001,2623.3014308261
80.1890000000001,2633.6372661286
80.1900000000001,2643.47863562009
80.191,2651.44528096144
80.192,2656.87012370116
80.1930000000002,2662.08034438671
80.1940000000002,2667.55159766372
80.1950000000002,2673.71624952168
80.1960000000001,2680.8778124896
80.1970000000001,2687.86651423631
80.1980000000001,2694.04291132944
80.1990000000001,2701.30807879748
80.2,2709.4535704238
80.201,2718.05458890099
80.2020000000002,2726.53145029793
80.2030000000002,2732.90634709285
80.2040000000002,2736.12996514236
80.2050000000002,2737.90541117165
80.2060000000001,2738.21222384999
80.2070000000001,2737.12602637148
80.2080000000001,2734.79350922815
80.2090000000001,2730.03160628116
80.21,2722.739216546
80.211,2715.33486251056
80.2120000000002,2708.39088393019
80.2130000000002,2702.38682655181
80.2140000000002,2697.67933317656
80.2150000000001,2693.05779668394
80.2160000000001,2688.37599694664
80.2170000000001,2685.70440236809
80.2180000000001,2685.12885682031
80.2190000000001,2686.48628386906
80.22,2689.36312463576
80.221,2691.65372693785
80.2220000000002,2692.47350030086
80.2230000000002,2693.1590868474
80.2240000000002,2693.3441412129
80.2250000000001,2692.75734700154
80.2260000000001,2691.27628913522
80.2270000000001,2687.42913144948
80.2280000000001,2681.40957319513
80.229,2675.66881648235
80.23,2670.96784299914
80.2310000000002,2667.92168434003
80.2320000000002,2666.87426519889
80.2330000000002,2666.25420633137
80.2340000000002,2665.75585937804
80.2350000000001,2666.73536829521
80.2360000000001,2668.65169799514
80.2370000000001,2670.8042831164
80.2380000000001,2672.45854632844
80.239,2671.36170667064
80.24,2667.25164006451
80.2410000000002,2661.95071485616
80.2420000000002,2655.89037284655
80.2430000000002,2649.62976884117
80.2440000000001,2643.75074173577
80.2450000000001,2637.08686916441
80.2460000000001,2630.27894198609
80.2470000000001,2625.44241373938
80.248,2622.84851686879
80.249,2622.4983943545
80.25,2624.1628366923
80.2510000000002,2625.71600152434
80.2520000000002,2627.09269063236
80.2530000000002,2629.75140383216
80.2540000000001,2633.55841817771
80.2550000000001,2638.32968085919
80.2560000000001,2643.81426637623
80.2570000000001,2647.89880861645
80.258,2650.7026466821
80.259,2653.67819844975
80.2600000000002,2656.6707558765
80.2610000000002,2659.4524190769
80.2620000000002,2661.75961285927
80.2630000000001,2661.50184116525
80.2640000000001,2659.12045812398
80.2650000000001,2656.37592921228
80.2660000000001,2653.56334703294
80.2670000000001,2650.95509297099
80.268,2648.7661733542
80.269,2645.23094329373
80.2700000000002,2641.13770636259
80.2710000000002,2638.30991821237
80.2720000000002,2636.99974588795
80.2730000000001,2637.3303808272
80.2740000000001,2639.30642164109
80.2750000000001,2640.87915341923
80.2760000000001,2642.69509579214
80.277,2646.31300927038
80.278,2651.75395390039
80.2790000000002,2658.85978225399
80.2800000000002,2667.27222728121
80.2810000000002,2674.44103923504
80.2820000000002,2680.59630753811
80.2830000000001,2686.73513023099
80.2840000000001,2692.44734196292
80.2850000000001,2697.32015974022
80.2860000000001,2700.99160628373
80.287,2701.15073652812
80.288,2698.684477851
80.2890000000002,2695.30101606854
80.2900000000002,2691.44068647808
80.2910000000002,2687.50075641253
80.2920000000001,2683.76331179088
80.2930000000001,2678.27419551146
80.2940000000001,2672.10280722475
80.2950000000001,2666.71538724752
80.296,2662.17171686615
80.297,2658.40573706823
80.298,2655.27412891498
80.2990000000002,2650.50125779874
80.3000000000002,2645.16785528882
80.3010000000002,2640.79162676704
80.3020000000001,2637.67667595665
80.3030000000001,2636.05116392587
80.3040000000001,2636.00624335132
80.3050000000001,2635.32306889452
80.306,2635.01758831245
80.307,2636.15529263786
80.3080000000002,2638.45506897358
80.3090000000002,2641.45886518663
80.3100000000002,2644.59277138844
80.3110000000001,2645.10524817255
80.3120000000001,2643.83643021833
80.3130000000001,2641.83798771656
80.3140000000001,2639.19813369326
80.3150000000001,2636.10902079316
80.316,2632.83828251838
80.317,2627.53624265495
80.3180000000002,2622.00140836321
80.3190000000002,2617.90581238582
80.3200000000002,2615.75598658978
80.3210000000001,2615.86763019501
80.3220000000001,2618.34103053566
80.3230000000001,2620.89408441923
80.3240000000001,2624.8080092941
80.325,2630.95626724806
80.326,2639.05509287376
80.3270000000002,2648.66058611584
80.3280000000002,2659.21074058219
80.3290000000002,2667.89035300794
80.3300000000002,2675.73651037136
80.3310000000001,2683.44075969115
80.3320000000001,2690.79300737266
80.3330000000001,2697.60833775476
80.3340000000001,2703.73397160548
80.335,2706.83484035917
80.336,2708.58527794743
80.3370000000002,2710.15193198135
80.3380000000002,2711.76520109035
80.3390000000002,2713.55141176301
80.3400000000001,2715.51320146372
80.3410000000001,2715.26851205772
80.3420000000001,2714.45877146783
80.3430000000001,2713.97168752087
80.3440000000001,2713.75741831524
80.345,2713.67854558754
80.346,2713.54058741852
80.3470000000002,2710.81676500794
80.3480000000002,2707.26524701836
80.3490000000002,2703.83126616947
80.3500000000001,2700.62158897894
80.3510000000001,2697.67379570487
80.3520000000001,2694.94701758906
80.3530000000001,2689.98101815513
80.354,2684.64963582345
80.355,2679.81610697038
80.3560000000002,2675.50089973728
80.3570000000002,2671.62733280094
80.3580000000002,2668.03860511075
80.3590000000002,2662.08343606249
80.3600000000001,2655.68987811242
80.3610000000001,2649.70034558229
80.3620000000001,2644.18256330001
80.3630000000001,2639.10745856572
80.364,2634.32791739323
80.365,2626.82623188051
80.3660000000002,2618.63834974185
80.3670000000002,2610.55545982138
80.3680000000002,2602.58353019185
80.3690000000001,2594.6291066205
80.3700000000001,2586.47756706036
80.3710000000001,2574.59681287541
80.3720000000001,2561.33670598361
80.373,2547.73194136794
80.374,2534.13446197993
80.375,2520.88879782539
80.3760000000002,2508.24855323787
80.3770000000002,2492.9239759434
80.3780000000002,2477.78345038989
80.3790000000001,2464.06578397538
80.3800000000001,2452.20525235157
80.3810000000001,2442.46562016161
80.3820000000001,2434.87150517449
80.383,2426.51073360916
80.384,2419.45046385129
80.3850000000002,2413.95431450869
80.3860000000002,2409.62835399259
80.3870000000002,2406.05579135149
80.3880000000001,2402.89843172523
80.3890000000001,2398.32617528163
80.3900000000001,2394.28454997527
80.3910000000001,2391.12941530228
80.3920000000001,2388.74696357425
80.393,2386.9162077787
80.394,2385.36666451052
80.3950000000002,2382.5698982876
80.3960000000002,2380.14378385256
80.3970000000002,2378.04668293374
80.3980000000001,2375.89467826423
80.3990000000001,2373.37241510103
80.4000000000001,2370.37217505093
80.4010000000001,2365.19223044203
80.402,2360.53077854252
80.403,2357.27721498855
80.4040000000002,2355.81532134981
80.4050000000002,2356.2002881307
80.4060000000002,2358.10437684506
80.4070000000002,2358.27547818594
80.4080000000001,2358.6847123757
80.4090000000001,2359.15960273636
80.4100000000001,2359.42126307814
80.4110000000001,2359.64839170737
80.412,2360.63067994147
80.413,2361.00723055956
80.4140000000002,2365.73464214503
80.4150000000002,2377.6604736947
80.4160000000002,2399.15125831418
80.4170000000001,2432.01233588646
80.4180000000001,2477.20326198342
80.4190000000001,2532.03321718841
80.4200000000001,2598.62548843964
80.421,2676.05807024166
80.422,2762.84275215967
80.423,2857.53402009321
80.4240000000002,2958.99354576894
80.4250000000002,3063.82690060122
80.4260000000002,3174.48625111608
80.4270000000001,3290.72103391328
80.4280000000001,3411.27057866141
80.4290000000001,3533.50809738433
80.4300000000001,3653.04633039269
80.431,3760.94415777798
80.432,3852.44238697221
80.4330000000002,3919.19473847183
80.4340000000002,3952.56549907943
80.4350000000002,3944.81698361602
80.4360000000001,3890.10667354792
80.4370000000001,3782.55205964999
80.4380000000001,3625.24900297962
80.4390000000001,3421.73438273221
80.4400000000001,3178.12095347292
80.441,2902.50887003757
80.442,2604.14815399757
80.4430000000002,2289.93232338054
80.4440000000002,1972.31491532181
80.4450000000002,1660.31677295664
80.4460000000001,1362.0105441008
80.4470000000001,1084.63191275743
80.4480000000001,834.728220211783
80.4490000000001,615.584962543555
80.45,435.882870264526
80.451,300.784128897903
80.4520000000002,214.356151271734
80.4530000000002,179.126803461655
80.4540000000002,195.568846056362
80.4550000000002,259.210387449317
80.4560000000001,368.849540007706
80.4570000000001,518.148874679797
80.4580000000001,698.770301899372
80.4590000000001,901.039839270262
80.46,1114.6481992875
80.461,1327.09751056871
80.4620000000002,1532.49364406918
80.4630000000002,1723.72524864513
80.4640000000002,1895.42409155997
80.4650000000001,2044.037766808
80.4660000000001,2167.56775741459
80.4670000000001,2263.11393172633
80.4680000000001,2334.37018919913
80.4690000000001,2383.14704036656
80.47,2411.7278609155
80.471,2422.68310409805
80.4720000000002,2418.56798538558
80.4730000000002,2399.80926444926
80.4740000000002,2372.1881663653
80.4750000000001,2338.77847614365
80.4760000000001,2302.44671134669
80.4770000000001,2265.77238712006
80.4780000000001,2230.74333675644
80.479,2196.78625160001
80.48,2168.18507583896
80.4810000000002,2146.01027057864
80.4820000000002,2130.76603671856
80.4830000000002,2122.45371000294
80.4840000000002,2120.36089263533
80.4850000000001,2121.29452324953
80.4860000000001,2127.52280976485
80.4870000000001,2138.06287931327
80.4880000000001,2151.68746089228
80.489,2167.04160485037
80.49,2182.38090334083
80.4910000000002,2193.88180579809
80.4920000000002,2204.167239591
80.4930000000002,2212.56543608553
80.4940000000001,2218.5362504506
80.4950000000001,2221.78192431932
80.4960000000001,2221.86789371014
80.4970000000001,2216.60278421683
80.498,2210.35609305352
80.499,2203.95627937309
80.5,2198.04793292841
80.5010000000002,2193.07839745362
80.5020000000002,2188.90188388013
80.5030000000002,2183.53165214854
80.5040000000001,2179.79249119826
80.5050000000001,2177.69390560569
80.5060000000001,2177.0266392523
80.5070000000001,2177.42764427656
80.508,2178.16345007802
80.509,2177.25070933778
80.5100000000002,2176.06848415838
80.5110000000002,2174.74897807828
80.5120000000002,2173.54274354682
80.5130000000001,2172.71348953453
80.5140000000001,2172.17807150256
80.5150000000001,2170.61607112807
80.5160000000001,2169.27280984816
80.5170000000001,2168.39120534924
80.518,2168.18596840268
80.519,2168.76351231058
80.5200000000002,2169.68896767456
80.5210000000002,2169.22983792824
80.5220000000002,2168.92684612397
80.5230000000001,2168.74779614855
80.5240000000001,2168.66421727186
80.5250000000001,2168.64316569635
80.5260000000001,2168.11244133003
80.527,2165.36443713582
80.528,2162.81394137432
80.5290000000002,2160.65485702906
80.5300000000002,2159.01500049865
80.5310000000002,2157.96282308002
80.5320000000002,2156.92240860092
80.5330000000001,2154.26397260607
80.5340000000001,2152.55493222442
80.5350000000001,2151.9718559816
80.5360000000001,2152.5686184336
80.537,2154.28285973273
80.538,2156.33736094169
80.5390000000002,2156.98787956432
80.5400000000002,2158.39783836506
80.5410000000002,2160.49415185252
80.5420000000001,2163.10748772759
80.5430000000001,2165.99450341472
80.5440000000001,2168.23454186451
80.5450000000001,2168.14440034896
80.546,2167.85146265502
80.547,2167.47114687739
80.548,2167.13861927433
80.5490000000002,2167.00174612111
80.5500000000002,2166.52118945691
80.5510000000002,2164.49147929782
80.5520000000001,2163.38086694908
80.5530000000001,2163.4978919097
80.5540000000001,2164.98949990866
80.5550000000001,2167.82167942501
80.556,2171.05401101522
80.557,2173.08036189367
80.5580000000002,2175.82351755003
80.5590000000002,2179.10002706165
80.5600000000002,2182.69399054044
80.5610000000001,2186.4105897324
80.5620000000001,2189.35842096598
80.5630000000001,2190.33659771345
80.5640000000001,2191.68418159349
80.5650000000001,2193.77492219983
80.566,2196.90960253129
80.567,2201.2523267631
80.5680000000002,2205.98747598797
80.5690000000002,2209.82123464529
80.5700000000002,2214.59503559664
80.5710000000001,2220.03018315179
80.5720000000001,2225.69247392484
80.5730000000001,2231.06627010344
80.5740000000001,2234.8094060907
80.575,2235.51208276776
80.576,2235.09894472186
80.5770000000002,2233.74429505905
80.5780000000002,2231.72360082986
80.5790000000002,2229.37651884158
80.5800000000002,2226.19612799914
80.5810000000001,2221.61426557364
80.5820000000001,2218.03537757295
80.5830000000001,2215.87059602017
80.5840000000001,2215.32828717263
80.585,2216.40753850092
80.586,2218.0194781425
80.5870000000002,2219.01683411974
80.5880000000002,2221.07036380657
80.5890000000002,2223.95798926752
80.5900000000001,2227.379877321
80.5910000000001,2230.99363271988
80.5920000000001,2233.52142496802
80.5930000000001,2233.92591990314
80.5940000000001,2234.01103208912
80.595,2233.86470754401
80.596,2233.58991304879
80.5970000000002,2233.29955570618
80.5980000000002,2232.14491610188
80.5990000000002,2229.60521899671
80.6000000000001,2227.81298988683
80.6010000000001,2227.1138896502
80.6020000000001,2227.73029278264
80.6030000000001,2229.73593381913
80.604,2232.03169081707
80.605,2233.8155513741
80.6060000000002,2236.73294903011
80.6070000000002,2240.59390634558
80.6080000000002,2245.07339291211
80.6090000000002,2249.7477413425
80.6100000000001,2253.07639843247
80.6110000000001,2254.09099651906
80.6120000000001,2254.39008468694
80.6130000000001,2253.95930592265
80.614,2252.83529628698
80.615,2251.09996735486
80.6160000000002,2247.74964138612
80.6170000000002,2242.49017095875
80.6180000000002,2237.46130115043
80.6190000000001,2233.0950975994
80.6200000000001,2229.70877419076
80.6210000000001,2227.46695147807
80.6220000000001,2225.18903520053
80.623,2222.3471914242
80.624,2220.61645301501
80.625,2219.89774597009
80.6260000000002,2219.96125121512
80.6270000000002,2220.47759764219
80.6280000000002,2219.8378631093
80.6290000000001,2217.37710399885
80.6300000000001,2214.71189348042
80.6310000000001,2211.89368779714
80.6320000000001,2209.00021755143
80.633,2206.11931028348
80.634,2202.06265407743
80.6350000000002,2196.70167444817
80.6360000000002,2191.98017344642
80.6370000000002,2188.16683526304
80.6380000000001,2185.38944226406
80.6390000000001,2183.617513871
80.6400000000001,2181.36954950484
80.6410000000001,2178.24876805245
80.6420000000001,2175.757641619
80.643,2173.80239226645
80.644,2172.24068517029
80.6450000000002,2170.90785644145
80.6460000000002,2168.3108936939
80.6470000000002,2164.30731589248
80.6480000000001,2160.63294475845
80.6490000000001,2157.53272241785
80.6500000000001,2155.20087318315
80.6510000000001,2153.74934837344
80.652,2151.82410347774
80.653,2149.42958175962
80.6540000000002,2148.20104566945
80.6550000000002,2148.23905604128
80.6560000000002,2149.55869194217
80.6570000000002,2152.10862600452
80.6580000000001,2154.39701190447
80.6590000000001,2156.48373317151
80.6600000000001,2159.98753528251
80.6610000000001,2165.07193182586
80.662,2171.80418401956
80.663,2180.12721714881
80.6640000000002,2188.41864544563
80.6650000000002,2196.61811821826
80.6660000000002,2205.99571605093
80.6670000000001,2216.3561026047
80.6680000000001,2227.41286052331
80.6690000000001,2238.82527069934
80.6700000000001,2248.76210236252
80.671,2257.25127924641
80.672,2265.69910671317
80.673,2274.20154613626
80.6740000000002,2282.83432043983
80.6750000000002,2291.61922852685
80.6760000000002,2298.97514936084
80.6770000000001,2305.19130086759
80.6780000000001,2311.68460065093
80.6790000000001,2318.46993720803
80.6800000000001,2325.45095047597
80.681,2332.43763907688
80.682,2337.62936040905
80.6830000000002,2341.25518516131
80.6840000000002,2344.61668223539
80.6850000000002,2347.74794234734
80.6860000000001,2350.63560962169
80.6870000000001,2353.2066605771
80.6880000000001,2353.75672803647
80.6890000000001,2352.7022615612
80.6900000000001,2351.37171281799
80.691,2349.85754290298
80.692,2348.20948411236
80.6930000000002,2346.44440216369
80.6940000000002,2342.95000643654
80.6950000000002,2338.39054760966
80.6960000000001,2334.24704554376
80.6970000000001,2330.78762730334
80.6980000000001,2328.17426512745
80.6990000000001,2326.43010029153
80.7,2323.77459529737
80.701,2320.69649541964
80.7020000000002,2318.30117134034
80.7030000000002,2316.48408020802
80.7040000000002,2315.06562296606
80.7050000000002,2313.82008353854
80.7060000000001,2310.80525216367
80.7070000000001,2306.6311822245
80.7080000000001,2302.55658150811
80.7090000000001,2298.75813539632
80.71,2295.36353821461
80.711,2292.40906387764
80.7120000000002,2288.08903403863
80.7130000000002,2283.12082176572
80.7140000000002,2278.6211616124
80.7150000000001,2274.59264449433
80.7160000000001,2270.97523490518
80.7170000000001,2267.67552673458
80.7180000000001,2262.85482884252
80.7190000000001,2257.44486390132
80.72,2252.77674471303
80.721,2249.19938653563
80.7220000000002,2247.01147056566
80.7230000000002,2246.40647689207
80.7240000000002,2245.63107561059
80.7250000000001,2245.65771307048
80.7260000000001,2247.52631491135
80.7270000000001,2251.13876609993
80.7280000000001,2256.2222583023
80.729,2262.35291688151
80.73,2267.12098669329
80.7310000000002,2271.13548721146
80.7320000000002,2275.09594178382
80.7330000000002,2278.74715619546
80.7340000000002,2281.81747357749
80.7350000000001,2284.01984841048
80.7360000000001,2283.12868073751
80.7370000000001,2280.1894349175
80.7380000000001,2276.26694925437
80.739,2271.55335031154
80.74,2266.27665316197
80.7410000000002,2260.69356022727
80.7420000000002,2253.08622303041
80.7430000000002,2245.14965669539
80.7440000000001,2238.37916164413
80.7450000000001,2233.27340157478
80.7460000000001,2230.15114567769
80.7470000000001,2229.10620999474
80.748,2227.94416231929
80.749,2227.83535716989
80.75,2229.49954044614
80.7510000000002,2232.68248934663
80.7520000000002,2237.0591860556
80.7530000000002,2242.28867090222
80.7540000000001,2245.96878137073
80.7550000000001,2249.46175277398
80.7560000000001,2253.77510177227
80.7570000000001,2259.10369655868
80.758,2265.56441928474
80.759,2273.12523910901
80.7600000000002,2279.41620904452
80.7610000000002,2285.69418826588
80.7620000000002,2292.49418458844
80.7630000000001,2299.40763247673
80.7640000000001,2305.89413411813
80.7650000000001,2311.34508816369
80.7660000000001,2312.96613943298
80.7670000000001,2312.03568217024
80.768,2309.33466591094
80.769,2305.06794364181
80.7700000000002,2299.56395419757
80.7710000000002,2293.22354467545
80.7720000000002,2284.25613900386
80.7730000000001,2274.90304784929
80.7740000000001,2266.55874462804
80.7750000000001,2259.80069906967
80.7760000000001,2255.02178864759
80.777,2252.40294660209
80.778,2249.7157860038
80.7790000000002,2248.65117047496
80.7800000000002,2249.85183324954
80.7810000000002,2253.18527378884
80.7820000000002,2258.38031739712
80.7830000000001,2265.03951784665
80.7840000000001,2270.4553292037
80.7850000000001,2276.0284066068
80.7860000000001,2282.10945777232
80.787,2288.43111993859
80.788,2294.69307284726
80.7890000000002,2300.57175626706
80.7900000000002,2303.52790165028
80.7910000000002,2305.31237682277
80.7920000000001,2306.58500851018
80.7930000000001,2307.50904576748
80.7940000000001,2308.27493198442
80.7950000000001,2309.08096248671
80.796,2307.89267215028
80.797,2306.97809430172
80.798,2307.25561376311
80.7990000000002,2309.00695722233
80.8000000000002,2312.32550670844
80.8010000000002,2317.09207776637
80.8020000000001,2320.76043148756
80.8030000000001,2325.00610937276
80.8040000000001,2330.00284419844
80.8050000000001,2335.38740833121
80.806,2340.76418246389
80.807,2345.76372633439
80.8080000000002,2347.86063966909
80.8090000000002,2349.11306252226
80.8100000000002,2350.21893204633
80.8110000000001,2351.53604602283
80.8120000000001,2353.42692193742
80.8130000000001,2356.19360329191
80.8140000000001,2357.75498183339
80.8150000000001,2360.46566576983
80.816,2364.90229673496
80.817,2371.06759637871
80.8180000000002,2378.75956060802
80.8190000000002,2387.59162986282
80.8200000000002,2394.72269956762
80.8210000000001,2401.92298791655
80.8220000000001,2409.14872905446
80.8230000000001,2415.9482120717
80.8240000000001,2421.80870017713
80.825,2426.18069060414
80.826,2426.16304428295
80.8270000000002,2423.77738179171
80.8280000000002,2419.26258951341
80.8290000000002,2412.67101210458
80.8300000000002,2404.18351900405
80.8310000000001,2394.1126312924
80.8320000000001,2380.46561031132
80.8330000000001,2366.35309586675
80.8340000000001,2352.88361913725
80.835,2340.78090490596
80.836,2330.53582451943
80.8370000000002,2322.32563470575
80.8380000000002,2313.27908802308
80.8390000000002,2305.7759431834
80.8400000000001,2299.76549524983
80.8410000000001,2294.78427412847
80.8420000000001,2290.2469478034
80.8430000000001,2285.50649565517
80.8440000000001,2276.7462712926
80.845,2266.72139378781
80.846,2255.86057949214
80.8470000000002,2244.54722766233
80.8480000000002,2233.22060701768
80.8490000000002,2222.24111034881
80.8500000000001,2208.09867872561
80.8510000000001,2194.54501602965
80.8520000000001,2182.29683227925
80.8530000000001,2171.74370291905
80.854,2163.05327191409
80.855,2156.1083760946
80.8560000000002,2147.25488662707
80.8570000000002,2139.35764661931
80.8580000000002,2132.38166695638
80.8590000000002,2126.20057287138
80.8600000000001,2120.76708786787
80.8610000000001,2116.1297909755
80.8620000000001,2110.59775849502
80.8630000000001,2106.64136921932
80.864,2104.37405756999
80.865,2103.58843600492
80.8660000000002,2103.84187997162
80.8670000000002,2104.54840333997
80.8680000000002,2103.92681344368
80.8690000000001,2103.31117426528
80.8700000000001,2102.17338742579
80.8710000000001,2100.0604778046
80.8720000000001,2096.76817591868
80.873,2092.41826725536
80.874,2086.32332813946
80.875,2081.10542032899
80.8760000000002,2077.38185881302
80.8770000000002,2075.43607287409
80.8780000000002,2075.1804931168
80.8790000000001,2076.11844612779
80.8800000000001,2075.69604129275
80.8810000000001,2075.69769781465
80.8820000000001,2075.58462263523
80.883,2074.96635061866
80.884,2073.80073101116
80.8850000000002,2072.39217633999
80.8860000000002,2069.22854450606
80.8870000000002,2068.80815286001
80.8880000000001,2073.22666738567
80.8890000000001,2084.625424045
80.8900000000001,2104.95584128114
80.8910000000001,2135.56626546596
80.8920000000001,2174.97772337175
80.893,2226.32381595043
80.894,2289.31017622708
80.8950000000002,2362.91288975392
80.8960000000002,2445.60497663339
80.8970000000002,2535.45477062972
80.8980000000001,2628.71609545358
80.8990000000001,2726.96161802265
80.9000000000001,2829.82091306071
80.9010000000001,2937.39193885346
80.902,3050.01627992518
80.903,3167.58687580218
80.9040000000002,3287.351025925
80.9050000000002,3409.75600607208
80.9060000000002,3530.64596992909
80.9070000000002,3643.26825650827
80.9080000000001,3738.34654514191
80.9090000000001,3804.38641097681
80.9100000000001,3827.33790655984
80.9110000000001,3798.45124127126
80.912,3708.96030413005
80.913,3554.01917967118
80.9140000000002,3333.95229336076
80.9150000000002,3054.53646565252
80.9160000000002,2725.48530239404
80.9170000000001,2365.44429782999
80.9180000000001,1993.39062804224
80.9190000000001,1628.63373136537
80.9200000000001,1288.52707803579
80.921,986.181552505528
80.922,728.089794757986
80.923,519.545374207449
80.9240000000002,358.655619615255
80.9250000000002,239.862025010352
80.9260000000002,155.775041433252
80.9270000000001,98.7276245475195
80.9280000000001,61.4495529244833
80.9290000000001,43.6095764059486
80.9300000000001,45.7027211413738
80.931,70.647522980505
80.932,122.653423693471
80.9330000000002,205.352055993944
80.9340000000002,319.54088744482
80.9350000000002,467.312105879876
80.9360000000001,645.297708640014
80.9370000000001,846.81277451932
80.9380000000001,1062.52919599897
80.9390000000001,1281.14752731915
80.9400000000001,1490.05896060554
80.941,1681.63318834532
80.942,1848.22988248335
80.9430000000002,1984.84528536766
80.9440000000002,2089.28972716776
80.9450000000002,2161.49053614434
80.9460000000001,2202.47189847781
80.9470000000001,2218.4918384011
80.9480000000001,2214.5163919206
80.9490000000001,2195.63625816034
80.95,2166.64001234705
80.951,2131.22939789059
80.9520000000002,2091.53125046596
80.9530000000002,2052.69072861093
80.9540000000002,2017.09681474945
80.9550000000002,1986.42989724674
80.9560000000001,1961.72140424776
80.9570000000001,1942.81066328947
80.9580000000001,1928.2428762987
80.9590000000001,1920.0568864484
80.96,1917.6767030856
80.961,1920.23722505173
80.9620000000002,1926.72782970598
80.9630000000002,1935.38225874559
80.9640000000002,1943.83380460876
80.9650000000001,1954.03884521342
80.9660000000001,1965.37022196727
80.9670000000001,1977.14971053426
80.9680000000001,1988.69753385111
80.9690000000001,1998.51773459504
80.97,2004.71571666811
80.971,2010.01974563033
80.9720000000002,2014.25884053965
80.9730000000002,2017.25078497998
80.9740000000002,2018.89897517105
80.9750000000001,2018.44174015637
80.9760000000001,2014.88079533589
80.9770000000001,2011.18741695075
80.9780000000001,2007.79434367533
80.979,2004.92943518968
80.98,2002.62553509922
80.9810000000002,2000.23152444135
80.9820000000002,1996.56826408806
80.9830000000002,1992.96346854641
80.9840000000002,1989.54309425496
80.9850000000001,1986.45866075519
80.9860000000001,1983.82901413781
80.9870000000001,1981.28055439801
80.9880000000001,1977.87165709307
80.989,1974.54107010225
80.99,1971.53033474535
80.9910000000002,1969.0974740712
80.9920000000002,1967.43136640888
80.9930000000002,1966.14212821275
80.9940000000001,1964.29297024883
80.9950000000001,1962.80172758521
80.9960000000001,1961.82327087542
80.9970000000001,1961.51184811491
80.998,1961.94676134796
80.999,1962.41783121562
81,1961.91730270357
81.0010000000002,1961.78153740823
81.0020000000002,1961.99833514216
81.0030000000002,1962.53648841475
81.0040000000001,1963.34720616465
81.0050000000001,1963.50584341168
81.0060000000001,1962.1868403305
81.0070000000001,1961.32638169804
81.008,1961.06349557351
81.009,1961.45745453867
81.0100000000002,1962.4955265218
81.0110000000002,1963.21800140083
81.0120000000002,1962.84910114769
81.0130000000001,1963.22011322142
81.0140000000001,1964.39573717034
81.0150000000001,1966.34525667392
81.0160000000001,1968.95039390429
81.0170000000001,1971.13475451579
81.018,1972.06394414351
81.019,1973.33108473391
81.0200000000002,1974.91869475568
81.0210000000002,1976.74986672658
81.0220000000002,1978.69173018297
81.0230000000001,1979.65181549776
81.0240000000001,1978.91123660853
81.0250000000001,1978.08680425218
81.0260000000001,1977.2603432891
81.027,1976.4916155961
81.028,1975.82184682252
81.0290000000002,1974.32186645215
81.0300000000002,1971.58021847535
81.0310000000002,1969.41114423632
81.0320000000002,1968.0655065552
81.0330000000001,1967.70736918782
81.0340000000001,1968.39965953233
81.0350000000001,1969.10591414271
81.0360000000001,1969.33394860611
81.037,1970.63497051045
81.038,1972.97121727826
81.0390000000002,1976.2014707688
81.0400000000002,1980.10543073497
81.0410000000002,1983.38677888342
81.0420000000001,1985.48105721892
81.0430000000001,1987.86303961681
81.0440000000001,1990.5530566861
81.0450000000001,1993.54682930829
81.046,1996.80978419455
81.047,1999.21667147697
81.048,2000.45925746433
81.0490000000002,2002.11456850879
81.0500000000002,2004.29532962152
81.0510000000002,2007.03390735087
81.0520000000001,2010.27984671646
81.0530000000001,2012.82414803056
81.0540000000001,2014.33866572876
81.0550000000001,2016.22334352785
81.056,2018.43863373775
81.057,2020.85087985814
81.0580000000002,2023.24183924272
81.0590000000002,2024.23112140562
81.0600000000002,2023.46096763932
81.0610000000001,2022.23542227874
81.0620000000001,2020.56082671685
81.0630000000001,2018.46686511195
81.0640000000001,2016.02298140687
81.0650000000001,2012.22118061135
81.066,2007.24781565626
81.067,2002.83357600476
81.0680000000002,1999.38162588453
81.0690000000002,1997.17489017474
81.0700000000002,1996.33518145431
81.0710000000001,1995.65053015605
81.0720000000001,1994.98719619881
81.0730000000001,1995.47162973611
81.0740000000001,1996.85148767894
81.075,1998.7656444213
81.076,2000.80262987193
81.0770000000002,2001.36690094144
81.0780000000002,2000.28861192578
81.0790000000002,1998.80202490699
81.0800000000002,1996.98562039991
81.0810000000001,1994.93350279885
81.0820000000001,1992.72577914123
81.0830000000001,1989.15941680356
81.0840000000001,1984.47267299792
81.085,1980.09954171542
81.086,1976.21393253098
81.0870000000002,1972.91631363735
81.0880000000002,1970.24944688028
81.0890000000002,1966.92466915104
81.0900000000001,1963.23772906997
81.0910000000001,1960.62810905978
81.0920000000001,1959.31203401967
81.0930000000001,1959.40284427728
81.0940000000001,1960.87955626314
81.095,1962.23193829595
81.096,1963.52732865626
81.0970000000002,1965.78784368884
81.0980000000002,1968.79199042332
81.0990000000002,1972.23506552703
81.1000000000001,1975.76709181575
81.1010000000001,1977.64440684949
81.1020000000001,1978.0022371081
81.1030000000001,1978.00596203362
81.104,1977.73131107421
81.105,1977.23718461592
81.1060000000002,1976.52949897641
81.1070000000002,1974.10985032198
81.1080000000002,1970.36285379427
81.1090000000002,1966.46683844395
81.1100000000001,1962.44197768277
81.1110000000001,1958.24393935867
81.1120000000001,1953.79025426263
81.1130000000001,1947.54083798713
81.114,1940.04737483664
81.115,1932.63170579701
81.1160000000002,1925.56792497982
81.1170000000002,1919.08498348503
81.1180000000002,1913.33114902704
81.1190000000001,1906.87160333479
81.1200000000001,1900.33440568695
81.1210000000001,1894.85183605893
81.1220000000001,1890.42506409355
81.123,1886.9429812488
81.124,1884.21554489982
81.125,1880.51104410219
81.1260000000002,1876.38574518913
81.1270000000002,1872.94211352349
81.1280000000002,1870.33674429332
81.1290000000001,1868.72583913657
81.1300000000001,1868.24102120765
81.1310000000001,1867.43788208261
81.1320000000001,1867.17339911376
81.133,1868.61660129516
81.134,1871.88648999123
81.1350000000002,1876.95715963072
81.1360000000002,1883.65842726594
81.1370000000002,1890.13783878716
81.1380000000001,1896.92121208774
81.1390000000001,1904.75444630861
81.1400000000001,1913.43317897491
81.1410000000001,1922.70282589033
81.1420000000001,1932.27565265285
81.143,1940.26912408844
81.144,1947.37885775285
81.1450000000002,1954.49861372231
81.1460000000002,1961.67285135208
81.1470000000002,1968.93117141531
81.1480000000001,1976.27657236355
81.1490000000001,1982.06564950034
81.1500000000001,1987.28139959053
81.1510000000001,1992.93773691474
81.152,1999.15423575206
81.153,2005.94290488019
81.1540000000002,2013.1956092184
81.1550000000002,2019.03967359423
81.1560000000002,2024.27713661957
81.1570000000002,2029.61225556984
81.1580000000001,2034.90054451756
81.1590000000001,2039.93674144608
81.1600000000001,2044.4697041255
81.1610000000001,2046.537147048
81.162,2047.06216505454
81.163,2046.83989286474
81.1640000000002,2045.90966716406
81.1650000000002,2044.28777801193
81.1660000000002,2041.95960490798
81.1670000000001,2037.16449810971
81.1680000000001,2031.12237264438
81.1690000000001,2024.8056904644
81.1700000000001,2018.45707813515
81.171,2012.29112830689
81.172,2006.48494423054
81.173,1999.42907222086
81.1740000000002,1992.54391911417
81.1750000000002,1986.84041375024
81.1760000000002,1982.547851283
81.1770000000001,1979.75172786598
81.1780000000001,1978.37242817201
81.1790000000001,1976.40432338046
81.1800000000001,1974.85810776724
81.181,1974.20918701397
81.182,1974.22320612229
81.1830000000002,1974.61576583822
81.1840000000002,1975.0819571447
81.1850000000002,1973.53973552146
81.1860000000001,1971.18683290675
81.1870000000001,1968.74455166344
81.1880000000001,1966.3660260878
81.1890000000001,1964.19080737257
81.1900000000001,1962.30375154664
81.191,1958.89390511701
81.192,1955.38886778582
81.1930000000002,1952.50192740819
81.1940000000002,1950.29636653977
81.1950000000002,1948.74478024148
81.1960000000001,1947.74047826488
81.1970000000001,1945.27004527838
81.1980000000001,1942.74756346682
81.1990000000001,1940.846905061
81.2,1939.7053295778
81.201,1939.42643069223
81.2020000000002,1940.0507019832
81.2030000000002,1939.64123180845
81.2040000000002,1939.75221180078
81.2050000000002,1940.96718930444
81.2060000000001,1943.2526656082
81.2070000000001,1946.45183797425
81.2080000000001,1950.29417903149
81.2090000000001,1952.4894657048
81.21,1954.42240590336
81.211,1956.46752914795
81.2120000000002,1958.52443195661
81.2130000000002,1960.49147235729
81.2140000000002,1962.26650693719
81.2150000000001,1961.75209044228
81.2160000000001,1960.74603764123
81.2170000000001,1959.91762373113
81.2180000000001,1959.45492820925
81.2190000000001,1959.4763019439
81.22,1960.00693151757
81.221,1958.91371385007
81.2220000000002,1958.0222806782
81.2230000000002,1957.82177922144
81.2240000000002,1958.29619181891
81.2250000000001,1959.34110363246
81.2260000000001,1960.77626654107
81.2270000000001,1960.27948680239
81.2280000000001,1959.66692181233
81.229,1959.39462157254
81.23,1959.53050163813
81.2310000000002,1960.11790682044
81.2320000000002,1961.15914711719
81.2330000000002,1960.47928782291
81.2340000000002,1960.10320057141
81.2350000000001,1960.53891797927
81.2360000000001,1961.85922013843
81.2370000000001,1964.01831114094
81.2380000000001,1966.84136599838
81.239,1967.86484883896
81.24,1968.92170048384
81.2410000000002,1970.25166358848
81.2420000000002,1971.76409284225
81.2430000000002,1973.3510790645
81.2440000000001,1974.89089276205
81.2450000000001,1974.04906792909
81.2460000000001,1972.97945480157
81.2470000000001,1972.1767435362
81.248,1971.83382822432
81.249,1972.06866997317
81.25,1972.88556056045
81.2510000000002,1971.90804481259
81.2520000000002,1971.23888888047
81.2530000000002,1971.10496274411
81.2540000000001,1971.39407070552
81.2550000000001,1971.89504943992
81.2560000000001,1972.31331103845
81.2570000000001,1970.00611285556
81.258,1967.07191108735
81.259,1963.78039042057
81.2600000000002,1960.2600988776
81.2610000000002,1956.68241158093
81.2620000000002,1953.23348058568
81.2630000000001,1947.78591910073
81.2640000000001,1942.97772259339
81.2650000000001,1939.42495282921
81.2660000000001,1937.48700874105
81.2670000000001,1937.37964496384
81.268,1939.13745767555
81.269,1940.27584466918
81.2700000000002,1943.03009806421
81.2710000000002,1947.40857121451
81.2720000000002,1953.16573698984
81.2730000000001,1959.94200545389
81.2740000000001,1967.28168457764
81.2750000000001,1972.32490615607
81.2760000000001,1977.16412960636
81.277,1981.72382626135
81.278,1985.87223713444
81.2790000000002,1989.51271750191
81.2800000000002,1992.5781512353
81.2810000000002,1992.71154911898
81.2820000000002,1992.56493630272
81.2830000000001,1992.54429320981
81.2840000000001,1992.989173294
81.2850000000001,1994.1892180508
81.2860000000001,1996.3468951366
81.287,1997.24587875987
81.288,1999.55600439601
81.2890000000002,2003.46497468484
81.2900000000002,2008.9892909004
81.2910000000002,2015.98376155961
81.2920000000001,2024.10646510951
81.2930000000001,2030.68012063885
81.2940000000001,2037.7953325347
81.2950000000001,2045.14937763817
81.296,2052.36118432916
81.297,2059.02209223729
81.298,2064.66481067925
81.2990000000002,2066.7928430072
81.3000000000002,2067.80224769012
81.3010000000002,2067.94225683215
81.3020000000001,2067.57487767226
81.3030000000001,2067.1650592863
81.3040000000001,2067.12207900995
81.3050000000001,2065.83814539153
81.306,2066.3061552667
81.307,2069.05516519899
81.3080000000002,2074.29797834223
81.3090000000002,2081.88465649639
81.3100000000002,2091.14478061151
81.3110000000001,2099.16494691638
81.3120000000001,2107.42487687487
81.3130000000001,2115.05571860252
81.3140000000001,2121.19632075665
81.3150000000001,2125.14072308907
81.316,2126.26485682544
81.317,2122.452979289
81.3180000000002,2116.45961330845
81.3190000000002,2109.08441315012
81.3200000000002,2101.24059860794
81.3210000000001,2093.81657878055
81.3220000000001,2087.30229886153
81.3230000000001,2080.07635985411
81.3240000000001,2074.82984949268
81.325,2071.64173030956
81.326,2070.22771258612
81.3270000000002,2070.00876255199
81.3280000000002,2069.90419985974
81.3290000000002,2066.71285521385
81.3300000000002,2062.5296274438
81.3310000000001,2057.18568452732
81.3320000000001,2050.6823718501
81.3330000000001,2043.13882379731
81.3340000000001,2034.30568387539
81.335,2021.57433209133
81.336,2008.30838140336
81.3370000000002,1995.14961606713
81.3380000000002,1982.66263246701
81.3390000000002,1971.24813431018
81.3400000000001,1960.60759603045
81.3410000000001,1947.93510754415
81.3420000000001,1936.31240509012
81.3430000000001,1926.02289758854
81.3440000000001,1917.30504821635
81.345,1910.31782325102
81.346,1904.70093259352
81.3470000000002,1898.48797013337
81.3480000000002,1893.87738930974
81.3490000000002,1890.72974393907
81.3500000000001,1888.77342198517
81.3510000000001,1887.68650666369
81.3520000000001,1886.93682064209
81.3530000000001,1885.60083980306
81.354,1885.0055738781
81.355,1884.97195387124
81.3560000000002,1885.26843977428
81.3570000000002,1885.7039789124
81.3580000000002,1885.99088477366
81.3590000000002,1885.76442037622
81.3600000000001,1886.49426540015
81.3610000000001,1888.25975331539
81.3620000000001,1891.0065543162
81.3630000000001,1894.59507060082
81.364,1898.55393985944
81.365,1902.0258766615
81.3660000000002,1906.29756853567
81.3670000000002,1911.04121718234
81.3680000000002,1915.79438691249
81.3690000000001,1920.08012550838
81.3700000000001,1923.07903637827
81.3710000000001,1923.48473148395
81.3720000000001,1923.64709968877
81.373,1924.36723768627
81.374,1926.715740039
81.375,1931.97210120722
81.3760000000002,1940.94206417503
81.3770000000002,1953.58461914775
81.3780000000002,1973.64049213597
81.3790000000001,2002.59378954806
81.3800000000001,2041.6623279447
81.3810000000001,2091.76083844174
81.3820000000001,2152.86691631791
81.383,2223.89479603614
81.384,2307.01551256388
81.3850000000002,2401.96139876964
81.3860000000002,2507.93330787834
81.3870000000002,2623.55934726519
81.3880000000001,2746.2658011952
81.3890000000001,2872.37721770768
81.3900000000001,3001.08840705348
81.3910000000001,3129.28188462964
81.3920000000001,3253.46983830104
81.393,3369.84357993605
81.394,3473.61515319468
81.3950000000002,3559.16342576658
81.3960000000002,3623.65342909396
81.3970000000002,3661.87332622428
81.3980000000001,3668.12537226743
81.3990000000001,3636.49558301113
81.4000000000001,3560.67407303423
81.4010000000001,3435.0212333778
81.402,3258.9938661178
81.403,3033.05150862079
81.4040000000002,2761.12707387199
81.4050000000002,2450.95338100484
81.4060000000002,2113.15829451763
81.4070000000002,1760.95999241252
81.4080000000001,1412.1919955704
81.4090000000001,1082.86416935931
81.4100000000001,787.115596970614
81.4110000000001,535.65369073821
81.412,333.940946136549
81.413,182.429138360295
81.4140000000002,80.0590560220016
81.4150000000002,20.7495278966985
81.4160000000002,-3.3605890834108
81.4170000000001,-0.19446440934718
81.4180000000001,23.0003442505353
81.4190000000001,61.4113158292589
81.4200000000001,115.862402989693
81.421,187.92756662534
81.422,280.551481709372
81.423,396.677516344708
81.4240000000002,537.035982435031
81.4250000000002,699.938613020974
81.4260000000002,883.385990803955
81.4270000000001,1080.82242338461
81.4280000000001,1283.46245612976
81.4290000000001,1481.45291249865
81.4300000000001,1664.37172712816
81.431,1823.53218511929
81.432,1955.34852215557
81.4330000000002,2057.54097129576
81.4340000000002,2130.62001603971
81.4350000000002,2177.33450394917
81.4360000000001,2200.9511375591
81.4370000000001,2205.55045411502
81.4380000000001,2197.47713764493
81.4390000000001,2180.72901457717
81.4400000000001,2158.31091263714
81.441,2132.31032874553
81.442,2103.20628254491
81.4430000000002,2071.6334851055
81.4440000000002,2040.65572105081
81.4450000000002,2011.81525514171
81.4460000000001,1986.72060235575
81.4470000000001,1966.88744163679
81.4480000000001,1952.37970912235
81.4490000000001,1943.45299941733
81.45,1942.17400310483
81.451,1947.94046634158
81.4520000000002,1959.43914560516
81.4530000000002,1974.90109683576
81.4540000000002,1991.05728903579
81.4550000000002,2005.89362113642
81.4560000000001,2020.40938678832
81.4570000000001,2033.75377618875
81.4580000000001,2045.39387701115
81.4590000000001,2055.10393852036
81.46,2061.4579086478
81.461,2064.48761126954
81.4620000000002,2066.84220409906
81.4630000000002,2068.80983829741
81.4640000000002,2070.47753201572
81.4650000000001,2071.81414204114
81.4660000000001,2071.61202772033
81.4670000000001,2069.64480465983
81.4680000000001,2067.80545008692
81.4690000000001,2066.43936873157
81.47,2065.80901208759
81.471,2066.04129648732
81.4720000000002,2066.36916582823
81.4730000000002,2066.180518023
81.4740000000002,2066.2779170511
81.4750000000001,2066.73015317749
81.4760000000001,2067.58718624885
81.4770000000001,2068.81623594707
81.4780000000001,2069.60526144955
81.479,2069.2542370044
81.48,2068.41189992985
81.4810000000002,2067.25531284799
81.4820000000002,2066.03333571513
81.4830000000002,2064.9757523153
81.4840000000002,2063.39703329197
81.4850000000001,2061.00895126811
81.4860000000001,2058.89751805056
81.4870000000001,2057.37970818405
81.4880000000001,2056.71646774913
81.489,2057.02094820155
81.49,2057.03093275173
81.4910000000002,2056.39434484279
81.4920000000002,2056.14074467799
81.4930000000002,2056.00099642321
81.4940000000001,2055.63476725606
81.4950000000001,2054.68095555197
81.4960000000001,2051.4548214967
81.4970000000001,2045.90642932406
81.498,2039.64652925674
81.499,2033.03886981982
81.5,2026.53955653403
81.5010000000002,2020.66276296573
81.5020000000002,2014.55983616529
81.5030000000002,2008.96809165126
81.5040000000001,2005.94210939485
81.5050000000001,2006.06621325988
81.5060000000001,2009.68508181339
81.5070000000001,2016.86010751243
81.508,2025.97357350586
81.509,2036.7848560207
81.5100000000002,2050.10877070941
81.5110000000002,2065.33160776352
81.5120000000002,2081.65957583665
81.5130000000001,2098.16583828964
81.5140000000001,2112.42101740687
81.5150000000001,2123.81283879138
81.5160000000001,2133.0351096363
81.5170000000001,2139.74274613078
81.518,2143.76859919257
81.519,2145.1202713045
81.5200000000002,2142.4705054676
81.5210000000002,2136.56636433245
81.5220000000002,2129.29866232861
81.5230000000001,2121.35999293415
81.5240000000001,2113.33877601966
81.5250000000001,2105.65390084773
81.5260000000001,2097.01922191098
81.527,2088.02080465381
81.528,2080.02768378535
81.5290000000002,2073.16325335715
81.5300000000002,2067.48629290961
81.5310000000002,2063.03951884656
81.5320000000002,2058.36073713487
81.5330000000001,2054.19298394399
81.5340000000001,2052.11064357693
81.5350000000001,2052.55878559852
81.5360000000001,2055.85860269247
81.537,2062.12879497407
81.538,2069.643656734
81.5390000000002,2078.71070083287
81.5400000000002,2090.09812117147
81.5410000000002,2103.28714646876
81.5420000000001,2117.59077935128
81.5430000000001,2132.2268290701
81.5440000000001,2144.74561640242
81.5450000000001,2155.2225358343
81.546,2164.49185537028
81.547,2172.48435509652
81.548,2179.23722080682
81.5490000000002,2184.8418004319
81.5500000000002,2187.69417563108
81.5510000000002,2188.73287215388
81.5520000000001,2189.35823285512
81.5530000000001,2189.88651432249
81.5540000000001,2190.53645985534
81.5550000000001,2191.42475727471
81.556,2190.85728088281
81.557,2189.75860235647
81.5580000000002,2189.40491832784
81.5590000000002,2190.06604069232
81.5600000000002,2191.94024517797
81.5610000000001,2195.12075733957
81.5620000000001,2197.81531018429
81.5630000000001,2200.87903269524
81.5640000000001,2205.32267911033
81.5650000000001,2211.10525613501
81.566,2218.04569615031
81.567,2225.82345824816
81.5680000000002,2232.17172584748
81.5690000000002,2237.68512024363
81.5700000000002,2243.10520621808
81.5710000000001,2248.25911355367
81.5720000000001,2252.9456301753
81.5730000000001,2256.9180908201
81.5740000000001,2257.95804869747
81.575,2256.97129034247
81.576,2254.90106082704
81.5770000000002,2251.79096658487
81.5780000000002,2247.66093644364
81.5790000000002,2242.49851898774
81.5800000000002,2234.26289108251
81.5810000000001,2224.26928648569
81.5820000000001,2213.79056087432
81.5830000000001,2203.25805089741
81.5840000000001,2193.09975701924
81.585,2183.70533883769
81.586,2173.35035570284
81.5870000000002,2163.71766318697
81.5880000000002,2156.24345949442
81.5890000000002,2151.43993196644
81.5900000000001,2149.66950385329
81.5910000000001,2151.09630897023
81.5920000000001,2153.56714038406
81.5930000000001,2158.30898631702
81.5940000000001,2166.08110561032
81.595,2176.68775374069
81.596,2189.75203938195
81.5970000000002,2204.71207778519
81.5980000000002,2218.68163592127
81.5990000000002,2232.42673838972
81.6000000000001,2246.26897227396
81.6010000000001,2259.78059029735
81.6020000000001,2272.5373515472
81.6030000000001,2284.10999992337
81.604,2291.8459261815
81.605,2297.06217213912
81.6060000000002,2300.56718625389
81.6070000000002,2302.50483385313
81.6080000000002,2303.04933843224
81.6090000000002,2302.37519223215
81.6100000000001,2298.3978019827
81.6110000000001,2293.0985665028
81.6120000000001,2287.74723878168
81.6130000000001,2282.9219419052
81.614,2279.14808400364
81.615,2276.85104797991
81.6160000000002,2274.04135126704
81.6170000000002,2272.77369719874
81.6180000000002,2274.09188561403
81.6190000000001,2278.2094971193
81.6200000000001,2285.11033257516
81.6210000000001,2294.5257013001
81.6220000000001,2303.6225365742
81.623,2313.71850913245
81.624,2325.04117375231
81.625,2337.16780977026
81.6260000000002,2349.66413671865
81.6270000000002,2362.1149674181
81.6280000000002,2371.79375392111
81.6290000000001,2380.52799508762
81.6300000000001,2389.11226107428
81.6310000000001,2397.83810456375
81.6320000000001,2406.98644595232
81.633,2416.75306750756
81.634,2424.80658343298
81.6350000000002,2433.23800931195
81.6360000000002,2442.69787815952
81.6370000000002,2453.13900030692
81.6380000000001,2464.3383365018
81.6390000000001,2475.92037578931
81.6400000000001,2485.01158831484
81.6410000000001,2493.36822812937
81.6420000000001,2501.39103038843
81.643,2509.06407216781
81.644,2516.42410214457
81.6450000000002,2523.54093467142
81.6460000000002,2528.08646540824
81.6470000000002,2532.45349253294
81.6480000000001,2537.52387656099
81.6490000000001,2543.66765850259
81.6500000000001,2551.10037912233
81.6510000000001,2559.82538621135
81.652,2567.12228955415
81.653,2574.94840736198
81.6540000000002,2583.47289724252
81.6550000000002,2592.31128052549
81.6560000000002,2600.92816565529
81.6570000000002,2608.66361497409
81.6580000000001,2612.22349351649
81.6590000000001,2613.44196934305
81.6600000000001,2612.48348713581
81.6610000000001,2609.30029230134
81.662,2603.99349784981
81.663,2596.79633703935
81.6640000000002,2585.44041057954
81.6650000000002,2573.02074399642
81.6660000000002,2560.72669821954
81.6670000000001,2549.37913943492
81.6680000000001,2539.65108755776
81.6690000000001,2531.98477840002
81.6700000000001,2523.92011697865
81.671,2518.10155624381
81.672,2514.85300511544
81.673,2513.99586181221
81.6740000000002,2515.15425385142
81.6750000000002,2517.7958696806
81.6760000000002,2518.65299347217
81.6770000000001,2519.86188137444
81.6780000000001,2521.38856687349
81.6790000000001,2522.97464920924
81.6800000000001,2524.34967322829
81.681,2525.21158553352
81.682,2522.57138002977
81.6830000000002,2518.976631913
81.6840000000002,2514.68337026498
81.6850000000002,2509.7746122622
81.6860000000001,2504.34364791739
81.6870000000001,2498.482194378
81.6880000000001,2489.5740000855
81.6890000000001,2480.68456706952
81.6900000000001,2472.35384182828
81.691,2464.85764410998
81.692,2458.30759852098
81.6930000000002,2452.62401276063
81.6940000000002,2444.81160254155
81.6950000000002,2437.61315723312
81.6960000000001,2431.08731111712
81.6970000000001,2425.18452211509
81.6980000000001,2419.91499305198
81.6990000000001,2415.38855663029
81.7,2409.05709296701
81.701,2404.47295299894
81.7020000000002,2402.42106125805
81.7030000000002,2403.51211688388
81.7040000000002,2408.12974574274
81.7050000000002,2416.32716030711
81.7060000000001,2424.98373531864
81.7070000000001,2436.69349754706
81.7080000000001,2450.77058846012
81.7090000000001,2466.21767644527
81.71,2481.87684579004
81.711,2496.52845865359
81.7120000000002,2506.43394301225
81.7130000000002,2514.02682899872
81.7140000000002,2519.10194843597
81.7150000000001,2521.65360266931
81.7160000000001,2521.85592447353
81.7170000000001,2519.90975592417
81.7180000000001,2513.56811891146
81.7190000000001,2506.35236250146
81.72,2498.80965728662
81.721,2491.29693518694
81.7220000000002,2484.01040421389
81.7230000000002,2476.89009115358
81.7240000000002,2467.46436439585
81.7250000000001,2458.79920696977
81.7260000000001,2451.0962354798
81.7270000000001,2444.43683948728
81.7280000000001,2438.80337476307
81.729,2433.91446668274
81.73,2427.24484489702
81.7310000000002,2421.51626665346
81.7320000000002,2416.65046723109
81.7330000000002,2412.43207486043
81.7340000000002,2408.57048074196
81.7350000000001,2404.54636415188
81.7360000000001,2397.8556711507
81.7370000000001,2391.21069772171
81.7380000000001,2384.7140898943
81.739,2378.43223006069
81.74,2372.40487989222
81.7410000000002,2366.39332783847
81.7420000000002,2358.2386024607
81.7430000000002,2350.77419936694
81.7440000000001,2344.1545119312
81.7450000000001,2338.40583989525
81.7460000000001,2333.46575189806
81.7470000000001,2328.92793294923
81.748,2322.6010470852
81.749,2317.12607266665
81.75,2312.52997532041
81.7510000000002,2308.69775434266
81.7520000000002,2305.3928852257
81.7530000000002,2301.96313593483
81.7540000000001,2296.10956449921
81.7550000000001,2290.12399403808
81.7560000000001,2283.83499550946
81.7570000000001,2277.04592597758
81.758,2269.60626034335
81.759,2261.1100601115
81.7600000000002,2249.82765890979
81.7610000000002,2238.54165853478
81.7620000000002,2227.67378075174
81.7630000000001,2217.53559854773
81.7640000000001,2208.29439254437
81.7650000000001,2199.56428821345
81.7660000000001,2189.48391224414
81.7670000000001,2180.30868198735
81.768,2171.83208442219
81.769,2163.72232041299
81.7700000000002,2155.62881423914
81.7710000000002,2146.85437163694
81.7720000000002,2135.68176493033
81.7730000000001,2124.62560776987
81.7740000000001,2113.96486714866
81.7750000000001,2103.93284567515
81.7760000000001,2094.69310997627
81.777,2085.87538263535
81.778,2076.0344966788
81.7790000000002,2067.40150765587
81.7800000000002,2059.83115767009
81.7810000000002,2053.01014922036
81.7820000000002,2046.57334117512
81.7830000000001,2039.75121699367
81.7840000000001,2031.08596195573
81.7850000000001,2022.84425121551
81.7860000000001,2015.22948739162
81.787,2008.40151274895
81.788,2002.46147618577
81.7890000000002,1996.94984017252
81.7900000000002,1990.6261589126
81.7910000000002,1985.55737709927
81.7920000000001,1981.63074711858
81.7930000000001,1978.60037835267
81.7940000000001,1976.19404149661
81.7950000000001,1973.70058993112
81.796,1969.96435992178
81.797,1967.12136522689
81.798,1965.32803485827
81.7990000000002,1964.60967816504
81.8000000000002,1964.83655123385
81.8010000000002,1965.18996385025
81.8020000000001,1964.2565187692
81.8030000000001,1963.47928406665
81.8040000000001,1962.27987991878
81.8050000000001,1960.00130768429
81.806,1956.07048172671
81.807,1949.59507448802
81.8080000000002,1939.66433989615
81.8090000000002,1928.51816769219
81.8100000000002,1916.76224081636
81.8110000000001,1905.04652487359
81.8120000000001,1893.99048792222
81.8130000000001,1883.53561982881
81.8140000000001,1873.21904558663
81.8150000000001,1865.06237898259
81.816,1859.02010810695
81.817,1854.75016552997
81.8180000000002,1851.73139008345
81.8190000000002,1848.75740709768
81.8200000000002,1844.47197759731
81.8210000000001,1840.33575661286
81.8220000000001,1836.03592282195
81.8230000000001,1831.18037143797
81.8240000000001,1825.28743052573
81.825,1817.03521703443
81.826,1804.83181241815
81.8270000000002,1790.23441296361
81.8280000000002,1772.96593507473
81.8290000000002,1752.8467978116
81.8300000000002,1729.87995592368
81.8310000000001,1703.38050103441
81.8320000000001,1672.68410106331
81.8330000000001,1641.12242944708
81.8340000000001,1610.15832475218
81.835,1581.26343362099
81.836,1555.70600192542
81.8370000000002,1533.42955252878
81.8380000000002,1513.74512131089
81.8390000000002,1498.76616668781
81.8400000000001,1488.17242123451
81.8410000000001,1481.22975928592
81.8420000000001,1476.94589728664
81.8430000000001,1473.61583156392
81.8440000000001,1469.81918419044
81.845,1466.11745608912
81.846,1461.80630260993
81.8470000000002,1456.31334363975
81.8480000000002,1449.2649199767
81.8490000000002,1440.10028082817
81.8500000000001,1428.9154481599
81.8510000000001,1416.93622506122
81.8520000000001,1404.34981801836
81.8530000000001,1391.31266027939
81.854,1378.02037429025
81.855,1364.36011745121
81.8560000000002,1350.81412488377
81.8570000000002,1338.69372087054
81.8580000000002,1328.2047078143
81.8590000000002,1319.36555653094
81.8600000000001,1312.06605509586
81.8610000000001,1305.71279116964
81.8620000000001,1300.22483510708
81.8630000000001,1296.2098978993
81.864,1293.20287010209
81.865,1290.65059369832
81.8660000000002,1288.0623137002
81.8670000000002,1284.62615745565
81.8680000000002,1280.41275177628
81.8690000000001,1276.78972529421
81.8700000000001,1274.33751140011
81.8710000000001,1273.84078066166
81.8720000000001,1276.29967353894
81.873,1282.15683345595
81.874,1292.60180515094
81.875,1310.36423545624
81.8760000000002,1336.83748144095
81.8770000000002,1373.17288037985
81.8780000000002,1420.23875784136
81.8790000000001,1477.7727323104
81.8800000000001,1545.94135236775
81.8810000000001,1626.29269855904
81.8820000000001,1718.88760050123
81.883,1823.48368881518
81.884,1939.431590854
81.8850000000002,2064.65205099226
81.8860000000002,2196.9325590908
81.8870000000002,2334.24594546195
81.8880000000001,2471.88027806953
81.8890000000001,2603.45870099556
81.8900000000001,2721.07820082945
81.8910000000001,2814.94257334512
81.8920000000001,2875.68168400949
81.893,2895.75407096411
81.894,2868.19377125916
81.8950000000002,2788.70696099309
81.8960000000002,2656.52229557964
81.8970000000002,2474.0557987324
81.8980000000001,2248.48155469418
81.8990000000001,1991.51899074109
81.9000000000001,1716.21371918907
81.9010000000001,1436.53948574749
81.902,1165.93262180809
81.903,915.118678880703
81.9040000000002,692.778142040914
81.9050000000002,505.234229262346
81.9060000000002,354.301786713282
81.9070000000002,238.614244062795
81.9080000000001,154.365354192536
81.9090000000001,95.3666504269674
81.9100000000001,55.7664008582166
81.9110000000001,30.9644731264784
81.912,16.1395904184435
81.913,7.44032024807874
81.9140000000002,2.05713142722862
81.9150000000002,-2.71353308476726
81.9160000000002,-7.69603001426269
81.9170000000001,-11.8723010069621
81.9180000000001,-14.3104109918286
81.9190000000001,-13.3002529638787
81.9200000000001,-6.38678240950438
81.921,8.60150008943445
81.922,35.2414217954585
81.923,78.0201176616789
81.9240000000002,139.970037212686
81.9250000000002,222.896932516433
81.9260000000002,326.839018137988
81.9270000000001,448.780192962401
81.9280000000001,584.683576859099
81.9290000000001,729.591862223349
81.9300000000001,876.483089499058
81.931,1017.89563211142
81.932,1146.8050118103
81.9330000000002,1256.4462743315
81.9340000000002,1343.117870437
81.9350000000002,1406.14339157578
81.9360000000001,1446.16071499963
81.9370000000001,1465.56826186215
81.9380000000001,1467.94971410472
81.9390000000001,1456.34637972585
81.9400000000001,1435.14216791377
81.941,1409.00987524928
81.942,1381.00472181189
81.9430000000002,1353.34371648825
81.9440000000002,1327.4979930609
81.9450000000002,1303.08647567572
81.9460000000001,1281.24750085677
81.9470000000001,1263.65228884338
81.9480000000001,1250.82048049972
81.9490000000001,1243.11396147498
81.95,1240.67094151145
81.951,1241.73609991992
81.9520000000002,1246.66448448532
81.9530000000002,1255.99723415416
81.9540000000002,1268.66161830083
81.9550000000002,1283.34838598578
81.9560000000001,1298.7393952077
81.9570000000001,1312.14772786139
81.9580000000001,1323.70621390088
81.9590000000001,1334.41999003119
81.96,1344.4401887848
81.961,1354.07812346145
81.9620000000002,1363.68675606397
81.9630000000002,1372.40590973876
81.9640000000002,1380.75123275201
81.9650000000001,1389.63176500696
81.9660000000001,1399.10889861455
81.9670000000001,1409.06334013269
81.9680000000001,1419.22197478751
81.9690000000001,1428.335980578
81.97,1436.14985478185
81.971,1443.1949152235
81.9720000000002,1449.80821564361
81.9730000000002,1456.45385974547
81.9740000000002,1463.57270843244
81.9750000000001,1470.57063542933
81.9760000000001,1477.6247158132
81.9770000000001,1485.3848114548
81.9780000000001,1494.05372064408
81.979,1503.73158960632
81.98,1514.36795416588
81.9810000000002,1524.82790160616
81.9820000000002,1534.90707434495
81.9830000000002,1544.96563578628
81.9840000000002,1555.06548412241
81.9850000000001,1565.27338809065
81.9860000000001,1575.56188292734
81.9870000000001,1584.65858454643
81.9880000000001,1592.5950768201
81.989,1599.82061914276
81.99,1606.40848820745
81.9910000000002,1612.50177635957
81.9920000000002,1618.27284443374
81.9930000000002,1622.4704232015
81.9940000000001,1626.03013237997
81.9950000000001,1630.07313263482
81.9960000000001,1635.08124756454
81.9970000000001,1641.44190816574
81.998,1649.36469702107
81.999,1657.26018027874
82,1665.84821082124
82.0010000000002,1675.69329620402
82.0020000000002,1686.55904404712
82.0030000000002,1698.09411959343
82.0040000000001,1709.86432946497
82.0050000000001,1719.83425484021
82.0060000000001,1728.5443075771
82.0070000000001,1736.62821985054
82.008,1744.2422637097
82.009,1751.6167264876
82.0100000000002,1758.9778223827
82.0110000000002,1764.91652999218
82.0120000000002,1770.49652630105
82.0130000000001,1776.61522721136
82.0140000000001,1783.52893391803
82.0150000000001,1791.37392153322
82.0160000000001,1800.13239953207
82.0170000000001,1808.00267777331
82.018,1815.79988760086
82.019,1824.09596191798
82.0200000000002,1832.91068772566
82.0210000000002,1842.23641841204
82.0220000000002,1852.00117173343
82.0230000000001,1860.33517929829
82.0240000000001,1868.224243033
82.0250000000001,1876.30800895305
82.0260000000001,1884.66930178251
82.027,1893.33280969048
82.028,1902.22565595534
82.0290000000002,1909.37086723022
82.0300000000002,1915.83403154255
82.0310000000002,1922.22810148355
82.0320000000002,1928.65033596846
82.0330000000001,1935.17673699384
82.0340000000001,1941.82521223692
82.0350000000001,1946.69534985868
82.0360000000001,1951.09161666673
82.037,1955.74451661116
82.038,1960.87123123074
82.0390000000002,1966.62842415814
82.0400000000002,1973.06369040369
82.0410000000002,1978.22497512556
82.0420000000001,1983.41702078017
82.0430000000001,1989.18674176917
82.0440000000001,1995.55363615701
82.0450000000001,2002.46058863945
82.046,2009.76072372815
82.047,2015.31304557244
82.048,2020.47419214194
82.0490000000002,2025.81290367176
82.0500000000002,2031.49680461932
82.0510000000002,2037.7029089947
82.0520000000001,2044.57021708811
82.0530000000001,2050.19104398018
82.0540000000001,2056.2499143355
82.0550000000001,2063.398651357
82.056,2071.74775882383
82.057,2081.22959274268
82.0580000000002,2091.5622715611
82.0590000000002,2100.23774845877
82.0600000000002,2108.42432645709
82.0610000000001,2116.16741869055
82.0620000000001,2123.12743002653
82.0630000000001,2128.99892469343
82.0640000000001,2133.5327679084
82.0650000000001,2134.47718312651
82.066,2133.70841654959
82.067,2132.03671269527
82.0680000000002,2130.01253154931
82.0690000000002,2128.20669584821
82.0700000000002,2127.12057183185
82.0710000000001,2124.9643838758
82.0720000000001,2123.98012842149
82.0730000000001,2124.90080689452
82.0740000000001,2127.94411880978
82.075,2133.12451022171
82.076,2140.24978641451
82.0770000000002,2146.71693953605
82.0780000000002,2154.21294985592
82.0790000000002,2162.89992505021
82.0800000000002,2172.62101161937
82.0810000000001,2183.19006421439
82.0820000000001,2194.36150985496
82.0830000000001,2203.4814873911
82.0840000000001,2212.45538151029
82.085,2221.48380214149
82.086,2230.40911343588
82.0870000000002,2238.95778746612
82.0880000000002,2246.721619402
82.0890000000002,2250.78143355218
82.0900000000001,2252.99499835128
82.0910000000001,2253.46102779514
82.0920000000001,2252.11566124946
82.0930000000001,2248.98991297035
82.0940000000001,2244.2057546004
82.095,2235.5505904349
82.096,2225.83061637273
82.0970000000002,2215.98957601109
82.0980000000002,2206.75751271195
82.0990000000002,2198.76267960934
82.1000000000001,2192.44150668205
82.1010000000001,2185.55704227744
82.1020000000001,2180.63275534185
82.1030000000001,2177.91364666281
82.104,2177.2599744293
82.105,2178.34185679601
82.1060000000002,2180.67920966083
82.1070000000002,2181.22912725949
82.1080000000002,2182.10686220637
82.1090000000002,2183.29259831116
82.1100000000001,2184.69517843726
82.1110000000001,2186.26423703701
82.1120000000001,2187.95365195504
82.1130000000001,2187.17033740475
82.114,2186.61186313865
82.115,2186.60955999556
82.1160000000002,2187.33060024799
82.1170000000002,2188.8463444747
82.1180000000002,2191.11376638544
82.1190000000001,2191.42484944363
82.1200000000001,2192.4448156139
82.1210000000001,2194.31445780752
82.1220000000001,2197.05454018871
82.123,2200.61542993258
82.124,2204.86804101734
82.125,2207.02913406716
82.1260000000002,2209.84314457037
82.1270000000002,2213.42923028215
82.1280000000002,2217.85763340299
82.1290000000001,2223.16467973729
82.1300000000001,2229.30365648291
82.1310000000001,2233.73560265975
82.1320000000001,2239.28351221628
82.133,2246.1569127188
82.134,2254.43910371425
82.1350000000002,2264.07211318643
82.1360000000002,2274.75594183437
82.1370000000002,2283.70314524847
82.1380000000001,2293.29613531875
82.1390000000001,2303.30110849796
82.1400000000001,2313.38971453224
82.1410000000001,2323.18510138679
82.1420000000001,2332.16818882501
82.143,2337.59625071652
82.144,2341.97370162153
82.1450000000002,2345.2952547194
82.1460000000002,2347.51500179558
82.1470000000002,2348.54107319507
82.1480000000001,2348.06366781355
82.1490000000001,2343.61386174394
82.1500000000001,2337.82535030304
82.1510000000001,2330.81272700136
82.152,2322.6797365405
82.153,2313.56744705259
82.1540000000002,2303.48323485113
82.1550000000002,2290.54438752215
82.1560000000002,2277.89310408093
82.1570000000002,2266.22496964736
82.1580000000001,2256.14831312588
82.1590000000001,2248.13197729452
82.1600000000001,2242.21550811558
82.1610000000001,2236.38136123391
82.162,2233.1216294183
82.163,2232.2965539953
82.1640000000002,2233.5064391773
82.1650000000002,2236.1621353594
82.1660000000002,2239.29345017399
82.1670000000001,2240.20332061052
82.1680000000001,2240.86490175353
82.1690000000001,2241.0093859329
82.1700000000001,2240.44559894216
82.171,2239.07587521505
82.172,2236.57755688517
82.173,2231.1058506081
82.1740000000002,2225.32598802803
82.1750000000002,2219.57285226653
82.1760000000002,2214.07065223087
82.1770000000001,2208.92460400708
82.1780000000001,2203.78230284849
82.1790000000001,2196.74985265651
82.1800000000001,2190.18255934586
82.181,2184.12534154854
82.182,2178.54550418529
82.1830000000002,2173.37409557967
82.1840000000002,2168.16281104711
82.1850000000002,2161.17421649402
82.1860000000001,2154.83491436861
82.1870000000001,2149.35260787552
82.1880000000001,2144.85219022712
82.1890000000001,2141.3743568848
82.1900000000001,2138.46725844128
82.191,2134.4247193939
82.192,2131.46016679671
82.1930000000002,2129.52432097887
82.1940000000002,2128.43887156444
82.1950000000002,2127.94110781121
82.1960000000001,2127.28480823271
82.1970000000001,2124.67197179772
82.1980000000001,2122.21205323698
82.1990000000001,2119.86687515254
82.2,2117.55137498926
82.201,2115.15469311967
82.2020000000002,2112.07456914467
82.2030000000002,2106.78040211165
82.2040000000002,2101.51271307962
82.2050000000002,2096.33629111662
82.2060000000001,2091.22970525333
82.2070000000001,2086.12427056946
82.2080000000001,2080.42909105135
82.2090000000001,2072.77302823445
82.21,2065.4428998727
82.211,2058.61602415167
82.2120000000002,2052.39729505542
82.2130000000002,2046.83879389262
82.2140000000002,2041.41401413262
82.2150000000001,2034.8836096038
82.2160000000001,2029.4438489103
82.2170000000001,2025.18178977335
82.2180000000001,2022.05290703785
82.2190000000001,2019.91475643476
82.22,2017.99512080179
82.221,2014.91646598795
82.2220000000002,2012.60616461589
82.2230000000002,2010.99248886263
82.2240000000002,2009.91877250261
82.2250000000001,2009.17218421153
82.2260000000001,2007.90748630431
82.2270000000001,2004.80181177975
82.2280000000001,2001.74642643426
82.229,1998.67816779834
82.23,1995.46052117745
82.2310000000002,1991.91549625863
82.2320000000002,1987.21948412388
82.2330000000002,1980.20514681122
82.2340000000002,1972.82676786835
82.2350000000001,1965.14737715938
82.2360000000001,1957.17877541283
82.2370000000001,1948.9075008353
82.2380000000001,1939.6536889689
82.239,1928.4979025434
82.24,1917.50613053949
82.2410000000002,1906.88731012392
82.2420000000002,1896.77196410137
82.2430000000002,1887.22734754873
82.2440000000001,1877.58474448056
82.2450000000001,1866.99405548575
82.2460000000001,1857.39139329171
82.2470000000001,1848.87511545642
82.248,1841.43374226831
82.249,1834.9718144621
82.25,1828.62437805845
82.2510000000002,1821.44900603365
82.2520000000002,1815.14815664729
82.2530000000002,1809.65018681752
82.2540000000001,1804.78238356897
82.2550000000001,1800.3002737706
82.2560000000001,1795.18836053238
82.2570000000001,1788.49835642094
82.258,1781.83626561584
82.259,1775.16346615221
82.2600000000002,1768.43760236054
82.2610000000002,1761.65032992985
82.2620000000002,1754.11143014733
82.2630000000001,1745.375943163
82.2640000000001,1737.36044139303
82.2650000000001,1730.35401874065
82.2660000000001,1724.52808019874
82.2670000000001,1719.93422674834
82.268,1715.77609597689
82.269,1711.4568186655
82.2700000000002,1708.41922419573
82.2710000000002,1706.52008749688
82.2720000000002,1705.53548350961
82.2730000000001,1705.23141521318
82.2740000000001,1704.66507073888
82.2750000000001,1703.34678917293
82.2760000000001,1702.83710550123
82.277,1703.23632930304
82.278,1704.55016075224
82.2790000000002,1706.67648590578
82.2800000000002,1708.62489091496
82.2810000000002,1709.77594387973
82.2820000000002,1711.32469610893
82.2830000000001,1712.9977542227
82.2840000000001,1714.48202271659
82.2850000000001,1715.51257625268
82.2860000000001,1715.14089374209
82.287,1713.12668520535
82.288,1711.13873101918
82.2890000000002,1709.52567192026
82.2900000000002,1708.57315276241
82.2910000000002,1708.45421490428
82.2920000000001,1708.36551483826
82.2930000000001,1707.97484795004
82.2940000000001,1708.45170985714
82.2950000000001,1709.47255042146
82.296,1710.57795568636
82.297,1711.28227349517
82.298,1710.3323378096
82.2990000000002,1707.34438034447
82.3000000000002,1703.68448684312
82.3010000000002,1699.5708764135
82.3020000000001,1695.26707972647
82.3030000000001,1691.03694094218
82.3040000000001,1686.22634002755
82.3050000000001,1680.87270829088
82.306,1676.37455923732
82.307,1672.73562367549
82.3080000000002,1669.77409228957
82.3090000000002,1667.1740265657
82.3100000000002,1663.5964383413
82.3110000000001,1658.55069371598
82.3120000000001,1653.0873979938
82.3130000000001,1647.01635988579
82.3140000000001,1640.09191622854
82.3150000000001,1632.00333195043
82.316,1621.21826982165
82.317,1607.20929266846
82.3180000000002,1591.35824571243
82.3190000000002,1573.81070251712
82.3200000000002,1554.82760570094
82.3210000000001,1534.77983323464
82.3220000000001,1512.68534119666
82.3230000000001,1488.8710353668
82.3240000000001,1465.99623229081
82.325,1445.25553573483
82.326,1427.71997038528
82.3270000000002,1414.14892951266
82.3280000000002,1403.52796281815
82.3290000000002,1395.5707239977
82.3300000000002,1391.31750065762
82.3310000000001,1390.14006273267
82.3320000000001,1391.19095270178
82.3330000000001,1393.55511195301
82.3340000000001,1395.62951957305
82.335,1396.99665394652
82.336,1398.09143856733
82.3370000000002,1398.631654215
82.3380000000002,1398.44893484632
82.3390000000002,1397.49936026141
82.3400000000001,1395.34847179015
82.3410000000001,1392.57382360931
82.3420000000001,1389.9402486421
82.3430000000001,1387.47826280882
82.3440000000001,1385.14346014734
82.345,1382.90292840711
82.346,1380.31087611716
82.3470000000002,1377.9660488097
82.3480000000002,1376.57007372883
82.3490000000002,1376.1178110202
82.3500000000001,1376.48477633198
82.3510000000001,1377.48283870493
82.3520000000001,1378.29031934241
82.3530000000001,1379.20799113109
82.354,1380.76464874185
82.355,1382.79375811976
82.3560000000002,1385.12077492277
82.3570000000002,1387.63430729316
82.3580000000002,1389.30332637536
82.3590000000002,1390.74751588385
82.3600000000001,1393.4308461145
82.3610000000001,1398.08096542556
82.3620000000001,1405.51867385559
82.3630000000001,1416.62074433971
82.364,1430.94383866722
82.365,1449.85728741338
82.3660000000002,1475.6673835648
82.3670000000002,1509.71539062344
82.3680000000002,1553.33950472531
82.3690000000001,1607.8307104975
82.3700000000001,1673.01575507188
82.3710000000001,1750.41102817341
82.3720000000001,1842.0333169334
82.373,1948.47801943503
82.374,2069.59590864116
82.375,2204.17394927071
82.3760000000002,2348.26413888948
82.3770000000002,2498.17318941422
82.3780000000002,2649.05909885868
82.3790000000001,2793.39934972754
82.3800000000001,2922.11498713387
82.3810000000001,3025.08567403258
82.3820000000001,3090.54747335257
82.383,3109.52207206181
82.384,3075.59114391982
82.3850000000002,2984.49901166619
82.3860000000002,2835.82325487245
82.3870000000002,2633.40291413187
82.3880000000001,2383.81187880459
82.3890000000001,2099.3739517071
82.3900000000001,1795.63510982978
82.3910000000001,1488.50955322285
82.3920000000001,1193.44518998423
82.393,923.797658603752
82.394,687.940106211018
82.3950000000002,492.275322936155
82.3960000000002,339.327029969115
82.3970000000002,226.760319952435
82.3980000000001,149.042042509395
82.3990000000001,98.6237401011752
82.4000000000001,65.6289014390079
82.4010000000001,43.2959236041941
82.402,27.1222614827564
82.403,14.2534163396761
82.4040000000002,4.45331513388297
82.4050000000002,-0.197727589950998
82.4060000000002,2.27128317786359
82.4070000000002,17.3828571398556
82.4080000000001,51.1501742833316
82.4090000000001,108.030848331322
82.4100000000001,191.018502951909
82.4110000000001,301.125743245764
82.412,435.246899048693
82.413,591.002077518276
82.4140000000002,764.560633805038
82.4150000000002,949.947475003702
82.4160000000002,1140.31584990757
82.4170000000001,1328.43366686445
82.4180000000001,1505.1929422022
82.4190000000001,1665.20908050354
82.4200000000001,1804.51154078536
82.421,1919.85812758122
82.422,2009.64707392529
82.423,2073.86647543063
82.4240000000002,2111.82844067882
82.4250000000002,2127.33883624942
82.4260000000002,2125.29069034808
82.4270000000001,2110.3975865115
82.4280000000001,2087.4995713043
82.4290000000001,2061.09848337184
82.4300000000001,2032.70860907937
82.431,2006.64488385429
82.432,1986.26523598743
82.4330000000002,1973.24553062828
82.4340000000002,1968.40021665159
82.4350000000002,1971.73941569987
82.4360000000001,1979.9297879347
82.4370000000001,1993.68426195221
82.4380000000001,2013.08854546244
82.4390000000001,2037.23865940944
82.4400000000001,2065.19977526786
82.441,2096.00977881681
82.442,2125.58941674886
82.4430000000002,2155.36858442123
82.4440000000002,2185.96538464292
82.4450000000002,2216.9827258187
82.4460000000001,2247.9832477095
82.4470000000001,2278.46452025792
82.4480000000001,2304.87636127849
82.4490000000001,2328.96273343412
82.45,2351.77996980027
82.451,2373.64985679551
82.4520000000002,2395.00315831418
82.4530000000002,2416.31660100111
82.4540000000002,2435.61512769637
82.4550000000002,2454.80478552746
82.4560000000001,2475.60087503035
82.4570000000001,2499.11357131069
82.4580000000001,2526.17795511582
82.4590000000001,2557.10212936312
82.46,2589.24788302991
82.461,2622.82587243769
82.4620000000002,2657.72488044935
82.4630000000002,2693.30918806426
82.4640000000002,2728.8925302059
82.4650000000001,2763.71363397008
82.4660000000001,2794.62201507532
82.4670000000001,2822.09166429489
82.4680000000001,2846.81742267535
82.4690000000001,2869.46878615646
82.47,2890.89629061947
82.471,2911.8488659241
82.4720000000002,2930.23178787573
82.4730000000002,2947.64113382885
82.4740000000002,2965.07795954197
82.4750000000001,2982.9904474632
82.4760000000001,3001.61450006682
82.4770000000001,3020.87788871007
82.4780000000001,3037.38505179626
82.479,3052.84531356541
82.48,3067.95895448978
82.4810000000002,3083.09904601958
82.4820000000002,3098.76985499229
82.4830000000002,3115.4797125403
82.4840000000002,3130.26722273828
82.4850000000001,3146.22354513044
82.4860000000001,3164.69421278198
82.4870000000001,3186.29546874703
82.4880000000001,3211.32251654978
82.489,3239.63123016909
82.49,3267.20338935556
82.4910000000002,3295.99835682497
82.4920000000002,3326.0338158933
82.4930000000002,3356.78576830478
82.4940000000001,3387.69195139328
82.4950000000001,3418.13519507241
82.4960000000001,3444.02380316318
82.4970000000001,3467.73076643075
82.498,3489.87496049989
82.499,3510.77353036396
82.5,3530.74124341936
82.5010000000002,3549.94649674583
82.5020000000002,3564.79852511714
82.5030000000002,3578.29896186003
82.5040000000001,3591.28177615044
82.5050000000001,3604.23514422905
82.5060000000001,3617.65816126357
82.5070000000001,3631.9965717021
82.508,3643.92291793003
82.509,3657.16699051039
82.5100000000002,3672.96373143063
82.5110000000002,3692.05331120249
82.5120000000002,3714.84965637877
82.5130000000001,3741.26836071566
82.5140000000001,3766.85604771871
82.5150000000001,3794.13776030228
82.5160000000001,3822.60884647434
82.5170000000001,3851.28258090169
82.518,3879.08588989211
82.519,3904.94284210319
82.5200000000002,3923.96305137725
82.5210000000002,3939.33167120881
82.5220000000002,3951.59360869452
82.5230000000001,3961.344730262
82.5240000000001,3969.31821364293
82.5250000000001,3976.18017987232
82.5260000000001,3978.30742240857
82.527,3980.07589211663
82.528,3982.29280822785
82.5290000000002,3985.30739676631
82.5300000000002,3989.19324870331
82.5310000000002,3993.74878510208
82.5320000000002,3994.36300241947
82.5330000000001,3994.96369370885
82.5340000000001,3995.88060932293
82.5350000000001,3997.32455918799
82.5360000000001,3999.46583024916
82.537,4002.33830046534
82.538,4001.48180327411
82.5390000000002,4001.22748360678
82.5400000000002,4001.88980979211
82.5410000000002,4003.56739062694
82.5420000000001,4006.20201074463
82.5430000000001,4009.55326946252
82.5440000000001,4008.81626710543
82.5450000000001,4008.38153456728
82.546,4008.47289220118
82.547,4009.27143323128
82.548,4010.88101057568
82.5490000000002,4013.18848969502
82.5500000000002,4011.62929276952
82.5510000000002,4010.73571614338
82.5520000000001,4010.73450780537
82.5530000000001,4011.71764800654
82.5540000000001,4013.64203437331
82.5550000000001,4016.16822655277
82.556,4014.65882200995
82.557,4013.65858256279
82.5580000000002,4013.38451646861
82.5590000000002,4013.96624406386
82.5600000000002,4015.43145931931
82.5610000000001,4017.45374944248
82.5620000000001,4015.54922147342
82.5630000000001,4014.34134404512
82.5640000000001,4014.0392511785
82.5650000000001,4014.72092131268
82.566,4016.33955058773
82.567,4018.42671125311
82.5680000000002,4016.55577550152
82.5690000000002,4015.33757046693
82.5700000000002,4014.99717598899
82.5710000000001,4015.64789628276
82.5720000000001,4017.28512341481
82.5730000000001,4019.40301430718
82.5740000000001,4017.69137552619
82.575,4016.76720664203
82.576,4016.80875095909
82.5770000000002,4017.85541302789
82.5780000000002,4019.81985469625
82.5790000000002,4022.04689591461
82.5800000000002,4020.26693603128
82.5810000000001,4019.13473833147
82.5820000000001,4018.83405730688
82.5830000000001,4019.42563757934
82.5840000000001,4020.85862711256
82.585,4022.4520784514
82.586,4020.11421513171
82.5870000000002,4018.53693397399
82.5880000000002,4017.94197708913
82.5890000000002,4018.40886686184
82.5900000000001,4019.886724296
82.5910000000001,4021.60683559712
82.5920000000001,4019.59090635907
82.5930000000001,4018.43856370367
82.5940000000001,4018.32297305031
82.595,4019.26800121399
82.596,4021.16288945856
82.5970000000002,4023.10834129204
82.5980000000002,4021.21978896529
82.5990000000002,4019.99845644107
82.6000000000001,4019.60080258493
82.6010000000001,4020.06259510938
82.6020000000001,4021.31647099285
82.6030000000001,4022.46477837068
82.604,4019.86351774748
82.605,4018.0550357653
82.6060000000002,4017.28690780657
82.6070000000002,4017.65782729559
82.6080000000002,4019.12053669858
82.6090000000002,4020.67667673705
82.6100000000001,4018.75320926252
82.6110000000001,4017.71571743083
82.6120000000001,4017.68304459133
82.6130000000001,4018.63407717942
82.614,4020.43370644775
82.615,4021.97403798979
82.6160000000002,4019.84792620361
82.6170000000002,4018.42805947379
82.6180000000002,4017.93982091201
82.6190000000001,4018.48075912204
82.6200000000001,4020.019325787
82.6210000000001,4021.44194239006
82.6220000000001,4019.50246672738
82.623,4018.46529918824
82.624,4018.46784454748
82.625,4019.49556101529
82.6260000000002,4021.40603146682
82.6270000000002,4022.93089555925
82.6280000000002,4020.93549817957
82.6290000000001,4019.62847524468
82.6300000000001,4019.20623206524
82.6310000000001,4019.74570345018
82.6320000000001,4021.20602223128
82.633,4022.33649142419
82.634,4020.20777682692
82.6350000000002,4018.9769860087
82.6360000000002,4018.81208217528
82.6370000000002,4019.72883899301
82.6380000000001,4021.60813406705
82.6390000000001,4023.05150709407
82.6400000000001,4021.21948467152
82.6410000000001,4020.17129371316
82.6420000000001,4020.07151842797
82.643,4020.95656431132
82.644,4022.74078484917
82.6450000000002,4023.98878895976
82.6460000000002,4022.03378457206
82.6470000000002,4020.8768017101
82.6480000000001,4020.67434153016
82.6490000000001,4021.44448195973
82.6500000000001,4023.08127943868
82.6510000000001,4024.06635529226
82.652,4021.88510812275
82.653,4020.48901384458
82.6540000000002,4020.06735527413
82.6550000000002,4020.67813495271
82.6560000000002,4022.25162263877
82.6570000000002,4023.22094324421
82.6580000000001,4021.22161324486
82.6590000000001,4020.11354861364
82.6600000000001,4020.03826253659
82.6610000000001,4020.99140152307
82.662,4022.83742376379
82.663,4023.88340084831
82.6640000000002,4021.88123563688
82.6650000000002,4020.61797559114
82.6660000000002,4020.26340083917
82.6670000000001,4020.87127862236
82.6680000000001,4022.38408558071
82.6690000000001,4023.12314839768
82.6700000000001,4021.06437139176
82.671,4019.97138967675
82.672,4020.01997406982
82.673,4021.22384699652
82.6740000000002,4023.44037200698
82.6750000000002,4024.80057438938
82.6760000000002,4023.29421034822
82.6770000000001,4022.48955747197
82.6780000000001,4022.46599880844
82.6790000000001,4023.19467488147
82.6800000000001,4024.55669520923
82.681,4024.70446727104
82.682,4021.92538425213
82.6830000000002,4019.89977259608
82.6840000000002,4018.8880104721
82.6850000000002,4019.00987343315
82.6860000000001,4020.23330975973
82.6870000000001,4020.64763735887
82.6880000000001,4018.61585631208
82.6890000000001,4017.60834760566
82.6900000000001,4017.70243992548
82.691,4018.83104193538
82.692,4020.80767699029
82.6930000000002,4021.55946212929
82.6940000000002,4019.58516182537
82.6950000000002,4018.34772229501
82.6960000000001,4018.04347217504
82.6970000000001,4018.7519270861
82.6980000000001,4020.42453604973
82.6990000000001,4021.01552371232
82.7,4019.20831266737
82.701,4018.3612047865
82.7020000000002,4018.57493697621
82.7030000000002,4019.79853221991
82.7040000000002,4021.84955368824
82.7050000000002,4022.50714138806
82.7060000000001,4020.55361835063
82.7070000000001,4019.29234178726
82.7080000000001,4018.89759038672
82.7090000000001,4019.43454341394
82.71,4020.85141977611
82.711,4020.97259641411
82.7120000000002,4018.80473341204
82.7130000000002,4017.60007040151
82.7140000000002,4017.49139110688
82.7150000000001,4018.45501692919
82.7160000000001,4020.32350022877
82.7170000000001,4020.7351799718
82.7180000000001,4018.75441594228
82.7190000000001,4017.5137196291
82.72,4017.14487630189
82.721,4017.67018660356
82.7220000000002,4019.00204756635
82.7230000000002,4018.80513107399
82.7240000000002,4016.38617735729
82.7250000000001,4014.87805876509
82.7260000000001,4014.4497088392
82.7270000000001,4015.12517932385
82.7280000000001,4016.78647511038
82.729,4016.97619196844
82.73,4015.08728167764
82.7310000000002,4014.11805597666
82.7320000000002,4014.18176080586
82.7330000000002,4015.26196200417
82.7340000000002,4017.21691698761
82.7350000000001,4017.51203034204
82.7360000000001,4015.69674860243
82.7370000000001,4014.715738347
82.7380000000001,4014.70313871056
82.739,4015.66655553125
82.74,4017.48827041801
82.7410000000002,4017.58658952181
82.7420000000002,4015.67889226325
82.7430000000002,4014.65008603163
82.7440000000001,4014.6346583212
82.7450000000001,4015.6306022709
82.7460000000001,4017.50067212243
82.7470000000001,4017.57139184931
82.748,4015.68135310522
82.749,4014.6130496902
82.75,4014.47982297924
82.7510000000002,4015.27221864581
82.7520000000002,4016.86194672662
82.7530000000002,4016.53681074036
82.7540000000001,4014.32644377157
82.7550000000001,4012.9825518166
82.7560000000001,4012.6568386158
82.7570000000001,4013.36726193871
82.758,4014.99577459715
82.759,4014.7804494148
82.7600000000002,4012.88182541162
82.7610000000002,4011.90181716272
82.7620000000002,4011.92244645105
82.7630000000001,4012.89885978439
82.7640000000001,4014.67347320877
82.7650000000001,4014.48215629177
82.7660000000001,4012.68368381797
82.7670000000001,4011.77627234929
82.768,4011.85417874908
82.769,4012.8788587202
82.7700000000002,4014.69248119924
82.7710000000002,4014.50118518472
82.7720000000002,4012.81100263322
82.7730000000001,4011.99875611451
82.7740000000001,4012.12675720078
82.7750000000001,4013.12617972097
82.7760000000001,4014.81573585294
82.777,4014.32598209055
82.778,4012.3068666893
82.7790000000002,4011.08295978874
82.7800000000002,4010.74530044409
82.7810000000002,4011.26518403319
82.7820000000002,4012.50817953164
82.7830000000001,4011.59901650437
82.7840000000001,4009.37168533093
82.7850000000001,4008.09889101671
82.7860000000001,4007.8712364689
82.787,4008.63621424054
82.788,4010.21439660318
82.7890000000002,4009.59814002569
82.7900000000002,4007.70114922355
82.7910000000002,4006.68999236554
82.7920000000001,4006.63307749386
82.7930000000001,4007.48157199067
82.7940000000001,4009.08019216598
82.7950000000001,4008.25365262285
82.796,4006.09089350533
82.797,4004.85240160842
82.798,4004.67986427097
82.7990000000002,4005.54734616956
82.8000000000002,4007.24299382263
82.8010000000002,4006.34819344402
82.8020000000001,4003.89767940023
82.8030000000001,4001.9039011392
82.8040000000001,4000.38220991274
82.8050000000001,3999.3141538638
82.806,3998.66460239461
82.807,3995.27531142531
82.8080000000002,3990.74663284391
82.8090000000002,3987.39561551345
82.8100000000002,3985.41041520575
82.8110000000001,3984.60119869662
82.8120000000001,3984.33010706249
82.8130000000001,3980.35116388357
82.8140000000001,3973.10270469468
82.8150000000001,3963.468856798
82.816,3950.53740159346
82.817,3933.59410998255
82.8180000000002,3912.29283207301
82.8190000000002,3883.76988231132
82.8200000000002,3850.58359566486
82.8210000000001,3815.87737927199
82.8220000000001,3781.27528989314
82.8230000000001,3748.29149162613
82.8240000000001,3718.14479120136
82.825,3689.53732500107
82.826,3664.64434570865
82.8270000000002,3644.55129769113
82.8280000000002,3628.61527378033
82.8290000000002,3615.98497393172
82.8300000000002,3605.96962977153
82.8310000000001,3596.35236388279
82.8320000000001,3589.24496487262
82.8330000000001,3586.14082657415
82.8340000000001,3587.13741749817
82.835,3591.75283098167
82.836,3598.79690459167
82.8370000000002,3603.85386101693
82.8380000000002,3606.86031917544
82.8390000000002,3607.05349892571
82.8400000000001,3602.83939735378
82.8410000000001,3593.60611632456
82.8420000000001,3580.17553269558
82.8430000000001,3561.86796600903
82.8440000000001,3544.8860127528
82.845,3535.43765147717
82.846,3538.06279612703
82.8470000000002,3555.95975117801
82.8480000000002,3590.18438194893
82.8490000000002,3636.11147056721
82.8500000000001,3692.40126652751
82.8510000000001,3755.0299119867
82.8520000000001,3817.84769183158
82.8530000000001,3875.0532683933
82.854,3922.32651865624
82.855,3954.54666978181
82.8560000000002,3974.70490212443
82.8570000000002,3986.65107624535
82.8580000000002,3994.0357789759
82.8590000000002,4000.34764609777
82.8600000000001,4007.92633559108
82.8610000000001,4014.32723426886
82.8620000000001,4021.12151392677
82.8630000000001,4027.30162716568
82.864,4030.36403934348
82.865,4028.50475952647
82.8660000000002,4021.54664848754
82.8670000000002,4008.20759616096
82.8680000000002,3994.85950196701
82.8690000000001,3986.90430098188
82.8700000000001,3987.50724064886
82.8710000000001,3996.90785286252
82.8720000000001,4011.11382150723
82.873,4018.25492248154
82.874,4008.47093857514
82.875,3967.74544951013
82.8760000000002,3881.04735201775
82.8770000000002,3736.24652342731
82.8780000000002,3526.90729504396
82.8790000000001,3251.16717174365
82.8800000000001,2921.79078523174
82.8810000000001,2557.43479383673
82.8820000000001,2181.39899534553
82.883,1819.45894354058
82.884,1496.45009924365
82.8850000000002,1230.04725656222
82.8860000000002,1037.50562354072
82.8870000000002,926.45868372547
82.8880000000001,896.009594633631
82.8890000000001,938.742777721596
82.8900000000001,1042.75635191107
82.8910000000001,1190.97129867501
82.8920000000001,1372.34187055084
82.893,1575.29235635298
82.894,1789.70017225995
82.8950000000002,2007.6474468045
82.8960000000002,2222.94668433182
82.8970000000002,2427.38985884112
82.8980000000001,2619.27863835182
82.8990000000001,2794.66069943983
82.9000000000001,2948.76726367669
82.9010000000001,3077.06161048739
82.902,3175.90669151985
82.903,3240.22599027317
82.9040000000002,3273.29932143836
82.9050000000002,3278.30521762301
82.9060000000002,3259.69464194198
82.9070000000002,3223.17875373429
82.9080000000001,3174.95123984721
82.9090000000001,3117.81950032238
82.9100000000001,3060.02245995267
82.9110000000001,3005.91165020596
82.912,2957.73025124
82.913,2916.35767612724
82.9140000000002,2881.73353315856
82.9150000000002,2850.10560521805
82.9160000000002,2824.53820111172
82.9170000000001,2805.37039205647
82.9180000000001,2792.49688490446
82.9190000000001,2785.784886513
82.9200000000001,2784.92943466736
82.921,2786.01473110965
82.922,2791.78534189091
82.923,2801.45746147664
82.9240000000002,2813.33991475203
82.9250000000002,2825.52879888264
82.9260000000002,2836.21579303578
82.9270000000001,2840.64524409533
82.9280000000001,2841.80607636696
82.9290000000001,2839.97635795687
82.9300000000001,2835.36872761993
82.931,2828.39673323559
82.932,2819.54609929364
82.9330000000002,2805.91769848823
82.9340000000002,2791.80385667429
82.9350000000002,2777.88815018548
82.9360000000001,2764.21080505049
82.9370000000001,2750.60653871212
82.9380000000001,2736.852304558
82.9390000000001,2719.67384099112
82.9400000000001,2702.73927711018
82.941,2686.65999813713
82.942,2671.75280444917
82.9430000000002,2658.22836896988
82.9440000000002,2646.15324964194
82.9450000000002,2633.2153309299
82.9460000000001,2621.43297410062
82.9470000000001,2610.94435765342
82.9480000000001,2601.67498270125
82.9490000000001,2593.42880452344
82.95,2585.88376052343
82.951,2576.55378702823
82.9520000000002,2567.06742453851
82.9530000000002,2557.55880369917
82.9540000000002,2548.21430847111
82.9550000000002,2539.27051604688
82.9560000000001,2530.91795999035
82.9570000000001,2520.55691616386
82.9580000000001,2511.17369157908
82.9590000000001,2502.98657313735
82.96,2495.99657760248
82.961,2490.06805777324
82.9620000000002,2484.95378851982
82.9630000000002,2477.18905642625
82.9640000000002,2470.28424204022
82.9650000000001,2464.20595713976
82.9660000000001,2458.80498955409
82.9670000000001,2453.88051457249
82.9680000000001,2449.16294124418
82.9690000000001,2441.43298751748
82.97,2434.26027660226
82.971,2427.76437330788
82.9720000000002,2421.93189067056
82.9730000000002,2416.65970147952
82.9740000000002,2411.68818817192
82.9750000000001,2404.05386325419
82.9760000000001,2397.02169314331
82.9770000000001,2390.68989547276
82.9780000000001,2385.04303691622
82.979,2379.98791947138
82.98,2375.23501790803
82.9810000000002,2367.95014440138
82.9820000000002,2361.29956377297
82.9830000000002,2355.39304396805
82.9840000000002,2350.23593098224
82.9850000000001,2345.75974464038
82.9860000000001,2341.64761602951
82.9870000000001,2335.11032515959
82.9880000000001,2329.3193150457
82.989,2324.33903322365
82.99,2320.09142567215
82.9910000000002,2316.38902238629
82.9920000000002,2312.7232816822
82.9930000000002,2306.20578589649
82.9940000000001,2299.86463323185
82.9950000000001,2293.69807863771
82.9960000000001,2287.63728546974
82.9970000000001,2281.59035717695
82.998,2275.18593086243
82.999,2265.86497617991
83,2256.92612600294
83.0010000000002,2248.74810938466
83.0020000000002,2241.6485575205
83.0030000000002,2235.87878482572
83.0040000000001,2231.27516841014
83.0050000000001,2225.46960501082
83.0060000000001,2221.70329177449
83.0070000000001,2220.22996425492
83.008,2221.118173569
83.009,2224.25645310425
83.0100000000002,2228.97482012466
83.0110000000002,2232.42382166045
83.0120000000002,2237.29383248117
83.0130000000001,2243.35115303845
83.0140000000001,2250.24129173796
83.0150000000001,2257.51419296028
83.0160000000001,2264.20671720203
83.0170000000001,2267.37027627436
83.018,2269.67635751762
83.019,2271.03079234022
83.0200000000002,2271.34280566715
83.0210000000002,2270.52936537216
83.0220000000002,2268.01767533352
83.0230000000001,2261.39119761712
83.0240000000001,2253.84499852071
83.0250000000001,2245.84255359653
83.0260000000001,2237.82955984193
83.027,2230.19881397448
83.028,2222.69484433732
83.0290000000002,2213.16688006135
83.0300000000002,2204.95358950788
83.0310000000002,2198.52979801636
83.0320000000002,2194.219331307
83.0330000000001,2192.16359555187
83.0340000000001,2191.68002560331
83.0350000000001,2190.19388920588
83.0360000000001,2190.58642935375
83.037,2192.90862416463
83.038,2197.13060951854
83.0390000000002,2203.13664692084
83.0400000000002,2210.02455411404
83.0410000000002,2215.1763441166
83.0420000000001,2221.57968711985
83.0430000000001,2229.4552656426
83.0440000000001,2238.97004117695
83.0450000000001,2250.17232189283
83.046,2262.16457929559
83.047,2272.29841373346
83.048,2283.50352376025
83.0490000000002,2295.87200655001
83.0500000000002,2309.43274739714
83.0510000000002,2324.12368211319
83.0520000000001,2338.91605858167
83.0530000000001,2351.19476878727
83.0540000000001,2364.0497183906
83.0550000000001,2377.78942421554
83.056,2392.68469514924
83.057,2408.88267829495
83.0580000000002,2425.41703560883
83.0590000000002,2439.76499073238
83.0600000000002,2454.9439436879
83.0610000000001,2471.17578681891
83.0620000000001,2488.651297624
83.0630000000001,2507.48874777512
83.0640000000001,2526.71614553413
83.0650000000001,2544.03831004858
83.066,2562.56969744747
83.067,2582.66224701657
83.0680000000002,2604.52835885443
83.0690000000002,2628.13493213915
83.0700000000002,2652.10494441472
83.0710000000001,2673.74268775428
83.0720000000001,2695.54051949133
83.0730000000001,2717.33739207464
83.0740000000001,2739.04209924387
83.075,2760.64671616484
83.076,2781.12322015784
83.0770000000002,2798.65543220792
83.0780000000002,2816.7221246453
83.0790000000002,2836.21803858293
83.0800000000002,2857.92599062593
83.0810000000001,2882.32458541469
83.0820000000001,2908.2909582549
83.0830000000001,2933.53508536882
83.0840000000001,2960.45320862775
83.085,2988.64677848839
83.086,3017.62058755949
83.0870000000002,3046.86801956456
83.0880000000002,3074.74666681655
83.0890000000002,3099.24198009614
83.0900000000001,3123.45009761254
83.0910000000001,3148.19238858888
83.0920000000001,3174.38236106824
83.0930000000001,3202.80662914895
83.0940000000001,3232.67359961793
83.095,3262.40929519467
83.096,3294.74693657727
83.0970000000002,3329.66526231079
83.0980000000002,3366.89149929289
83.0990000000002,3405.94500767823
83.1000000000001,3444.88997324039
83.1010000000001,3481.56876052659
83.1020000000001,3518.46433600228
83.1030000000001,3555.79670813176
83.104,3593.84946044988
83.105,3632.80506527664
83.1060000000002,3671.20790981246
83.1070000000002,3707.26767258848
83.1080000000002,3743.30746748554
83.1090000000002,3779.0282740412
83.1100000000001,3813.92996939189
83.1110000000001,3847.33682696399
83.1120000000001,3877.00304301778
83.1130000000001,3900.86994416203
83.114,3921.3076279707
83.115,3938.53962958741
83.1160000000002,3952.98118739061
83.1170000000002,3965.12081278809
83.1180000000002,3973.8654741753
83.1190000000001,3978.38879311823
83.1200000000001,3981.8905335925
83.1210000000001,3985.07043727112
83.1220000000001,3988.44500513513
83.123,3992.28496082907
83.124,3994.98084202598
83.125,3995.29825430816
83.1260000000002,3995.9007385254
83.1270000000002,3997.03278351222
83.1280000000002,3998.87414505214
83.1290000000001,4001.48594817654
83.1300000000001,4003.06976015224
83.1310000000001,4002.4961040985
83.1320000000001,4002.42999525732
83.133,4003.10412104293
83.134,4004.66146193818
83.1350000000002,4007.10517908162
83.1360000000002,4008.48126614986
83.1370000000002,4007.74359316747
83.1380000000001,4007.51729140249
83.1390000000001,4008.00479691887
83.1400000000001,4009.33178777677
83.1410000000001,4011.49736022406
83.1420000000001,4012.46409798133
83.143,4011.34596716247
83.144,4010.77925651308
83.1450000000002,4010.97019301936
83.1460000000002,4012.04012760484
83.1470000000002,4013.98225072018
83.1480000000001,4014.6548359314
83.1490000000001,4013.33244510775
83.1500000000001,4012.66378258738
83.1510000000001,4012.84175293012
83.152,4013.96052009063
83.153,4015.97963203394
83.1540000000002,4016.62266555156
83.1550000000002,4015.30233850074
83.1560000000002,4014.65614327089
83.1570000000002,4014.86153958099
83.1580000000001,4015.99959750021
83.1590000000001,4018.02330551295
83.1600000000001,4018.53967067851
83.1610000000001,4017.14658261205
83.162,4016.50229642733
83.163,4016.76437352185
83.1640000000002,4017.97775693013
83.1650000000002,4020.05524993491
83.1660000000002,4020.44712963267
83.1670000000001,4018.9247832602
83.1680000000001,4018.16061280953
83.1690000000001,4018.3033065248
83.1700000000001,4019.38951382376
83.171,4021.33033177657
83.172,4021.45977432191
83.173,4019.75819725279
83.1740000000002,4018.91901374126
83.1750000000002,4019.08098182776
83.1760000000002,4020.25310518263
83.1770000000001,4022.31051912602
83.1780000000001,4022.45590613037
83.1790000000001,4020.81735361659
83.1800000000001,4020.03574923039
83.181,4020.23051590168
83.182,4021.39482436158
83.1830000000002,4023.39443267873
83.1840000000002,4023.35617250644
83.1850000000002,4021.57255401457
83.1860000000001,4020.63749090451
83.1870000000001,4020.68604041229
83.1880000000001,4021.7252313504
83.1890000000001,4023.62962858243
83.1900000000001,4023.45643911939
83.191,4021.64524233022
83.192,4020.71109934976
83.1930000000002,4020.77094219271
83.1940000000002,4021.81174822334
83.1950000000002,4023.68957736476
83.1960000000001,4023.37804494808
83.1970000000001,4021.46363006019
83.1980000000001,4020.39719475735
83.1990000000001,4020.30653683904
83.2,4021.19505365834
83.201,4022.93753451055
83.2020000000002,4022.45645240043
83.2030000000002,4020.50624862049
83.2040000000002,4019.48127247151
83.2050000000002,4019.51648705907
83.2060000000001,4020.61791496481
83.2070000000001,4022.65797596748
83.2080000000001,4022.48187523282
83.2090000000001,4020.98108862242
83.21,4020.45832609158
83.211,4021.01505840557
83.2120000000002,4022.61267847716
83.2130000000002,4025.06912041124
83.2140000000002,4025.10091883106
83.2150000000001,4023.69534202742
83.2160000000001,4023.04478360459
83.2170000000001,4023.23381434067
83.2180000000001,4024.23982064031
83.2190000000001,4025.93266565184
83.22,4025.04520637993
83.221,4022.82417602172
83.2220000000002,4021.50717334018
83.2230000000002,4021.28005305041
83.2240000000002,4022.1886660175
83.2250000000001,4024.12284818791
83.2260000000001,4023.71152367016
83.2270000000001,4022.26496377054
83.2280000000001,4021.82392829569
83.229,4022.42893686929
83.23,4023.98798829231
83.2310000000002,4026.28465508618
83.2320000000002,4025.82371796465
83.2330000000002,4024.07051110912
83.2340000000002,4023.05724942992
83.2350000000001,4022.92934084709
83.2360000000001,4023.72205704415
83.2370000000001,4025.343371176
83.2380000000001,4024.32896585955
83.239,4022.35206459532
83.24,4021.38281515466
83.2410000000002,4021.52875878353
83.2420000000002,4022.75355455427
83.2430000000002,4024.8767368195
83.2440000000001,4024.2786908303
83.2450000000001,4022.71526187178
83.2460000000001,4022.04637826364
83.2470000000001,4022.3686318513
83.248,4023.65937822704
83.249,4025.7660871195
83.25,4025.03203997354
83.2510000000002,4023.38767248754
83.2520000000002,4022.63418441118
83.2530000000002,4022.86616896144
83.2540000000001,4024.04964346256
83.2550000000001,4026.01795761041
83.2560000000001,4025.03783950832
83.2570000000001,4023.1924409204
83.258,4022.2285480026
83.259,4022.26805175173
83.2600000000002,4023.30981781923
83.2610000000002,4025.21706069804
83.2620000000002,4024.20816888244
83.2630000000001,4022.51957085959
83.2640000000001,4021.8132463226
83.2650000000001,4022.1809969635
83.2660000000001,4023.58137277524
83.2670000000001,4025.83378946005
83.268,4025.0495419392
83.269,4023.58538028131
83.2700000000002,4023.01576299522
83.2710000000002,4023.42774007333
83.2720000000002,4024.78463060372
83.2730000000001,4026.91552815825
83.2740000000001,4025.87593352957
83.2750000000001,4024.18368357675
83.2760000000001,4023.35120412422
83.277,4023.47398405766
83.278,4024.526638267
83.2790000000002,4026.35428077592
83.2800000000002,4024.96712805383
83.2810000000002,4023.05879195094
83.2820000000002,4022.09610039033
83.2830000000001,4022.19259423865
83.2840000000001,4023.32786926478
83.2850000000001,4025.33406564141
83.2860000000001,4024.12276267293
83.287,4022.49079253376
83.288,4021.78162577526
83.2890000000002,4022.0595158679
83.2900000000002,4023.2687544401
83.2910000000002,4025.22799685333
83.2920000000001,4023.79466130862
83.2930000000001,4021.95375579675
83.2940000000001,4021.03304901989
83.2950000000001,4021.15750570822
83.296,4022.32489851411
83.297,4024.38746293539
83.298,4023.14180334084
83.2990000000002,4021.69725009152
83.3000000000002,4021.25940737878
83.3010000000002,4021.88444169518
83.3020000000001,4023.49668756786
83.3030000000001,4025.88338549053
83.3040000000001,4024.72962947875
83.3050000000001,4023.27765504858
83.306,4022.67529458501
83.307,4023.0167203557
83.3080000000002,4024.28046621591
83.3090000000002,4026.31226758811
83.3100000000002,4024.78336013159
83.3110000000001,4023.12209144865
83.3120000000001,4022.42183177786
83.3130000000001,4022.77283031938
83.3140000000001,4024.13346508355
83.3150000000001,4026.31923154476
83.316,4024.90329492164
83.317,4023.43447040678
83.3180000000002,4022.91431811354
83.3190000000002,4023.42055338732
83.3200000000002,4024.90544732845
83.3210000000001,4027.18062306834
83.3220000000001,4025.74798298565
83.3230000000001,4024.29587077646
83.3240000000001,4023.74100888895
83.325,4024.14383863839
83.326,4025.43976280097
83.3270000000002,4027.42842874583
83.3280000000002,4025.54347240591
83.3290000000002,4023.6360528372
83.3300000000002,4022.58155180766
83.3310000000001,4022.48442281483
83.3320000000001,4023.33410152351
83.3330000000001,4024.98655487121
83.3340000000001,4022.8600480272
83.335,4020.99053810915
83.336,4020.19581303305
83.3370000000002,4020.56672431793
83.3380000000002,4022.05154011702
83.3390000000002,4024.44048136245
83.3400000000001,4023.00423319362
83.3410000000001,4021.83818850475
83.3420000000001,4021.60608497011
83.3430000000001,4022.3328347636
83.3440000000001,4023.92734904609
83.345,4026.17240661349
83.346,4024.30161090453
83.3470000000002,4022.61306718272
83.3480000000002,4021.7767365328
83.3490000000002,4021.90505311348
83.3500000000001,4022.99176885596
83.3510000000001,4024.88897196897
83.3520000000001,4022.80987701965
83.3530000000001,4021.21385735343
83.354,4020.68090826915
83.355,4021.27547682794
83.3560000000002,4022.92191467472
83.3570000000002,4025.39141416001
83.3580000000002,4023.75517140445
83.3590000000002,4022.54912311929
83.3600000000001,4022.23286636832
83.3610000000001,4022.84711286139
83.3620000000001,4024.31965318893
83.3630000000001,4026.44940878563
83.364,4024.29288306224
83.365,4022.58881622753
83.3660000000002,4021.78247209518
83.3670000000002,4021.9630714717
83.3680000000002,4023.09251541266
83.3690000000001,4024.98589172518
83.3700000000001,4022.65433811364
83.3710000000001,4020.95304391265
83.3720000000001,4020.22589177318
83.373,4020.53019240148
83.374,4021.80300247385
83.375,4023.84779879429
83.3760000000002,4021.87261189341
83.3770000000002,4020.67136131665
83.3780000000002,4020.43000524578
83.3790000000001,4021.10686989003
83.3800000000001,4022.55642608989
83.3810000000001,4024.54905524701
83.3820000000001,4022.59197186359
83.383,4021.44502944992
83.384,4021.25656673323
83.3850000000002,4022.0018122894
83.3860000000002,4023.52982358767
83.3870000000002,4025.51919402761
83.3880000000001,4023.6669635245
83.3890000000001,4022.53138335103
83.3900000000001,4022.18764884058
83.3910000000001,4022.57002986798
83.3920000000001,4023.54229556826
83.393,4024.80150051329
83.394,4022.32467759014
83.3950000000002,4020.75735100285
83.3960000000002,4020.30865635264
83.3970000000002,4020.97838097856
83.3980000000001,4022.59188805183
83.3990000000001,4024.63441277513
83.4000000000001,4023.02852185475
83.4010000000001,4022.02907566472
83.402,4021.58463555268
83.403,4021.5530336184
83.4040000000002,4021.80071860039
83.4050000000002,4022.00242414291
83.4060000000002,4018.71142018686
83.4070000000002,4016.53877867169
83.4080000000001,4015.83972676378
83.4090000000001,4016.68800914538
83.4100000000001,4018.88062932643
83.4110000000001,4021.65344872323
83.412,4021.11874338631
83.413,4020.98086458684
83.4140000000002,4020.85043509489
83.4150000000002,4020.32191940329
83.4160000000002,4019.15471412309
83.4170000000001,4017.0227218574
83.4180000000001,4011.20835150458
83.4190000000001,4006.59490603012
83.4200000000001,4004.08886393525
83.421,4004.25571202139
83.422,4007.17195513819
83.423,4011.88383449087
83.4240000000002,4014.30079737807
83.4250000000002,4016.77309265224
83.4260000000002,4017.1869886522
83.4270000000001,4012.95992091636
83.4280000000001,4001.42324397596
83.4290000000001,3979.7451917004
83.4300000000001,3943.50474563488
83.431,3895.97982618766
83.432,3837.59900421786
83.4330000000002,3769.60672723738
83.4340000000002,3694.01611039448
83.4350000000002,3612.93001676829
83.4360000000001,3526.79652382338
83.4370000000001,3442.66178780682
83.4380000000001,3363.57722395948
83.4390000000001,3291.94603496836
83.4400000000001,3229.4414520153
83.441,3176.42190290868
83.442,3130.72606701419
83.4430000000002,3095.82382281375
83.4440000000002,3070.95195398
83.4450000000002,3054.7507005475
83.4460000000001,3045.49481813865
83.4470000000001,3040.69040808006
83.4480000000001,3036.26241067768
83.4490000000001,3034.28859965821
83.45,3033.44942546003
83.451,3032.5035144692
83.4520000000002,3030.40280722803
83.4530000000002,3025.7063002166
83.4540000000002,3015.87487674793
83.4550000000002,3004.36207299562
83.4560000000001,2991.29902611084
83.4570000000001,2976.772363605
83.4580000000001,2960.86593393742
83.4590000000001,2942.99038068487
83.46,2921.41391589757
83.461,2899.90649898775
83.4620000000002,2878.79869524162
83.4630000000002,2858.22056708685
83.4640000000002,2838.19023032124
83.4650000000001,2817.93931989085
83.4660000000001,2795.70796370764
83.4670000000001,2774.9642048704
83.4680000000001,2755.79318973518
83.4690000000001,2738.06080273855
83.47,2721.51014691125
83.471,2705.05795210085
83.4720000000002,2686.83970834253
83.4730000000002,2670.00353685058
83.4740000000002,2654.4465087566
83.4750000000001,2639.91204422238
83.4760000000001,2626.09494369733
83.4770000000001,2611.89556462935
83.4780000000001,2595.67773313145
83.479,2580.60236949526
83.48,2566.66362638035
83.4810000000002,2553.68035812607
83.4820000000002,2541.38572620954
83.4830000000002,2528.63786923909
83.4840000000002,2513.90321695521
83.4850000000001,2500.17170698498
83.4860000000001,2487.33893111641
83.4870000000001,2475.13922908766
83.4880000000001,2463.25954238898
83.489,2450.53631447205
83.49,2435.65803013524
83.4910000000002,2421.63522293863
83.4920000000002,2408.52482400168
83.4930000000002,2396.24544606807
83.4940000000001,2384.66395660269
83.4950000000001,2372.7867289016
83.4960000000001,2359.55536667719
83.4970000000001,2347.68219551926
83.498,2337.12982090908
83.499,2327.64308425707
83.5,2318.83619277307
83.5010000000002,2309.44824808717
83.5020000000002,2298.24469560507
83.5030000000002,2287.31573840234
83.5040000000001,2276.42847456529
83.5050000000001,2265.28325666178
83.5060000000001,2253.60419439697
83.5070000000001,2240.38192695715
83.508,2224.87061489056
83.509,2209.43053883101
83.5100000000002,2194.27854715105
83.5110000000002,2179.55057742662
83.5120000000002,2165.34282942546
83.5130000000001,2150.89114528681
83.5140000000001,2135.69030301395
83.5150000000001,2121.98842434311
83.5160000000001,2109.80800491529
83.5170000000001,2098.95960065052
83.518,2089.12287908762
83.519,2079.06336137128
83.5200000000002,2067.93268498364
83.5210000000002,2057.51235402444
83.5220000000002,2047.5715901083
83.5230000000001,2037.81602990044
83.5240000000001,2027.97270508641
83.5250000000001,2016.97747341817
83.5260000000001,2004.34104461155
83.527,1992.07964697617
83.528,1980.30458276717
83.5290000000002,1969.01593285469
83.5300000000002,1958.13919193669
83.5310000000002,1946.66912129457
83.5320000000002,1934.13479863761
83.5330000000001,1922.32129051871
83.5340000000001,1911.15137152228
83.5350000000001,1900.44065609524
83.5360000000001,1889.97391219935
83.537,1878.66170935681
83.538,1866.11188417489
83.5390000000002,1854.09833989524
83.5400000000002,1842.65697451959
83.5410000000002,1831.71655530896
83.5420000000001,1821.13054883812
83.5430000000001,1809.79787227126
83.5440000000001,1797.31337594259
83.5450000000001,1785.19247512706
83.546,1773.27333225458
83.547,1761.31242458387
83.548,1749.06670767803
83.5490000000002,1735.45382070199
83.5500000000002,1720.29404848271
83.5510000000002,1705.25871369212
83.5520000000001,1690.50327007566
83.5530000000001,1676.11426167879
83.5540000000001,1662.1241626736
83.5550000000001,1647.62244535834
83.556,1632.52615621554
83.557,1618.26932066466
83.5580000000002,1604.74294361648
83.5590000000002,1591.7095136102
83.5600000000002,1578.88785818768
83.5610000000001,1565.1385820796
83.5620000000001,1550.34681260712
83.5630000000001,1535.89531528073
83.5640000000001,1521.84533870202
83.5650000000001,1508.23287622837
83.566,1495.09575804307
83.567,1481.60380186828
83.5680000000002,1467.93938707563
83.5690000000002,1455.51856485786
83.5700000000002,1444.40116794196
83.5710000000001,1434.52729821611
83.5720000000001,1425.77942824285
83.5730000000001,1417.17129267586
83.5740000000001,1408.79396305034
83.575,1401.86358588663
83.576,1396.38246688353
83.5770000000002,1392.28098989396
83.5780000000002,1389.4550793721
83.5790000000002,1386.93625253901
83.5800000000002,1384.84595696668
83.5810000000001,1384.2493900852
83.5820000000001,1385.02609704344
83.5830000000001,1386.95146089416
83.5840000000001,1389.7518593652
83.585,1392.29845163104
83.586,1394.6186431214
83.5870000000002,1397.59657848198
83.5880000000002,1401.02479381701
83.5890000000002,1404.61797355843
83.5900000000001,1408.05749249171
83.5910000000001,1410.18508091637
83.5920000000001,1411.04158193792
83.5930000000001,1411.42888068326
83.5940000000001,1411.15432873311
83.595,1410.00038003265
83.596,1407.78213591748
83.5970000000002,1403.55263789805
83.5980000000002,1397.65759791601
83.5990000000002,1391.14057235556
83.6000000000001,1384.11906093903
83.6010000000001,1376.65611930673
83.6020000000001,1368.77863170372
83.6030000000001,1359.66073358203
83.604,1349.68792417176
83.605,1339.74983147068
83.6060000000002,1329.79624298813
83.6070000000002,1319.69284317924
83.6080000000002,1309.28184819143
83.6090000000002,1297.61055179737
83.6100000000001,1285.03924676067
83.6110000000001,1272.43900063326
83.6120000000001,1259.88062809841
83.6130000000001,1247.41116044455
83.614,1235.07463822999
83.615,1222.1124607872
83.6160000000002,1209.0269834444
83.6170000000002,1196.66672998646
83.6180000000002,1185.0508461243
83.6190000000001,1174.09491746351
83.6200000000001,1163.6499016214
83.6210000000001,1152.74874976146
83.6220000000001,1141.68504862307
83.623,1131.04840353734
83.624,1120.71302393017
83.625,1110.5220098015
83.6260000000002,1100.32828378493
83.6270000000002,1089.25107904994
83.6280000000002,1077.72430406565
83.6290000000001,1066.44930447377
83.6300000000001,1055.49011660291
83.6310000000001,1044.88590621627
83.6320000000001,1034.6700212304
83.633,1024.11954146534
83.634,1013.77985910584
83.6350000000002,1004.33816864107
83.6360000000002,995.826464241713
83.6370000000002,988.190114344218
83.6380000000001,981.313170921584
83.6390000000001,974.285513117009
83.6400000000001,967.466896207797
83.6410000000001,961.298090004416
83.6420000000001,955.629451489572
83.643,950.278284681093
83.644,945.068764672174
83.6450000000002,939.101568854935
83.6460000000002,932.8541907765
83.6470000000002,926.864121888852
83.6480000000001,921.130920003099
83.6490000000001,915.625653922776
83.6500000000001,910.309998504542
83.6510000000001,904.391097583045
83.652,898.450447097831
83.653,893.005425426302
83.6540000000002,888.018611982419
83.6550000000002,883.399579349121
83.6560000000002,879.044751964145
83.6570000000002,874.103522051297
83.6580000000001,869.170052769581
83.6590000000001,864.746952867482
83.6600000000001,860.831318785128
83.6610000000001,857.381040246421
83.662,854.335921467688
83.663,850.860767516261
83.6640000000002,847.546875247328
83.6650000000002,844.802592214129
83.6660000000002,842.515439766487
83.6670000000001,840.500927951969
83.6680000000001,838.540993677936
83.6690000000001,835.667815908638
83.6700000000001,832.360186573272
83.671,828.926196139127
83.672,825.26464898763
83.673,821.283645505913
83.6740000000002,816.932359071375
83.6750000000002,811.492213286964
83.6760000000002,805.693779625315
83.6770000000001,800.063917477743
83.6780000000001,794.731892156494
83.6790000000001,789.779871735797
83.6800000000001,785.249819112086
83.681,780.445473216313
83.682,775.992729599026
83.6830000000002,772.200486653964
83.6840000000002,768.961331415759
83.6850000000002,766.099154861692
83.6860000000001,763.410646096204
83.6870000000001,760.050558705984
83.6880000000001,756.503196454553
83.6890000000001,752.988245025838
83.6900000000001,749.44393283676
83.691,745.826939493174
83.692,742.130963137518
83.6930000000002,737.801141543254
83.6940000000002,733.506730250773
83.6950000000002,729.561543889893
83.6960000000001,725.944325510108
83.6970000000001,722.540599737507
83.6980000000001,719.164096601965
83.6990000000001,715.038645973917
83.7,710.513983224349
83.701,705.579563624142
83.7020000000002,700.00236792178
83.7030000000002,693.594157966137
83.7040000000002,686.269601090244
83.7050000000002,677.59968606902
83.7060000000001,668.357589201646
83.7070000000001,659.038061437465
83.7080000000001,649.983357711586
83.7090000000001,641.542688646996
83.71,634.055615912998
83.711,627.429357389825
83.7120000000002,622.426705453783
83.7130000000002,619.271330382644
83.7140000000002,617.844944465448
83.7150000000001,617.865561354213
83.7160000000001,618.946631114616
83.7170000000001,620.305365227204
83.7180000000001,622.02593827854
83.7190000000001,623.789418189065
83.72,625.15539206966
83.721,625.744686987069
83.7220000000002,625.295756500563
83.7230000000002,623.354562003897
83.7240000000002,620.466637924197
83.7250000000001,616.850339329493
83.7260000000001,612.639303943195
83.7270000000001,607.991889880714
83.7280000000001,603.09606673244
83.729,597.823701054715
83.73,592.900234693107
83.7310000000002,588.557518260161
83.7320000000002,584.80874234034
83.7330000000002,581.565368919094
83.7340000000002,578.666818842874
83.7350000000001,575.569810248638
83.7360000000001,572.540158369827
83.7370000000001,569.340214949697
83.7380000000001,565.562140091455
83.739,560.770828724348
83.74,554.567845880596
83.7410000000002,546.320080101342
83.7420000000002,536.348387164001
83.7430000000002,524.643544956277
83.7440000000001,511.212407095735
83.7450000000001,496.188473766558
83.7460000000001,479.854871237323
83.7470000000001,462.31973322007
83.748,444.620138107283
83.749,427.361307645954
83.75,411.003153033106
83.7510000000002,395.8944353637
83.7520000000002,382.248779952631
83.7530000000002,369.807512476978
83.7540000000001,358.94573664847
83.7550000000001,349.368597358491
83.7560000000001,340.499205864673
83.7570000000001,331.613574166834
83.758,321.939009373503
83.759,310.444331918636
83.7600000000002,297.032584936959
83.7610000000002,281.319290430731
83.7620000000002,263.063975867256
83.7630000000001,242.276510936787
83.7640000000001,219.245762091807
83.7650000000001,194.229149474616
83.7660000000001,168.468083534741
83.7670000000001,142.845080597192
83.768,118.176196150741
83.769,95.1899076936011
83.7700000000002,74.4796421759264
83.7710000000002,56.189915063765
83.7720000000002,40.9975872840786
83.7730000000001,28.9190270080971
83.7740000000001,19.7118312323239
83.7750000000001,12.9771975935521
83.7760000000001,8.24227153414712
83.777,4.7591584399951
83.778,2.55509963094036
83.7790000000002,1.27323299562093
83.7800000000002,0.579498758047004
83.7810000000002,0.214473852840519
83.7820000000002,0.00697675204226064
83.7830000000001,-0.410770657026871
83.7840000000001,-0.603233400423542
83.7850000000001,-0.585303022176611
83.7860000000001,-0.424880321043848
83.787,-0.206053591406092
83.788,-0.00491371089532295
83.7890000000002,-0.143344793708721
83.7900000000002,-0.185208758470791
83.7910000000002,-0.145604758305725
83.7920000000001,-0.0731024901375827
83.7930000000001,-0.0152106505613015
83.7940000000001,0.000125474735283932
83.7950000000001,-0.29201538359969
83.796,-0.428573214331768
83.797,-0.411613417508616
83.798,-0.291184967061997
83.7990000000002,-0.134357948575442
83.8000000000002,-2.37974115182091e-16
83.8010000000002,-0.177198517339882
